Number of nodes=8
Number of samples=1000
Cut of limit used=0.001
total_score_ges=-408236.62819630967
total_score_pc=-493874.06039994163
total_score_mmhc=-462525.8623542279
total_score_gis=-408465.2658403087
total_score_ske=-469941.83102143236
total_score_true=-408212.19291452615
shd dist ges to true=[17, 20, 23, 20, 19, 18, 20, 20, 15, 19, 21, 19, 22, 15, 23, 20, 20, 19, 16, 14, 18, 14, 22, 19, 22, 10, 21, 23, 20, 19, 18, 14, 13, 17, 12, 11, 11, 18, 16, 13, 7, 19, 19, 22, 16, 22, 15, 21, 22, 7, 10, 14, 23, 18, 10, 17, 18, 24, 18, 17, 21, 15, 15, 21, 10, 19, 19, 19, 18, 27, 20, 18, 15, 19, 19, 8, 11, 20, 19, 23, 19, 23, 20, 22, 10, 22, 15, 19, 13, 21, 15, 20, 16, 20, 16, 18, 27, 23, 15, 25]
shd dist pc to true=[17, 20, 15, 19, 14, 17, 21, 18, 21, 18, 18, 13, 22, 15, 19, 22, 17, 19, 16, 21, 22, 23, 20, 24, 21, 13, 19, 20, 22, 20, 19, 22, 22, 20, 19, 19, 18, 19, 15, 16, 14, 18, 22, 24, 20, 16, 19, 20, 17, 15, 21, 16, 20, 21, 13, 17, 21, 19, 20, 19, 17, 16, 20, 24, 13, 18, 20, 18, 21, 22, 22, 21, 15, 14, 15, 16, 15, 19, 17, 15, 20, 20, 18, 24, 22, 23, 20, 20, 21, 17, 16, 17, 13, 17, 23, 22, 19, 18, 17, 23]
shd dist mmhc to true=[20, 22, 18, 17, 14, 20, 21, 21, 19, 16, 18, 12, 23, 17, 16, 23, 17, 22, 22, 18, 21, 18, 22, 23, 19, 19, 18, 23, 19, 16, 15, 22, 22, 19, 15, 23, 22, 14, 16, 22, 13, 17, 18, 24, 21, 18, 22, 19, 22, 15, 17, 18, 21, 16, 17, 15, 21, 19, 21, 22, 17, 20, 23, 21, 12, 18, 22, 19, 21, 26, 23, 23, 13, 16, 17, 20, 18, 25, 17, 14, 15, 23, 21, 24, 18, 21, 19, 17, 14, 18, 20, 17, 19, 19, 20, 20, 20, 19, 19, 19]
shd dist gis to true=[24, 18, 22, 20, 20, 8, 22, 19, 19, 14, 15, 7, 23, 12, 21, 20, 17, 17, 20, 25, 18, 20, 19, 20, 25, 21, 18, 25, 24, 22, 19, 24, 14, 20, 11, 23, 13, 17, 21, 13, 15, 19, 19, 20, 24, 22, 14, 25, 17, 10, 23, 20, 25, 22, 19, 6, 26, 21, 20, 20, 8, 18, 20, 16, 21, 22, 19, 23, 13, 19, 25, 23, 21, 11, 14, 9, 17, 17, 19, 20, 21, 26, 17, 20, 14, 13, 24, 21, 20, 16, 25, 19, 19, 19, 19, 20, 15, 21, 16, 15]
shd dist ske to true=[22, 22, 13, 17, 13, 15, 21, 21, 16, 16, 19, 12, 24, 17, 17, 23, 13, 19, 17, 18, 16, 22, 19, 24, 22, 15, 17, 22, 21, 18, 16, 21, 22, 22, 19, 20, 23, 17, 20, 16, 17, 20, 22, 20, 19, 17, 22, 20, 18, 18, 20, 12, 17, 16, 17, 16, 21, 18, 19, 20, 17, 18, 17, 23, 17, 20, 19, 16, 23, 25, 23, 20, 14, 17, 17, 19, 13, 22, 16, 16, 19, 23, 21, 24, 16, 20, 21, 18, 16, 21, 20, 16, 18, 16, 21, 20, 20, 19, 18, 22]

score_vector_ges=[-4060.6206356880293, -4128.489037516439, -4178.402330828033, -4082.2666216037924, -3973.1168260146683, -4240.1135540384985, -4158.967676777846, -4036.845445017396, -4089.1044259984833, -4185.518065483937, -4102.533335306992, -3986.551272545288, -4104.074427584809, -4031.937459518166, -4142.686908132906, -4009.2560473928697, -4159.413365588563, -4179.296303842833, -4117.523809849566, -4094.338325103253, -4192.730907194237, -4056.0391982544033, -4046.8545847861105, -4102.978582509105, -4073.775140390472, -4042.2882333701264, -4225.920751292624, -4040.7300263039806, -4119.0206882592165, -4065.378238889683, -4122.134127766932, -4028.013905002166, -4075.510190975619, -4104.307866301972, -4080.6990602652304, -4078.917688071164, -4066.63120211236, -4060.082001024486, -4005.799603846725, -4040.9846734552484, -4029.5441305718086, -4037.4140804297417, -4164.134795737342, -4065.5513350468073, -4057.9963836571396, -4071.3015263755797, -3977.0812712905545, -4169.585515549258, -4155.697454921585, -4094.2155208311674, -4089.1986105188244, -3990.4071438569426, -4123.0134509263835, -4115.236214104946, -4041.3429739195635, -4089.0785635273587, -4035.749315542862, -4041.530973486725, -4152.455195698563, -4051.5410074388606, -4056.5597721373474, -4061.47752518697, -4114.2211696063205, -4322.454374254212, -4103.701565101532, -4190.948950503116, -4123.661262427035, -4087.4214677725195, -4139.580916044407, -4169.72742729857, -4044.870046968149, -3995.7850332051444, -4021.740527460591, -4179.342411261639, -4070.1863113039276, -4046.1565180635466, -4093.5941698760826, -4143.577264919132, -4091.62916604602, -3974.6734981162517, -4027.679502861807, -4018.0240864724415, -4012.938924511526, -3978.8462341613663, -4030.919991960479, -4091.6461816459396, -4028.69422186787, -4120.67685325278, -4037.3564757069857, -3980.443105505376, -4105.026859144957, -4103.849415531754, -4065.911668337982, -4035.689018230286, -4035.595677870244, -4083.0668413440358, -4024.511937251267, -4075.8945571967506, -3996.355688885443, -4110.263569681591]

score_vector_pc=[-4846.083328969169, -5273.821823591519, -4970.623814503073, -5406.786286276537, -4537.464250888631, -4841.238549838856, -4854.315332157232, -5321.537668134543, -4651.619630369955, -5038.7870859803, -4546.794775951797, -4378.977827097263, -4920.355228467734, -4727.882507867479, -4977.894383304739, -5625.791211242814, -4610.529677500367, -4810.096251415257, -4882.020646635617, -4953.282802650421, -4844.9933211848265, -4908.556535529373, -5488.766295072815, -4963.625092219994, -5004.582719360357, -4754.034406999871, -4858.298084697028, -5233.620880465337, -4619.729136402038, -5091.753671778891, -5179.441839295308, -4770.581887239956, -5036.213951529936, -5160.753038472287, -4786.043877914552, -4922.90661368105, -5461.1247839579, -4676.93583137715, -4683.671760967886, -4862.749257183739, -4758.171314778715, -4905.033624544216, -5413.025696119166, -5082.497962104924, -5019.06324239742, -5449.471040502374, -6072.998378499498, -4912.781753247721, -5045.4696089138715, -4612.088249975043, -5017.963090838142, -4439.850968810536, -4503.200154589981, -4559.401999743537, -4865.503266429805, -4420.352305332909, -4523.843320864007, -4673.111407582344, -4719.619793284997, -4863.651687520874, -4341.704906962034, -4690.500886481863, -4877.348980557641, -5949.894697699702, -5115.925732778559, -4610.355552121763, -5499.148412518276, -4644.258920088179, -5549.178108603107, -4587.401035786497, -4917.096583038385, -4652.170741683319, -4581.500308285812, -4789.376996942252, -4836.361399805098, -5310.256861435155, -5127.272927515229, -6029.248833846363, -4574.6788271509095, -4729.78993210729, -4616.652481387267, -4830.244296700319, -5486.055205523223, -4357.787165314889, -4889.925393279634, -5341.612223748343, -4494.206316097504, -5221.707987680627, -4912.733351448412, -5339.037800335158, -4811.461676490372, -4832.762421460018, -4845.575869833444, -4635.236270831529, -5079.274143417828, -4904.929894680999, -4671.776846210237, -5234.966980094986, -4863.482486968766, -5749.776008777012]

score_vector_mmhc=[-4303.769905215889, -4778.081380194082, -4658.170320380527, -4721.610735899137, -4483.7384759350325, -4646.95613161714, -4775.533818023202, -5144.866151959917, -4298.455390576323, -5077.5471259947335, -4505.120818811465, -4370.8034591449, -4896.924504231812, -4461.7476949533575, -4843.779708477618, -4926.829832737876, -4556.158780858327, -4678.678773997215, -4596.620892675732, -4552.256136680257, -4548.1637191143745, -4470.156746929192, -4628.162787335862, -4806.769694020831, -4873.919596161712, -4485.505814524768, -4824.4705232386905, -4219.447143325877, -4709.997461208869, -4742.14407593754, -4760.646178549884, -4694.231165844388, -4572.646989656717, -4473.997891776463, -4409.72233778995, -4827.005824359583, -4583.089645331693, -4305.940362329879, -4487.992234436296, -4809.275908597591, -4382.746244450471, -4440.930590106987, -4482.339058618576, -4684.49471539264, -4732.430834821842, -4443.535516557529, -4402.1208244542295, -4766.194520323223, -4931.51343447709, -4548.08139467325, -4715.359570783805, -4306.855997563365, -4472.3412289895605, -4482.868469997165, -4682.903308293902, -4320.690386598147, -4391.072552242334, -4601.172470947378, -4600.515312559801, -4481.403426181854, -4236.726670953081, -4558.366520986229, -4717.807784291872, -5414.259554481825, -4548.146008863735, -4403.224404174796, -5405.634724683234, -4824.576450185473, -5337.39100997047, -4546.057554139679, -4546.346539358602, -4242.351706908365, -4429.043139332154, -4496.368828323206, -4536.458470952184, -4545.700011310419, -4713.222439129044, -5526.349690574667, -4355.889094046517, -4672.693701379818, -4196.277997713251, -4407.515382448277, -4412.214002614589, -4357.787165314889, -4517.308143042221, -5158.676511493047, -4229.305538553254, -4637.010997960332, -4744.7185879724675, -4911.279955032749, -4487.994697181743, -5008.269980957895, -4752.717494194884, -4301.771927647914, -4499.675322335496, -4598.273724179022, -4541.978127845826, -4552.117172188286, -4381.874552463983, -5391.974772174485]

score_vector_gis=[-4044.1942285081623, -4126.762106587124, -4179.9348597678045, -4076.486579431605, -3985.661481280255, -4243.145451117819, -4162.843606639037, -4046.2217504584523, -4092.5156740967977, -4184.409183045772, -4096.656209975086, -3978.6746168772947, -4098.933059038835, -4025.909662840439, -4147.972265746913, -4014.0955658969624, -4166.158867652678, -4178.639327105216, -4120.807282589277, -4101.84093087006, -4204.9481492823425, -4054.588690689184, -4050.3872432109524, -4099.728162847686, -4072.701874601151, -4056.176935295815, -4222.987609573459, -4043.96146585013, -4122.126398800244, -4068.652950618853, -4133.532246999131, -4034.821457436213, -4086.879462331104, -4105.963156775473, -4088.172105555203, -4078.9886735469468, -4068.9238217558222, -4074.1067796441607, -4007.33983096522, -4046.041870933746, -4035.5369024625634, -4045.912354217895, -4164.134795737342, -4065.7800492087317, -4064.0512466456407, -4066.230883632638, -3979.9373765602095, -4178.954260205751, -4154.982339008959, -4083.3834797228455, -4087.245531240242, -3994.0788044980577, -4122.376293780892, -4124.348778242599, -4061.671449537326, -4083.5166489294497, -4042.021702132431, -4043.189385137831, -4144.347173732489, -4060.0560674572343, -4047.604990564318, -4066.492037670961, -4112.690184136946, -4315.406179726684, -4101.094573763917, -4197.139688545843, -4123.661262427035, -4098.359299440887, -4145.376565110117, -4168.34996670658, -4045.1664967939214, -4012.725175425211, -4035.245020245554, -4183.970196137801, -4066.9103220444185, -4042.98650615954, -4083.1412011814127, -4130.380634603051, -4081.1872807006366, -3983.467511728455, -4026.39781576704, -4028.8532598092133, -4013.778253406016, -3975.8569559244106, -4033.8063354390865, -4090.637886004188, -4037.728519715209, -4122.009007069451, -4044.539611627456, -3987.7302279925316, -4111.064284319539, -4103.210841071394, -4063.3294731648853, -4035.628377697137, -4040.1187975731473, -4086.196167654819, -4033.6606155800405, -4070.5476152798497, -4004.1289474733667, -4120.040636297273]

score_vector_gis_b=[]

score_vector_ges_gis=[]

score_vector_gis_phased_b=[]

score_vector_ske=[-4565.223909202755, -5072.005471874967, -4920.603944003547, -4816.032438588007, -4368.82838261729, -4712.676042596502, -4854.315332157232, -5251.366046986826, -4490.673842960823, -4967.76009013657, -4427.6880443527425, -4298.99135389128, -4810.855399686965, -4157.589220134409, -4670.9659967699035, -5252.740710423452, -4516.534943109264, -4556.961591277213, -4567.479538525331, -4751.076773093115, -4408.547923899955, -4908.306304183866, -4995.200567121406, -4963.625092219995, -4823.382847004066, -4584.789059261813, -4743.185082929446, -4763.479189804815, -4449.28083554367, -4829.942302659533, -4779.991144232151, -4676.211179253045, -4553.803850770062, -4766.440616831731, -4603.079170325885, -4598.468885782644, -4747.305826617826, -4466.2345131776065, -4495.4734448867175, -4544.056628269875, -4341.497972135807, -4763.335429324492, -5024.586988092612, -4749.671374503306, -4871.597553368398, -4668.619584680549, -4769.649222917251, -4912.781753247721, -4939.817754181182, -4474.313323407374, -4937.700765708017, -4186.906008473435, -4532.0894142305115, -4482.868469997165, -4682.903308293902, -4316.991134086228, -4450.44916656374, -4656.5626168073095, -4565.61971851248, -4574.682293687661, -4341.704906962034, -4555.112265424181, -4788.431332358578, -5949.2010524741845, -4583.388874904325, -4605.958928325478, -5332.295756974105, -4790.060204300778, -5222.975454744443, -4428.59328111136, -4767.662301175318, -4529.462284690433, -4487.844450573886, -4389.907216559349, -4794.279265713774, -4816.492481387234, -5075.185167685669, -5687.653440615901, -4419.003000214908, -4378.64561864058, -4291.232630460779, -4619.955974451616, -4563.294310719193, -4357.787165314889, -4419.093794065376, -5347.798097919732, -4654.822665764968, -4837.703649545768, -4755.007146245478, -4797.230013579369, -4545.4166509480765, -4788.948850420126, -4500.806496348083, -4301.553142492163, -4996.8768488766, -4752.203773933053, -4614.05705121193, -4700.651702037608, -4458.998692289854, -5060.7176905879405]

score_vector_opt=[]

score_vector_true=[-4047.090549694032, -4132.189119499417, -4164.93398547403, -4070.6493246715527, -3974.2120630280497, -4238.992644753394, -4160.809503796821, -4041.6473497729944, -4088.67011459956, -4182.790968647524, -4092.921684150881, -3976.7157036443796, -4099.851707448318, -4025.862418798967, -4136.323237714847, -4010.291286167097, -4158.049718516366, -4169.953752555857, -4117.255834228917, -4093.3394323850375, -4191.215200395143, -4060.3341776871794, -4053.582544649194, -4101.548549679719, -4069.6921441129953, -4045.3518280880303, -4227.474191869063, -4039.5615853784457, -4122.635186089409, -4061.595612891562, -4127.9980603244285, -4033.6614659940205, -4083.21750632016, -4114.261294361185, -4072.141335965704, -4085.2655640028265, -4072.5050192635426, -4056.483099408883, -4004.2713998023537, -4043.241768203616, -4030.1970412320475, -4035.0164753693807, -4169.101689310704, -4071.11894364603, -4059.1709062754744, -4062.4605062402206, -3982.255670196487, -4177.888614570435, -4157.839889255909, -4082.1689235227577, -4087.116800477592, -3989.133286158964, -4110.079781657649, -4129.7441151959665, -4051.916958728136, -4084.0624680875617, -4030.4092929776075, -4032.339403618169, -4153.5560134185835, -4059.9560622074723, -4049.6173199655914, -4069.9648652605238, -4115.329880029079, -4321.599588513961, -4095.055615914671, -4194.233257656946, -4128.914898242618, -4078.8745265294574, -4144.995085612147, -4169.108419040107, -4048.6456870752636, -4000.1974755027236, -4021.754936679433, -4177.069062473744, -4066.0075002990907, -4050.1960309607584, -4088.568090451477, -4147.914824472304, -4075.8279268020146, -3971.0974630261117, -4029.0521888855606, -4026.8803584486973, -4007.9627716323384, -3992.8117036069616, -4030.7198178445697, -4101.516607926985, -4025.9703744379444, -4119.563142117557, -4038.275235372842, -3979.788864356965, -4110.993403077068, -4105.6417289452265, -4053.0603009495694, -4034.1794240000895, -4048.5189471394633, -4081.457696683493, -4030.8565582856872, -4061.8178216460983, -3997.209625134578, -4116.823113343693]

step_vector_gis=[32, 38, 31, 35, 31, 32, 35, 33, 32, 37, 26, 46, 45, 42, 35, 33, 27, 33, 35, 40, 35, 34, 36, 36, 35, 40, 34, 33, 37, 35, 32, 35, 29, 35, 30, 36, 37, 31, 34, 37, 35, 34, 33, 33, 40, 33, 38, 33, 27, 31, 34, 32, 38, 40, 37, 32, 34, 39, 39, 33, 32, 37, 35, 43, 36, 37, 36, 34, 34, 29, 33, 31, 38, 31, 27, 39, 40, 33, 31, 32, 38, 35, 35, 35, 37, 32, 32, 41, 34, 32, 34, 32, 37, 36, 32, 37, 32, 32, 34, 36]

step_vector_ske=[7, 4, 6, 3, 3, 4, 3, 2, 5, 4, 4, 5, 9, 8, 5, 2, 5, 6, 2, 5, 4, 3, 7, 0, 5, 5, 4, 11, 4, 4, 6, 5, 6, 4, 7, 4, 5, 6, 4, 7, 4, 2, 4, 3, 0, 3, 7, 3, 1, 8, 3, 8, 4, 2, 2, 8, 4, 4, 2, 2, 0, 6, 6, 6, 5, 6, 2, 1, 4, 5, 1, 3, 5, 6, 2, 5, 2, 1, 3, 6, 5, 4, 0, 1, 2, 4, 3, 4, 3, 2, 8, 1, 4, 5, 4, 6, 2, 6, 8, 4]

step_vector_ges_gis=[]

step_vector_gis_b=[]

step_vector_gis_phased_b=[]

return_dags_vector=[['ges', 'pc', 'mmhc', 'gis', 'ske', 'true'], [[(0, 1), (0, 5), (0, 7), (2, 0), (2, 3), (2, 5), (2, 6), (2, 7), (3, 0), (3, 4), (3, 5), (3, 7), (4, 1), (4, 7), (5, 1), (5, 4), (5, 7), (6, 0), (6, 4), (6, 7), (7, 1)], [(0, 5), (0, 6), (1, 4), (1, 5), (2, 5), (2, 6), (3, 2), (4, 5), (4, 6), (7, 1), (7, 3)], [(0, 2), (0, 5), (1, 4), (1, 5), (1, 7), (3, 2), (4, 3), (4, 5), (5, 2), (6, 0), (6, 2), (6, 4), (7, 3)], [(0, 2), (0, 3), (0, 4), (0, 5), (0, 6), (1, 3), (4, 1), (1, 5), (6, 1), (7, 1), (4, 2), (2, 5), (6, 2), (7, 2), (4, 3), (6, 3), (7, 3), (4, 5), (4, 6), (7, 4)], [(0, 5), (6, 0), (4, 1), (5, 1), (1, 7), (2, 3), (2, 5), (6, 2), (7, 3), (5, 4), (6, 4)], [(1, 0), (1, 4), (1, 5), (2, 0), (2, 4), (2, 5), (2, 6), (3, 0), (3, 2), (3, 4), (3, 5), (3, 6), (3, 7), (5, 0), (5, 4), (5, 6), (6, 0), (7, 0), (7, 1), (7, 4), (7, 5), (7, 6)]], [[(0, 1), (0, 2), (0, 3), (0, 4), (0, 5), (0, 6), (0, 7), (1, 2), (1, 4), (1, 5), (2, 3), (2, 5), (4, 2), (4, 3), (4, 5), (4, 6), (4, 7), (5, 3), (6, 3), (6, 5), (6, 7), (7, 2), (7, 3), (7, 5)], [(0, 2), (0, 4), (0, 6), (1, 4), (3, 5), (3, 7), (4, 6), (4, 7), (6, 3), (7, 5)], [(0, 2), (0, 4), (0, 6), (2, 1), (3, 5), (4, 1), (4, 6), (4, 7), (6, 3), (6, 5), (7, 3), (7, 5)], [(0, 2), (0, 3), (4, 0), (0, 5), (6, 0), (0, 7), (2, 1), (3, 1), (4, 1), (1, 7), (2, 3), (2, 5), (4, 3), (5, 3), (6, 3), (3, 7), (4, 5), (6, 4), (4, 7), (6, 5), (5, 7), (6, 7)], [(0, 2), (4, 0), (6, 0), (4, 1), (3, 5), (3, 6), (7, 3), (4, 6), (7, 4), (7, 5)], [(0, 7), (1, 2), (1, 4), (1, 5), (1, 6), (1, 7), (2, 0), (2, 5), (2, 7), (3, 0), (3, 2), (3, 4), (3, 5), (3, 6), (3, 7), (4, 0), (4, 2), (4, 5), (4, 6), (4, 7), (6, 0), (6, 2), (6, 5), (6, 7), (7, 5)]], [[(0, 7), (1, 0), (1, 3), (1, 4), (1, 5), (1, 6), (1, 7), (2, 3), (2, 4), (2, 5), (2, 7), (3, 0), (3, 7), (4, 0), (4, 3), (4, 5), (4, 7), (5, 0), (5, 7), (6, 4), (6, 5), (6, 7)], [(0, 3), (1, 3), (2, 3), (2, 4), (5, 0), (5, 2), (6, 1), (6, 4), (7, 1), (7, 6)], [(0, 3), (1, 3), (1, 4), (1, 5), (1, 6), (1, 7), (2, 3), (2, 4), (2, 5), (5, 0), (6, 4), (6, 7)], [(1, 0), (0, 2), (3, 0), (4, 0), (5, 0), (0, 7), (1, 3), (1, 4), (5, 1), (1, 6), (1, 7), (3, 2), (4, 2), (5, 2), (7, 2), (5, 3), (3, 6), (3, 7), (4, 6), (4, 7), (5, 6), (5, 7), (6, 7)], [(0, 3), (5, 0), (1, 3), (6, 1), (7, 1), (3, 2), (2, 4), (5, 2), (6, 4), (7, 6)], [(0, 1), (0, 3), (0, 4), (0, 5), (2, 4), (3, 1), (3, 2), (5, 2), (6, 0), (6, 1), (6, 2), (6, 3), (6, 4), (6, 7), (7, 0), (7, 1), (7, 2), (7, 4), (7, 5)]], [[(0, 4), (0, 5), (1, 0), (1, 2), (1, 3), (1, 4), (1, 5), (1, 6), (1, 7), (2, 3), (2, 4), (2, 5), (2, 7), (3, 4), (3, 5), (5, 4), (6, 0), (6, 3), (6, 5), (6, 7), (7, 0), (7, 4), (7, 5)], [(0, 1), (0, 6), (1, 2), (1, 7), (2, 3), (3, 6), (4, 7), (5, 2), (6, 7)], [(0, 1), (0, 5), (0, 6), (2, 3), (3, 1), (5, 2), (5, 4), (6, 3), (6, 7), (7, 4)], [(0, 1), (0, 2), (0, 4), (0, 5), (0, 6), (3, 1), (1, 4), (1, 6), (1, 7), (3, 2), (2, 4), (2, 6), (2, 7), (3, 4), (3, 5), (3, 6), (4, 5), (4, 7), (6, 5), (7, 5), (6, 7)], [(1, 0), (6, 0), (1, 2), (1, 7), (2, 3), (2, 5), (6, 3), (7, 4), (6, 7)], [(0, 1), (2, 0), (2, 1), (2, 3), (2, 4), (2, 5), (2, 6), (2, 7), (3, 4), (3, 6), (3, 7), (4, 1), (5, 0), (5, 4), (5, 6), (6, 0), (7, 0), (7, 1), (7, 4), (7, 6)]], [[(1, 4), (2, 4), (2, 7), (3, 0), (3, 1), (3, 4), (4, 0), (5, 0), (5, 1), (5, 3), (5, 4), (6, 0), (6, 1), (6, 5), (6, 7), (7, 1), (7, 3), (7, 4), (7, 5)], [(0, 2), (0, 3), (0, 5), (1, 3), (2, 4), (3, 4), (4, 5), (7, 0), (7, 1), (7, 2), (7, 5), (7, 6)], [(0, 2), (0, 3), (0, 5), (1, 3), (2, 7), (4, 2), (4, 3), (4, 5), (5, 7), (6, 7), (7, 1)], [(1, 0), (0, 2), (0, 3), (0, 5), (0, 6), (0, 7), (1, 3), (4, 1), (1, 5), (1, 6), (3, 2), (4, 2), (2, 6), (7, 2), (4, 3), (5, 3), (3, 6), (3, 7), (4, 5), (4, 7), (5, 6), (5, 7), (7, 6)], [(2, 0), (0, 3), (0, 5), (0, 7), (3, 1), (7, 1), (2, 4), (2, 7), (3, 4), (4, 5), (7, 5), (6, 7)], [(0, 3), (0, 4), (0, 5), (0, 7), (1, 0), (1, 2), (1, 3), (1, 7), (2, 0), (2, 3), (2, 4), (2, 7), (4, 3), (4, 5), (5, 3), (6, 3), (6, 4), (6, 7), (7, 3), (7, 4), (7, 5)]], [[(0, 7), (1, 2), (1, 3), (1, 4), (1, 6), (1, 7), (2, 0), (2, 4), (2, 5), (2, 6), (2, 7), (3, 5), (3, 6), (3, 7), (4, 0), (4, 3), (4, 5), (4, 6), (4, 7), (5, 6), (5, 7), (6, 0), (6, 7)], [(0, 6), (0, 7), (1, 0), (1, 4), (1, 5), (1, 7), (2, 4), (2, 5), (3, 5), (3, 7), (4, 0), (4, 7), (6, 3)], [(0, 4), (0, 6), (1, 4), (1, 5), (1, 7), (2, 4), (2, 5), (2, 6), (3, 5), (3, 6), (3, 7), (6, 5), (7, 0), (7, 4)], [(1, 0), (0, 2), (0, 3), (0, 6), (0, 7), (1, 2), (1, 4), (5, 1), (1, 6), (1, 7), (2, 3), (2, 4), (5, 2), (2, 6), (2, 7), (4, 3), (5, 3), (6, 3), (7, 3), (5, 4), (6, 4), (7, 4), (5, 7), (6, 7)], [(1, 0), (4, 0), (0, 6), (0, 7), (1, 4), (5, 1), (1, 7), (2, 4), (5, 2), (5, 3), (6, 3), (3, 7), (4, 7)], [(0, 3), (0, 6), (0, 7), (1, 0), (1, 2), (1, 4), (1, 5), (1, 6), (1, 7), (2, 3), (2, 6), (2, 7), (4, 0), (4, 2), (4, 3), (4, 6), (4, 7), (5, 2), (5, 3), (5, 7), (6, 3), (7, 3)]], [[(1, 0), (1, 3), (1, 4), (1, 5), (2, 0), (3, 2), (4, 0), (4, 2), (4, 3), (4, 6), (4, 7), (5, 0), (5, 3), (5, 7), (6, 0), (6, 7), (7, 0), (7, 2), (7, 3)], [(0, 4), (1, 3), (1, 4), (2, 5), (4, 6), (7, 0), (7, 2), (7, 3)], [(0, 4), (0, 6), (1, 3), (1, 4), (1, 5), (2, 5), (2, 7), (3, 5), (4, 6), (7, 0), (7, 3)], [(1, 0), (0, 4), (5, 0), (0, 6), (7, 0), (1, 3), (1, 4), (1, 5), (1, 6), (1, 7), (2, 4), (2, 5), (2, 7), (3, 4), (5, 3), (7, 3), (5, 4), (4, 6), (7, 4), (5, 6), (7, 6)], [(0, 4), (7, 0), (1, 3), (1, 4), (2, 5), (7, 2), (7, 3), (4, 6)], [(0, 1), (0, 7), (1, 7), (2, 0), (2, 1), (2, 3), (2, 4), (2, 5), (2, 7), (3, 0), (3, 1), (3, 5), (3, 7), (4, 0), (4, 1), (4, 5), (4, 7), (5, 7), (6, 4), (6, 5), (6, 7)]], [[(0, 7), (1, 2), (1, 3), (1, 4), (1, 7), (2, 6), (2, 7), (3, 0), (3, 2), (3, 4), (3, 6), (3, 7), (4, 0), (4, 2), (4, 6), (4, 7), (5, 0), (5, 3), (5, 4), (5, 7), (7, 6)], [(0, 3), (0, 7), (1, 3), (1, 7), (2, 7), (3, 5), (3, 7), (4, 0), (4, 5), (6, 2)], [(0, 3), (0, 4), (0, 7), (3, 1), (3, 5), (3, 7), (4, 5), (4, 6), (7, 1), (7, 2)], [(0, 1), (0, 2), (0, 3), (0, 4), (6, 0), (0, 7), (2, 1), (3, 1), (1, 4), (1, 5), (6, 1), (1, 7), (2, 4), (2, 5), (6, 2), (2, 7), (3, 4), (3, 5), (3, 7), (4, 5), (6, 4), (7, 4), (7, 5)], [(0, 3), (0, 4), (7, 0), (1, 3), (7, 1), (2, 6), (7, 2), (3, 5), (7, 3), (4, 5)], [(1, 0), (1, 7), (2, 0), (2, 4), (2, 7), (3, 0), (3, 1), (3, 7), (4, 0), (4, 1), (4, 7), (5, 1), (5, 2), (5, 3), (5, 4), (5, 6), (5, 7), (6, 1), (6, 2), (6, 4), (6, 7), (7, 0)]], [[(0, 1), (2, 1), (2, 4), (2, 5), (2, 6), (2, 7), (3, 0), (3, 1), (3, 4), (3, 5), (4, 0), (4, 1), (4, 5), (4, 7), (5, 0), (5, 1), (6, 0), (6, 1), (6, 3), (6, 5), (7, 0), (7, 1), (7, 5)], [(0, 1), (0, 3), (0, 7), (1, 4), (1, 5), (2, 5), (2, 6), (3, 4), (4, 7), (6, 0), (6, 1)], [(0, 1), (0, 3), (1, 4), (4, 2), (4, 3), (5, 1), (5, 2), (5, 7), (6, 0), (6, 1), (6, 2), (7, 0), (7, 1), (7, 4)], [(1, 0), (0, 3), (5, 0), (6, 0), (7, 0), (1, 3), (1, 4), (1, 5), (1, 6), (1, 7), (2, 3), (2, 4), (2, 5), (2, 6), (4, 3), (5, 3), (7, 3), (5, 4), (6, 4), (7, 4), (5, 7), (6, 7)], [(1, 0), (3, 0), (6, 0), (7, 0), (1, 4), (1, 5), (1, 6), (2, 5), (2, 6), (4, 3), (7, 4)], [(0, 6), (1, 0), (1, 4), (1, 6), (2, 0), (2, 1), (2, 4), (2, 5), (2, 6), (2, 7), (3, 0), (3, 1), (3, 4), (3, 7), (4, 0), (4, 6), (5, 1), (5, 4), (7, 0), (7, 1), (7, 4), (7, 5), (7, 6)]], [[(1, 0), (1, 3), (1, 5), (1, 7), (2, 3), (3, 0), (4, 0), (4, 2), (4, 3), (4, 7), (5, 0), (5, 2), (5, 3), (5, 4), (5, 6), (5, 7), (6, 0), (6, 2), (6, 3), (6, 7), (7, 0), (7, 2)], [(0, 1), (0, 6), (2, 1), (2, 5), (2, 6), (3, 1), (3, 2), (4, 3), (4, 5), (5, 6), (7, 0), (7, 4)], [(0, 6), (1, 2), (1, 3), (1, 7), (2, 3), (2, 5), (2, 6), (4, 3), (4, 7), (5, 4), (7, 0)], [(0, 1), (0, 3), (0, 4), (0, 7), (2, 1), (1, 3), (1, 6), (1, 7), (2, 3), (5, 2), (2, 6), (2, 7), (3, 4), (5, 3), (3, 6), (3, 7), (5, 4), (4, 6), (4, 7), (5, 7), (7, 6)], [(0, 1), (0, 6), (7, 0), (2, 1), (3, 1), (3, 2), (5, 2), (2, 6), (4, 3), (4, 5), (7, 4), (5, 6)], [(0, 1), (0, 2), (0, 4), (0, 5), (0, 6), (0, 7), (1, 2), (1, 5), (1, 7), (2, 6), (2, 7), (3, 1), (3, 2), (3, 4), (3, 5), (3, 6), (4, 6), (4, 7), (5, 2), (5, 4), (5, 6), (5, 7), (6, 7)]], [[(0, 1), (0, 2), (2, 1), (3, 0), (3, 1), (3, 4), (3, 7), (4, 0), (4, 1), (4, 2), (4, 5), (5, 0), (5, 1), (5, 2), (6, 1), (6, 2), (6, 4), (7, 0), (7, 1), (7, 4), (7, 5)], [(0, 2), (0, 3), (0, 4), (1, 2), (1, 3), (2, 5), (2, 7), (3, 4), (3, 7), (4, 5), (5, 7), (6, 4)], [(0, 3), (0, 4), (0, 5), (1, 2), (1, 3), (1, 6), (2, 5), (2, 7), (3, 4), (3, 7), (4, 5), (6, 4), (7, 5)], [(0, 1), (2, 0), (0, 3), (4, 0), (0, 5), (0, 7), (2, 1), (1, 3), (4, 1), (1, 5), (6, 1), (1, 7), (2, 3), (2, 4), (2, 5), (2, 7), (4, 3), (3, 5), (3, 7), (4, 5), (6, 4), (7, 5)], [(0, 2), (0, 3), (0, 4), (1, 2), (1, 3), (2, 5), (2, 7), (3, 4), (3, 7), (4, 5), (6, 4), (7, 5)], [(0, 3), (0, 7), (1, 2), (1, 3), (1, 6), (1, 7), (2, 0), (2, 3), (2, 6), (2, 7), (3, 7), (4, 0), (4, 1), (4, 3), (4, 6), (4, 7), (5, 0), (5, 1), (5, 2), (5, 3), (5, 4), (5, 7)]], [[(0, 3), (1, 0), (1, 2), (1, 3), (1, 5), (1, 6), (1, 7), (2, 0), (2, 5), (2, 6), (2, 7), (3, 7), (4, 0), (4, 3), (4, 6), (4, 7), (5, 4), (5, 6), (5, 7), (6, 0), (6, 3)], [(1, 0), (1, 2), (2, 0), (2, 5), (3, 0), (4, 3), (4, 6), (5, 6), (6, 3), (7, 3), (7, 4)], [(0, 1), (0, 2), (0, 3), (1, 2), (3, 4), (3, 6), (3, 7), (4, 6), (4, 7), (5, 2), (5, 6), (6, 7), (7, 2)], [(1, 0), (3, 0), (5, 0), (0, 6), (1, 2), (5, 1), (3, 2), (5, 2), (2, 6), (7, 2), (3, 4), (5, 3), (3, 6), (7, 3), (4, 6), (7, 4), (5, 6), (7, 5)], [(1, 0), (2, 0), (3, 0), (1, 2), (5, 2), (4, 3), (6, 3), (7, 3), (4, 6), (7, 4), (5, 6)], [(0, 2), (0, 5), (0, 6), (1, 0), (1, 2), (1, 5), (2, 5), (2, 6), (3, 0), (3, 4), (3, 5), (3, 6), (3, 7), (4, 6), (5, 6), (7, 2), (7, 4), (7, 5)]], [[(1, 0), (1, 4), (1, 7), (2, 0), (2, 1), (2, 4), (2, 5), (2, 6), (2, 7), (3, 0), (3, 1), (3, 4), (3, 6), (3, 7), (4, 6), (5, 0), (5, 3), (5, 6), (5, 7), (6, 0), (7, 4), (7, 6)], [(0, 3), (0, 4), (0, 7), (2, 1), (3, 1), (3, 7), (4, 2), (4, 7), (5, 7), (6, 2), (6, 4)], [(1, 2), (1, 3), (2, 6), (3, 0), (4, 0), (4, 2), (4, 6), (5, 7), (7, 0), (7, 3), (7, 4)], [(0, 2), (3, 0), (0, 5), (6, 0), (1, 2), (1, 3), (1, 5), (1, 6), (1, 7), (3, 2), (4, 2), (2, 5), (3, 5), (3, 6), (7, 3), (4, 5), (4, 6), (4, 7), (6, 5), (7, 5), (7, 6)], [(3, 0), (4, 0), (7, 0), (2, 1), (3, 1), (4, 2), (6, 2), (7, 3), (6, 4), (7, 4), (7, 5)], [(0, 3), (1, 0), (1, 3), (1, 5), (1, 7), (2, 0), (2, 1), (2, 3), (2, 4), (2, 6), (3, 7), (4, 1), (4, 3), (4, 6), (5, 3), (5, 7), (6, 0), (6, 1), (6, 3), (6, 5), (6, 7)]], [[(0, 1), (0, 3), (0, 4), (0, 6), (0, 7), (2, 1), (2, 5), (2, 6), (2, 7), (3, 1), (4, 3), (4, 5), (4, 6), (4, 7), (5, 1), (5, 3), (6, 1), (6, 3), (6, 5), (6, 7), (7, 3), (7, 5)], [(0, 4), (0, 6), (0, 7), (1, 2), (1, 3), (1, 7), (2, 5), (3, 4), (3, 5), (3, 6), (5, 7), (6, 7), (7, 4)], [(1, 2), (1, 3), (2, 5), (3, 4), (3, 5), (3, 6), (4, 0), (4, 6), (5, 7), (6, 0), (7, 0), (7, 4), (7, 6)], [(0, 3), (4, 0), (0, 6), (0, 7), (2, 1), (1, 3), (4, 1), (1, 5), (1, 6), (2, 3), (2, 5), (2, 6), (2, 7), (4, 3), (5, 3), (3, 6), (4, 6), (4, 7), (7, 5), (7, 6)], [(4, 0), (6, 0), (7, 0), (1, 2), (1, 3), (7, 1), (2, 5), (4, 3), (3, 5), (6, 3), (7, 4), (7, 5), (7, 6)], [(0, 3), (0, 4), (0, 5), (0, 7), (1, 3), (1, 6), (2, 1), (2, 5), (2, 6), (3, 5), (3, 6), (3, 7), (4, 1), (4, 3), (4, 5), (4, 7), (5, 6), (5, 7), (6, 7)]], [[(0, 1), (0, 6), (2, 1), (2, 4), (2, 5), (2, 6), (3, 0), (3, 1), (3, 2), (3, 4), (3, 5), (3, 6), (4, 0), (4, 6), (5, 0), (5, 1), (5, 6), (7, 0), (7, 1), (7, 2), (7, 4), (7, 5), (7, 6)], [(0, 1), (0, 4), (0, 6), (1, 5), (1, 6), (2, 4), (2, 6), (3, 0), (3, 4), (4, 7), (5, 2), (5, 7), (6, 7)], [(0, 6), (1, 0), (2, 4), (2, 5), (2, 6), (3, 0), (3, 4), (4, 0), (4, 7), (5, 0), (5, 1), (6, 7)], [(0, 1), (2, 0), (3, 0), (4, 0), (5, 0), (6, 0), (0, 7), (3, 1), (4, 1), (5, 1), (6, 1), (1, 7), (4, 2), (5, 2), (6, 2), (2, 7), (3, 4), (5, 3), (6, 3), (3, 7), (5, 4), (4, 7), (6, 5), (5, 7), (6, 7)], [(1, 0), (3, 0), (0, 4), (6, 0), (5, 1), (6, 1), (2, 4), (2, 5), (6, 2), (3, 4), (7, 4), (5, 7), (6, 7)], [(0, 3), (1, 0), (1, 3), (1, 5), (2, 0), (2, 1), (2, 3), (2, 4), (2, 5), (4, 0), (4, 3), (4, 5), (4, 7), (5, 0), (6, 0), (6, 1), (6, 2), (6, 3), (6, 7), (7, 3), (7, 5)]], [[(1, 2), (1, 4), (1, 5), (1, 6), (2, 0), (3, 0), (3, 2), (3, 6), (4, 2), (4, 3), (4, 6), (5, 0), (5, 2), (6, 2), (6, 5), (7, 0), (7, 2), (7, 3), (7, 5), (7, 6)], [(1, 2), (2, 4), (3, 6), (4, 6), (6, 5), (7, 0), (7, 2)], [(1, 2), (1, 4), (1, 6), (2, 3), (4, 2), (5, 4), (5, 6), (6, 0), (6, 3), (6, 4), (7, 0), (7, 2)], [(0, 2), (0, 3), (0, 4), (6, 0), (0, 7), (1, 2), (1, 4), (1, 6), (1, 7), (4, 2), (5, 2), (6, 2), (2, 7), (3, 4), (5, 3), (6, 3), (3, 7), (5, 4), (6, 4), (4, 7), (5, 6), (5, 7), (6, 7)], [(7, 0), (1, 2), (4, 2), (7, 2), (6, 3), (6, 4), (6, 5)], [(0, 7), (2, 0), (2, 1), (3, 0), (3, 1), (3, 2), (3, 5), (3, 6), (3, 7), (4, 0), (4, 1), (4, 2), (4, 6), (4, 7), (5, 0), (5, 2), (5, 4), (5, 6), (5, 7), (6, 0), (6, 1), (6, 2), (6, 7), (7, 1)]], [[(0, 3), (0, 4), (0, 5), (1, 4), (1, 7), (2, 1), (2, 4), (2, 5), (2, 7), (3, 1), (3, 5), (3, 6), (4, 5), (6, 1), (6, 2), (7, 4), (7, 5)], [(0, 4), (0, 5), (1, 3), (1, 4), (2, 4), (2, 5), (2, 6), (3, 0), (6, 3), (7, 2), (7, 5)], [(0, 4), (0, 5), (1, 4), (2, 4), (2, 5), (2, 6), (2, 7), (3, 0), (3, 1), (6, 3), (7, 5)], [(0, 1), (0, 3), (0, 4), (5, 0), (0, 7), (1, 2), (1, 3), (1, 6), (1, 7), (2, 3), (2, 4), (5, 2), (2, 6), (7, 2), (3, 4), (3, 6), (5, 4), (7, 4), (5, 7)], [(3, 0), (0, 4), (0, 5), (3, 1), (1, 4), (4, 2), (2, 5), (2, 6), (7, 2), (3, 6), (7, 5)], [(1, 2), (1, 4), (1, 6), (1, 7), (2, 0), (2, 6), (3, 0), (3, 1), (3, 4), (3, 5), (3, 6), (3, 7), (4, 0), (4, 2), (5, 0), (5, 2), (7, 2), (7, 5)]], [[(0, 1), (0, 3), (0, 5), (0, 6), (1, 6), (1, 7), (2, 0), (2, 1), (2, 3), (2, 5), (2, 6), (2, 7), (3, 6), (4, 0), (4, 1), (4, 3), (4, 6), (4, 7), (5, 1), (5, 3), (5, 6), (5, 7), (7, 3), (7, 6)], [(0, 2), (0, 4), (0, 6), (1, 6), (2, 3), (3, 6), (3, 7), (4, 7), (5, 0), (5, 1), (6, 7)], [(0, 2), (0, 4), (0, 5), (0, 6), (1, 6), (2, 3), (5, 1), (6, 3), (7, 3), (7, 6)], [(0, 1), (2, 0), (0, 3), (4, 0), (5, 0), (6, 0), (7, 0), (2, 1), (3, 1), (4, 1), (5, 1), (6, 1), (7, 1), (2, 3), (2, 5), (4, 3), (5, 3), (7, 3), (4, 5), (4, 6), (4, 7), (5, 6), (6, 7)], [(2, 0), (4, 0), (0, 5), (0, 6), (5, 1), (1, 6), (2, 3), (6, 3), (7, 3), (7, 4), (7, 6)], [(1, 0), (2, 0), (2, 6), (2, 7), (3, 0), (3, 1), (3, 2), (3, 4), (3, 6), (3, 7), (4, 0), (4, 1), (5, 0), (5, 1), (5, 2), (5, 4), (5, 7), (6, 0), (6, 1), (6, 7), (7, 0), (7, 4)]], [[(0, 2), (0, 4), (0, 5), (0, 6), (1, 2), (1, 4), (1, 6), (2, 3), (2, 4), (2, 7), (3, 4), (5, 1), (5, 2), (5, 3), (5, 4), (6, 3), (6, 4), (7, 3), (7, 4), (7, 6)], [(0, 6), (1, 2), (1, 4), (2, 4), (2, 5), (3, 2), (3, 5), (4, 6), (5, 0), (7, 4)], [(0, 6), (1, 2), (1, 7), (2, 3), (2, 4), (2, 5), (3, 5), (4, 6), (4, 7), (5, 0), (7, 6)], [(0, 2), (5, 0), (0, 7), (1, 2), (1, 3), (4, 1), (1, 6), (1, 7), (2, 3), (4, 2), (5, 2), (2, 6), (4, 3), (5, 3), (6, 3), (7, 3), (5, 4), (4, 6), (4, 7), (5, 6), (6, 7)], [(5, 0), (0, 6), (1, 2), (1, 4), (2, 3), (4, 2), (2, 5), (5, 3), (4, 6), (7, 4)], [(0, 2), (0, 5), (1, 2), (1, 4), (3, 0), (3, 1), (3, 2), (3, 4), (3, 5), (3, 6), (3, 7), (4, 2), (5, 2), (5, 4), (6, 0), (6, 1), (6, 2), (6, 4), (6, 7), (7, 4), (7, 5)]], [[(0, 1), (0, 4), (0, 5), (0, 6), (0, 7), (1, 4), (1, 5), (2, 1), (2, 3), (2, 4), (2, 5), (4, 3), (5, 3), (6, 3), (6, 4), (6, 5), (6, 7), (7, 2), (7, 4), (7, 5)], [(0, 6), (1, 4), (2, 1), (2, 7), (3, 2), (3, 5), (4, 6), (4, 7), (5, 0), (5, 7), (6, 7)], [(0, 1), (0, 5), (0, 6), (0, 7), (2, 1), (2, 3), (4, 1), (4, 6), (5, 3), (5, 7), (6, 7), (7, 2)], [(1, 0), (2, 0), (0, 3), (4, 0), (5, 0), (6, 0), (0, 7), (1, 2), (4, 1), (1, 5), (6, 1), (1, 7), (2, 3), (4, 2), (2, 5), (4, 3), (5, 3), (6, 3), (7, 3), (6, 4), (4, 7), (6, 5), (5, 7), (6, 7)], [(0, 5), (0, 6), (2, 1), (4, 1), (2, 3), (7, 2), (5, 3), (4, 6), (4, 7), (7, 5), (6, 7)], [(0, 1), (0, 4), (0, 5), (0, 6), (2, 0), (2, 1), (2, 7), (3, 0), (3, 2), (3, 4), (3, 5), (3, 7), (4, 1), (5, 1), (5, 4), (6, 4), (6, 5), (7, 0), (7, 1), (7, 5), (7, 6)]], [[(0, 6), (1, 0), (1, 6), (2, 0), (2, 1), (2, 3), (2, 4), (2, 6), (3, 0), (3, 1), (3, 4), (4, 1), (4, 6), (5, 1), (5, 2), (7, 0), (7, 1), (7, 2), (7, 3)], [(0, 6), (0, 7), (1, 0), (1, 2), (1, 4), (1, 5), (1, 6), (2, 6), (2, 7), (3, 2), (3, 4), (3, 5), (4, 2), (4, 6)], [(0, 1), (0, 6), (0, 7), (1, 2), (1, 4), (1, 5), (1, 6), (2, 6), (3, 2), (4, 3), (4, 6), (5, 3), (7, 2)], [(0, 1), (2, 0), (0, 4), (0, 5), (0, 6), (0, 7), (2, 1), (1, 4), (1, 5), (6, 1), (1, 7), (3, 2), (2, 4), (2, 5), (2, 6), (2, 7), (3, 4), (3, 5), (3, 6), (3, 7), (5, 4), (6, 4), (7, 4), (6, 5), (5, 7)], [(1, 0), (0, 6), (7, 0), (2, 1), (4, 1), (5, 1), (1, 6), (3, 2), (2, 4), (2, 6), (7, 2), (3, 4), (5, 3), (4, 6)], [(0, 1), (0, 4), (0, 5), (2, 1), (2, 4), (3, 0), (3, 1), (3, 2), (3, 6), (4, 1), (5, 1), (6, 0), (6, 1), (6, 2), (6, 4), (6, 5), (7, 0), (7, 2), (7, 4), (7, 5), (7, 6)]], [[(0, 2), (0, 3), (0, 5), (1, 0), (1, 2), (1, 3), (1, 5), (1, 6), (1, 7), (4, 0), (4, 2), (4, 5), (4, 7), (5, 2), (6, 2), (6, 4), (6, 5), (6, 7), (7, 0), (7, 2), (7, 3)], [(0, 7), (1, 6), (1, 7), (2, 6), (2, 7), (3, 1), (3, 6), (4, 0), (4, 7), (5, 0), (5, 1), (5, 3)], [(0, 2), (0, 7), (1, 3), (1, 5), (1, 6), (1, 7), (2, 7), (4, 0), (4, 2), (4, 7), (5, 0), (6, 2), (6, 4)], [(1, 0), (2, 0), (3, 0), (4, 0), (5, 0), (2, 1), (3, 1), (4, 1), (5, 1), (7, 1), (2, 4), (2, 5), (2, 6), (2, 7), (3, 4), (3, 5), (4, 6), (4, 7), (5, 6), (6, 7)], [(4, 0), (5, 0), (0, 7), (1, 3), (1, 5), (1, 6), (1, 7), (2, 6), (2, 7), (3, 5), (6, 3), (4, 7)], [(0, 1), (0, 2), (0, 5), (0, 7), (1, 5), (2, 1), (2, 5), (3, 0), (3, 1), (3, 2), (3, 7), (4, 0), (4, 1), (4, 2), (4, 5), (4, 7), (6, 1), (6, 2), (6, 3), (6, 4), (6, 5), (7, 1), (7, 2), (7, 5)]], [[(0, 2), (0, 3), (0, 4), (0, 5), (1, 2), (1, 4), (1, 6), (2, 4), (2, 6), (3, 1), (3, 4), (3, 6), (5, 1), (5, 2), (5, 3), (5, 6), (6, 4), (7, 2), (7, 3), (7, 4), (7, 6)], [(0, 2), (0, 5), (1, 7), (2, 7), (3, 6), (3, 7), (4, 0), (5, 1), (5, 6)], [(0, 2), (0, 4), (1, 5), (3, 4), (5, 0), (5, 2), (5, 6), (6, 3), (7, 2), (7, 3), (7, 6)], [(0, 2), (0, 4), (5, 0), (0, 6), (0, 7), (1, 2), (1, 3), (1, 4), (5, 1), (3, 2), (2, 4), (5, 2), (6, 2), (7, 2), (3, 4), (3, 6), (3, 7), (6, 4), (7, 4), (5, 6), (5, 7), (7, 6)], [(0, 2), (0, 4), (5, 0), (5, 1), (1, 7), (7, 2), (6, 3), (3, 7), (6, 5)], [(0, 1), (0, 2), (0, 3), (0, 4), (0, 5), (0, 6), (0, 7), (1, 2), (1, 3), (1, 5), (1, 6), (1, 7), (2, 7), (3, 2), (3, 5), (3, 6), (3, 7), (4, 3), (4, 6), (4, 7), (5, 2), (5, 7), (6, 5), (6, 7)]], [[(1, 0), (1, 3), (1, 4), (1, 5), (2, 1), (2, 3), (2, 4), (2, 5), (2, 7), (3, 0), (3, 4), (3, 5), (3, 7), (4, 0), (4, 7), (5, 0), (6, 0), (6, 1), (6, 4), (6, 5), (6, 7), (7, 0), (7, 5)], [(0, 3), (0, 7), (1, 3), (1, 6), (2, 1), (2, 3), (4, 2), (5, 0), (5, 6), (5, 7), (6, 7)], [(0, 3), (0, 5), (0, 7), (1, 3), (2, 1), (2, 3), (2, 4), (4, 1), (5, 6), (5, 7), (6, 1), (6, 7)], [(1, 0), (0, 3), (0, 4), (5, 0), (0, 6), (0, 7), (1, 2), (1, 3), (1, 4), (1, 6), (3, 2), (2, 4), (5, 2), (2, 6), (3, 4), (3, 6), (3, 7), (6, 4), (7, 4), (5, 6), (5, 7), (6, 7)], [(0, 3), (5, 0), (0, 7), (1, 2), (1, 3), (1, 6), (2, 3), (2, 4), (5, 6), (5, 7), (6, 7)], [(1, 0), (1, 2), (3, 0), (3, 1), (3, 2), (4, 0), (4, 1), (4, 2), (4, 3), (5, 0), (5, 2), (5, 3), (5, 4), (5, 6), (5, 7), (6, 0), (6, 1), (6, 3), (6, 4), (7, 0), (7, 2), (7, 3), (7, 4), (7, 6)]], [[(1, 0), (1, 2), (1, 3), (1, 6), (1, 7), (2, 0), (2, 3), (2, 5), (2, 6), (3, 0), (4, 2), (4, 5), (5, 0), (5, 3), (6, 0), (6, 3), (6, 5), (7, 0), (7, 2), (7, 4), (7, 5), (7, 6)], [(0, 1), (0, 2), (0, 3), (1, 2), (1, 5), (1, 7), (2, 3), (3, 6), (4, 3), (4, 5), (4, 7), (5, 6)], [(0, 6), (1, 0), (1, 2), (1, 5), (1, 6), (1, 7), (2, 3), (3, 0), (3, 4), (3, 6), (4, 5), (4, 7)], [(0, 1), (0, 3), (0, 5), (0, 6), (1, 2), (1, 3), (4, 1), (1, 5), (1, 6), (7, 1), (2, 3), (4, 2), (5, 2), (6, 2), (7, 2), (5, 3), (6, 3), (7, 3), (4, 5), (4, 6), (7, 4), (5, 6), (7, 6)], [(0, 1), (0, 2), (0, 3), (1, 2), (1, 5), (7, 1), (2, 3), (4, 3), (6, 3), (4, 5), (7, 4), (5, 6)], [(0, 1), (0, 7), (1, 7), (2, 0), (2, 5), (2, 6), (2, 7), (3, 0), (3, 1), (3, 2), (3, 4), (3, 5), (3, 6), (3, 7), (4, 0), (4, 1), (4, 5), (4, 7), (5, 1), (5, 7), (6, 1), (6, 5), (6, 7)]], [[(1, 0), (1, 2), (1, 3), (1, 4), (1, 6), (3, 2), (3, 4), (4, 0), (4, 2), (4, 6), (4, 7), (5, 0), (5, 2), (5, 4), (5, 6), (5, 7), (6, 0), (6, 2), (7, 2), (7, 6)], [(0, 4), (1, 0), (2, 1), (2, 3), (3, 4), (5, 0), (5, 7), (6, 0), (6, 4), (7, 4), (7, 6)], [(0, 1), (0, 4), (0, 5), (0, 6), (1, 2), (2, 3), (4, 3), (4, 6), (4, 7), (7, 5), (7, 6)], [(1, 0), (2, 0), (0, 3), (4, 0), (0, 5), (0, 6), (2, 1), (1, 3), (4, 1), (1, 6), (1, 7), (2, 3), (2, 5), (2, 6), (4, 3), (3, 5), (6, 3), (7, 3), (4, 7), (6, 5), (7, 5), (7, 6)], [(1, 0), (0, 4), (5, 0), (0, 6), (1, 2), (2, 3), (4, 3), (4, 6), (4, 7), (5, 7), (7, 6)], [(1, 0), (1, 4), (1, 6), (2, 1), (2, 3), (2, 6), (2, 7), (3, 1), (3, 4), (3, 6), (3, 7), (4, 0), (4, 7), (5, 0), (5, 4), (5, 6), (5, 7), (6, 0), (6, 4), (6, 7)]], [[(0, 1), (0, 2), (0, 3), (0, 5), (0, 7), (1, 4), (1, 5), (1, 7), (2, 1), (2, 3), (2, 5), (2, 7), (3, 1), (3, 4), (3, 5), (3, 7), (4, 5), (6, 2), (6, 3), (6, 4), (6, 5), (7, 5)], [(0, 7), (1, 0), (1, 3), (1, 5), (2, 0), (2, 7), (3, 4), (3, 7), (4, 5), (6, 3), (6, 4)], [(0, 1), (0, 2), (0, 7), (1, 3), (1, 5), (2, 7), (3, 4), (5, 4), (6, 3), (6, 4), (7, 3)], [(0, 1), (0, 2), (0, 5), (0, 7), (2, 1), (1, 3), (5, 1), (6, 1), (2, 5), (7, 2), (3, 4), (5, 3), (6, 3), (7, 3), (5, 4), (6, 4), (7, 4), (6, 5), (7, 5), (6, 7)], [(1, 0), (2, 0), (0, 7), (1, 3), (1, 5), (2, 7), (3, 4), (6, 3), (7, 3), (5, 4), (6, 4)], [(0, 2), (1, 0), (1, 2), (1, 3), (4, 1), (4, 3), (4, 5), (4, 7), (5, 1), (5, 2), (5, 3), (5, 7), (6, 0), (6, 2), (6, 3), (6, 4), (6, 5), (6, 7), (7, 0), (7, 1), (7, 2), (7, 3)]], [[(1, 0), (1, 2), (1, 3), (1, 6), (2, 3), (2, 4), (2, 5), (2, 6), (3, 4), (3, 5), (3, 6), (5, 0), (5, 4), (5, 6), (6, 0), (6, 4), (7, 0), (7, 2), (7, 3), (7, 4), (7, 6)], [(0, 1), (0, 6), (0, 7), (1, 2), (1, 3), (2, 5), (2, 6), (3, 5), (3, 6), (3, 7), (6, 4)], [(0, 7), (1, 0), (1, 2), (1, 3), (3, 5), (3, 7), (4, 5), (4, 6), (5, 2), (6, 0), (6, 2), (6, 3), (6, 5), (7, 2)], [(1, 0), (5, 0), (6, 0), (0, 7), (1, 2), (1, 3), (1, 5), (1, 6), (1, 7), (3, 2), (4, 2), (5, 2), (6, 2), (7, 2), (4, 3), (5, 3), (6, 3), (7, 3), (4, 5), (4, 6), (4, 7), (5, 7), (6, 7)], [(1, 0), (6, 0), (0, 7), (1, 2), (1, 3), (5, 2), (6, 2), (5, 3), (3, 6), (3, 7), (6, 4)], [(0, 1), (0, 2), (0, 4), (0, 5), (0, 6), (0, 7), (2, 1), (2, 6), (3, 1), (3, 6), (4, 2), (4, 5), (4, 6), (4, 7), (5, 1), (5, 2), (5, 3), (5, 6), (6, 1), (7, 1), (7, 2), (7, 3), (7, 5)]], [[(0, 2), (0, 4), (0, 5), (1, 0), (1, 3), (1, 6), (1, 7), (2, 5), (3, 0), (3, 2), (3, 4), (4, 2), (4, 5), (6, 3), (6, 4), (6, 5), (7, 0), (7, 2), (7, 3), (7, 4)], [(0, 2), (0, 3), (0, 5), (0, 7), (1, 3), (1, 4), (1, 7), (2, 4), (5, 2), (6, 3), (6, 4), (7, 3)], [(0, 2), (0, 3), (0, 5), (0, 7), (1, 3), (1, 7), (2, 5), (4, 2), (4, 6), (7, 3)], [(0, 1), (0, 2), (0, 3), (4, 0), (0, 5), (6, 0), (7, 0), (1, 2), (1, 3), (6, 1), (7, 1), (2, 3), (4, 2), (2, 5), (6, 2), (4, 3), (6, 3), (7, 3), (4, 5), (6, 4), (6, 5)], [(0, 2), (0, 3), (0, 5), (0, 7), (1, 3), (1, 4), (1, 7), (4, 2), (2, 5), (6, 3), (7, 3), (4, 6)], [(0, 2), (1, 0), (1, 3), (1, 6), (3, 0), (3, 2), (3, 4), (3, 6), (4, 2), (4, 6), (5, 0), (5, 1), (5, 2), (5, 3), (5, 4), (5, 6), (5, 7), (7, 0), (7, 1), (7, 3), (7, 4), (7, 6)]], [[(0, 1), (0, 2), (0, 4), (0, 5), (0, 6), (0, 7), (1, 2), (1, 5), (1, 7), (2, 5), (3, 2), (3, 5), (3, 6), (3, 7), (4, 1), (4, 2), (4, 7), (6, 2), (6, 4), (6, 5), (7, 2)], [(0, 5), (0, 6), (1, 4), (1, 7), (2, 4), (2, 5), (3, 2), (3, 5), (3, 7), (4, 6), (6, 7)], [(0, 5), (0, 6), (1, 4), (2, 5), (3, 2), (3, 5), (3, 7), (4, 2), (6, 2), (6, 4), (7, 1)], [(0, 1), (0, 2), (0, 4), (0, 5), (0, 6), (0, 7), (1, 2), (4, 1), (1, 5), (1, 6), (1, 7), (3, 2), (4, 2), (2, 5), (2, 6), (2, 7), (3, 4), (3, 5), (3, 6), (3, 7), (4, 6), (6, 5), (7, 6)], [(0, 5), (6, 0), (1, 4), (1, 7), (3, 2), (4, 2), (2, 5), (3, 5), (7, 3), (6, 4), (6, 7)], [(1, 0), (2, 0), (3, 1), (3, 2), (3, 5), (4, 1), (4, 2), (4, 5), (4, 6), (4, 7), (5, 0), (5, 1), (5, 2), (6, 0), (6, 2), (6, 5), (6, 7), (7, 0), (7, 1), (7, 3), (7, 5)]], [[(1, 0), (1, 3), (1, 6), (2, 3), (2, 4), (2, 7), (3, 0), (3, 4), (4, 0), (5, 0), (5, 1), (5, 4), (5, 6), (6, 3), (6, 4), (7, 0), (7, 1), (7, 3), (7, 6)], [(0, 3), (0, 7), (1, 5), (1, 7), (2, 4), (3, 1), (3, 6), (4, 5), (4, 6), (5, 6), (6, 7)], [(0, 1), (0, 3), (0, 7), (1, 5), (1, 7), (2, 4), (2, 6), (3, 1), (3, 6), (5, 4), (6, 4), (6, 5), (6, 7)], [(0, 1), (0, 2), (0, 3), (0, 4), (0, 7), (2, 1), (3, 1), (4, 1), (5, 1), (7, 1), (2, 3), (2, 4), (2, 5), (6, 2), (4, 3), (3, 5), (6, 3), (7, 3), (4, 5), (6, 4), (7, 4), (6, 5), (7, 5), (6, 7)], [(0, 3), (0, 7), (3, 1), (1, 5), (1, 7), (2, 4), (6, 3), (5, 4), (6, 4), (6, 5), (6, 7)], [(0, 2), (0, 4), (1, 0), (1, 2), (1, 4), (1, 5), (1, 7), (2, 4), (3, 0), (3, 1), (3, 2), (3, 4), (3, 7), (5, 4), (6, 0), (6, 2), (6, 3), (6, 4), (6, 5), (6, 7), (7, 0), (7, 2), (7, 4)]], [[(0, 2), (1, 2), (1, 3), (1, 4), (1, 5), (3, 0), (3, 2), (3, 4), (4, 0), (4, 2), (5, 2), (5, 3), (5, 4), (6, 0), (6, 1), (6, 2), (6, 3), (6, 4), (7, 0), (7, 1), (7, 2), (7, 4)], [(0, 3), (0, 7), (1, 2), (1, 7), (2, 5), (4, 2), (4, 7), (5, 3), (6, 1), (6, 3)], [(0, 7), (1, 2), (1, 6), (1, 7), (2, 5), (3, 0), (4, 2), (4, 6), (4, 7), (5, 3), (6, 3)], [(0, 2), (0, 3), (0, 5), (0, 6), (0, 7), (1, 2), (1, 3), (4, 1), (6, 1), (7, 1), (4, 2), (2, 5), (6, 2), (7, 2), (4, 3), (3, 5), (6, 3), (7, 3), (4, 5), (4, 6), (4, 7), (6, 5), (7, 5)], [(3, 0), (7, 0), (1, 2), (6, 1), (7, 1), (4, 2), (2, 5), (5, 3), (6, 3), (7, 4)], [(1, 0), (1, 2), (1, 3), (1, 4), (1, 6), (1, 7), (2, 0), (3, 0), (3, 2), (3, 4), (3, 6), (4, 2), (5, 0), (5, 1), (5, 2), (5, 3), (5, 4), (5, 6), (6, 2), (6, 4), (6, 7), (7, 0), (7, 2), (7, 4)]], [[(0, 1), (0, 2), (0, 3), (1, 4), (1, 5), (2, 1), (2, 3), (2, 4), (2, 5), (3, 4), (3, 5), (5, 4), (6, 2), (6, 3), (6, 4), (6, 5), (6, 7), (7, 1), (7, 2), (7, 3), (7, 4)], [(0, 2), (0, 3), (1, 4), (1, 7), (2, 1), (2, 6), (3, 4), (3, 6), (4, 7), (5, 3), (5, 4), (6, 7)], [(1, 2), (1, 4), (1, 7), (2, 0), (3, 0), (3, 5), (3, 6), (4, 3), (4, 5), (4, 7), (6, 2), (7, 6)], [(0, 1), (0, 2), (0, 3), (0, 4), (0, 5), (0, 6), (1, 2), (4, 1), (1, 5), (1, 6), (7, 1), (3, 2), (4, 2), (5, 2), (6, 2), (7, 2), (4, 3), (3, 5), (3, 6), (7, 3), (4, 5), (4, 6), (7, 4), (7, 5), (7, 6)], [(2, 0), (3, 0), (1, 2), (1, 4), (7, 1), (6, 2), (3, 4), (3, 5), (3, 6), (4, 5), (7, 4), (7, 6)], [(0, 1), (0, 2), (0, 3), (0, 4), (0, 5), (2, 1), (3, 1), (3, 2), (4, 1), (4, 2), (4, 3), (4, 5), (5, 1), (5, 2), (5, 3), (6, 2), (6, 3), (6, 4), (6, 5), (6, 7), (7, 1), (7, 2), (7, 4), (7, 5)]], [[(0, 1), (0, 3), (0, 4), (0, 5), (0, 7), (1, 2), (1, 5), (1, 7), (2, 4), (3, 1), (3, 2), (3, 4), (3, 5), (3, 7), (5, 4), (6, 1), (6, 2), (6, 4), (6, 7), (7, 2), (7, 4), (7, 5)], [(0, 4), (0, 5), (2, 1), (2, 5), (3, 5), (3, 7), (4, 2), (4, 6), (6, 1), (6, 7)], [(0, 4), (0, 5), (1, 6), (2, 1), (2, 7), (3, 5), (3, 7), (4, 2), (4, 6), (5, 2), (6, 7)], [(1, 0), (4, 0), (0, 5), (0, 6), (7, 0), (1, 2), (1, 4), (1, 6), (1, 7), (3, 2), (4, 2), (2, 5), (2, 6), (7, 2), (3, 4), (3, 5), (3, 6), (3, 7), (4, 5), (4, 6), (5, 6), (7, 5), (7, 6)], [(4, 0), (5, 0), (2, 1), (1, 6), (4, 2), (5, 2), (5, 3), (7, 3), (4, 6), (6, 7)], [(0, 2), (0, 4), (1, 2), (3, 0), (3, 2), (3, 4), (3, 5), (3, 7), (4, 1), (4, 2), (5, 0), (5, 1), (5, 2), (5, 4), (6, 0), (6, 1), (6, 2), (6, 4), (6, 5), (6, 7), (7, 0), (7, 1), (7, 2), (7, 4), (7, 5)]], [[(0, 4), (1, 0), (1, 3), (1, 4), (1, 5), (1, 6), (1, 7), (2, 0), (2, 4), (2, 5), (3, 4), (3, 7), (5, 0), (5, 3), (5, 4), (5, 7), (6, 2), (6, 4), (6, 5), (6, 7), (7, 0), (7, 4)], [(1, 4), (2, 0), (2, 5), (3, 2), (3, 5), (3, 7), (4, 0), (4, 5), (5, 7), (6, 1), (6, 2), (7, 0)], [(0, 4), (1, 2), (1, 4), (1, 5), (1, 6), (2, 0), (2, 6), (3, 5), (3, 7), (5, 2), (5, 4), (5, 7), (7, 0)], [(0, 1), (0, 2), (0, 3), (0, 4), (0, 7), (2, 1), (3, 1), (4, 1), (5, 1), (6, 1), (7, 1), (3, 2), (2, 4), (5, 2), (6, 2), (3, 4), (5, 3), (6, 3), (3, 7), (5, 4), (6, 4), (7, 4), (6, 5), (5, 7)], [(2, 0), (4, 0), (7, 0), (4, 1), (6, 1), (3, 2), (2, 5), (2, 6), (3, 5), (7, 3), (4, 5), (7, 5)], [(0, 1), (0, 4), (1, 3), (1, 4), (2, 0), (2, 1), (2, 4), (3, 4), (5, 1), (5, 2), (5, 3), (5, 4), (6, 1), (6, 2), (6, 4), (7, 0), (7, 1), (7, 3), (7, 4), (7, 5), (7, 6)]], [[(0, 1), (0, 6), (1, 5), (2, 0), (2, 1), (2, 3), (2, 6), (3, 1), (3, 5), (4, 1), (4, 2), (4, 5), (4, 6), (6, 1), (6, 3), (6, 5), (7, 1), (7, 2), (7, 3), (7, 6)], [(0, 1), (0, 2), (1, 3), (1, 5), (2, 3), (2, 4), (3, 5), (4, 5), (6, 1), (6, 3), (6, 5), (7, 2)], [(0, 1), (0, 2), (1, 3), (1, 5), (1, 6), (2, 4), (2, 7), (3, 2), (3, 5), (3, 6), (4, 5)], [(0, 1), (0, 2), (3, 0), (0, 4), (0, 7), (1, 2), (3, 1), (1, 5), (6, 1), (1, 7), (3, 2), (4, 2), (5, 2), (7, 2), (3, 4), (3, 5), (6, 3), (4, 5), (6, 4), (7, 4), (6, 5), (6, 7)], [(0, 1), (2, 0), (1, 3), (1, 5), (1, 6), (2, 3), (4, 2), (7, 2), (3, 5), (6, 3), (4, 5), (6, 5)], [(0, 1), (0, 3), (0, 6), (1, 3), (2, 0), (2, 1), (2, 3), (2, 4), (2, 5), (2, 6), (4, 1), (4, 3), (4, 5), (4, 6), (5, 1), (5, 3), (6, 1), (6, 3), (6, 5), (7, 1), (7, 2), (7, 3), (7, 4), (7, 5), (7, 6)]], [[(0, 7), (1, 2), (1, 4), (1, 5), (1, 7), (2, 4), (2, 5), (2, 6), (3, 0), (3, 2), (3, 4), (3, 5), (3, 6), (3, 7), (4, 7), (5, 0), (5, 4), (5, 7), (6, 0), (6, 4), (6, 7)], [(0, 3), (0, 6), (1, 5), (2, 5), (2, 6), (3, 4), (4, 6), (4, 7), (5, 7)], [(2, 5), (2, 6), (3, 0), (4, 3), (5, 1), (5, 7), (6, 0), (6, 3), (6, 4), (7, 4)], [(3, 0), (5, 0), (6, 0), (0, 7), (1, 2), (1, 4), (1, 5), (1, 7), (3, 2), (2, 4), (2, 5), (2, 6), (2, 7), (3, 4), (3, 5), (3, 6), (3, 7), (5, 4), (6, 4), (7, 4), (5, 7)], [(0, 3), (6, 0), (5, 1), (5, 2), (2, 6), (4, 3), (6, 4), (7, 4), (7, 5)], [(0, 2), (0, 4), (0, 5), (0, 6), (0, 7), (1, 0), (1, 2), (1, 4), (1, 5), (1, 6), (1, 7), (2, 4), (2, 6), (3, 0), (3, 2), (3, 4), (3, 5), (3, 6), (4, 6), (4, 7), (5, 2), (5, 4), (5, 7), (7, 6)]], [[(0, 1), (0, 2), (0, 3), (0, 5), (0, 7), (1, 3), (1, 4), (1, 5), (1, 6), (1, 7), (2, 3), (2, 5), (3, 4), (5, 3), (6, 3), (6, 5), (6, 7), (7, 2), (7, 4), (7, 5)], [(0, 3), (0, 5), (1, 6), (1, 7), (2, 3), (3, 6), (4, 1), (5, 6), (5, 7), (7, 2)], [(1, 5), (1, 6), (2, 3), (2, 7), (3, 0), (4, 1), (5, 0), (6, 3), (6, 5), (7, 0), (7, 1), (7, 5)], [(1, 0), (2, 0), (3, 0), (0, 4), (0, 5), (0, 7), (2, 1), (1, 4), (1, 5), (1, 6), (1, 7), (3, 2), (2, 4), (2, 5), (2, 6), (2, 7), (3, 5), (3, 6), (5, 4), (4, 7), (6, 5), (5, 7), (6, 7)], [(3, 0), (5, 0), (4, 1), (1, 6), (7, 1), (2, 3), (7, 2), (3, 6), (5, 6), (7, 5)], [(0, 5), (1, 0), (1, 2), (1, 4), (1, 5), (1, 6), (1, 7), (2, 6), (2, 7), (3, 0), (3, 1), (3, 2), (3, 4), (3, 5), (3, 6), (4, 2), (4, 7), (6, 5), (7, 0), (7, 5)]], [[(1, 0), (1, 2), (1, 3), (1, 5), (1, 7), (2, 0), (2, 3), (2, 5), (3, 0), (4, 0), (4, 1), (4, 3), (4, 7), (5, 3), (6, 0), (6, 1), (6, 2), (6, 3), (6, 5), (7, 0), (7, 2), (7, 3), (7, 5)], [(0, 3), (0, 4), (1, 4), (1, 5), (2, 1), (2, 3), (3, 5), (6, 2), (6, 5), (7, 1), (7, 2), (7, 5)], [(0, 3), (0, 4), (0, 7), (1, 2), (1, 4), (1, 5), (1, 7), (2, 7), (3, 2), (3, 5), (6, 2), (6, 5), (7, 5)], [(1, 0), (3, 0), (4, 0), (0, 5), (0, 6), (0, 7), (2, 1), (3, 1), (4, 1), (1, 5), (1, 7), (2, 3), (2, 5), (2, 6), (2, 7), (4, 3), (3, 5), (3, 6), (3, 7), (4, 5), (4, 6), (5, 6), (5, 7), (7, 6)], [(3, 0), (0, 4), (1, 2), (1, 4), (5, 1), (1, 7), (2, 3), (2, 6), (2, 7), (5, 3), (5, 6), (5, 7)], [(0, 1), (0, 2), (0, 3), (0, 7), (1, 2), (1, 3), (1, 5), (1, 7), (2, 3), (2, 7), (3, 5), (4, 0), (4, 1), (4, 2), (4, 3), (4, 5), (4, 7), (6, 1), (6, 2), (6, 5), (6, 7), (7, 5)]], [[(0, 1), (0, 2), (0, 4), (0, 5), (0, 7), (1, 5), (2, 1), (2, 5), (3, 1), (3, 5), (4, 1), (4, 3), (4, 5), (4, 7), (6, 1), (6, 2), (6, 3), (6, 7), (7, 1), (7, 2), (7, 3), (7, 5)], [(0, 2), (0, 4), (0, 7), (1, 2), (3, 1), (3, 4), (3, 6), (4, 1), (6, 2), (6, 7), (7, 2), (7, 5)], [(0, 2), (1, 2), (1, 3), (1, 4), (2, 6), (3, 6), (4, 5), (7, 0), (7, 2), (7, 5), (7, 6)], [(0, 1), (0, 2), (0, 3), (0, 4), (0, 7), (2, 1), (3, 1), (1, 4), (5, 1), (7, 1), (2, 4), (2, 5), (6, 2), (7, 2), (3, 4), (3, 5), (6, 3), (5, 4), (6, 4), (7, 4), (6, 5), (7, 5), (6, 7)], [(0, 2), (0, 4), (0, 7), (2, 1), (3, 1), (4, 1), (6, 2), (7, 2), (4, 3), (6, 3), (7, 5), (6, 7)], [(0, 1), (0, 2), (0, 4), (0, 5), (0, 7), (1, 2), (3, 1), (3, 2), (4, 1), (4, 2), (4, 3), (5, 1), (5, 2), (5, 3), (5, 4), (5, 7), (6, 1), (6, 2), (6, 3), (6, 5), (6, 7), (7, 1), (7, 4)]], [[(0, 2), (0, 4), (0, 5), (0, 6), (0, 7), (1, 4), (1, 5), (2, 1), (2, 3), (2, 4), (3, 1), (3, 4), (3, 5), (3, 7), (5, 4), (6, 1), (6, 4), (7, 1), (7, 5), (7, 6)], [(0, 1), (0, 2), (0, 4), (0, 7), (1, 5), (1, 7), (2, 3), (3, 5), (3, 7), (4, 5), (5, 6), (6, 7)], [(0, 1), (0, 2), (0, 4), (0, 6), (0, 7), (1, 7), (2, 1), (2, 3), (3, 5), (3, 7), (5, 1), (5, 4), (5, 6), (6, 7)], [(0, 1), (2, 0), (0, 4), (0, 7), (2, 1), (3, 1), (1, 4), (5, 1), (1, 6), (1, 7), (3, 2), (2, 4), (5, 2), (3, 4), (5, 3), (3, 7), (5, 4), (6, 4), (5, 6), (5, 7), (6, 7)], [(1, 0), (0, 2), (4, 0), (0, 7), (5, 1), (1, 7), (2, 3), (5, 3), (3, 7), (4, 5), (6, 5), (6, 7)], [(0, 1), (0, 4), (0, 5), (0, 6), (0, 7), (1, 5), (2, 0), (2, 1), (2, 3), (3, 1), (3, 4), (3, 5), (3, 7), (4, 1), (4, 5), (6, 1), (6, 5), (7, 1), (7, 4), (7, 5), (7, 6)]], [[(0, 1), (0, 5), (0, 6), (1, 6), (2, 0), (2, 1), (2, 3), (2, 4), (2, 7), (4, 0), (4, 1), (4, 3), (4, 5), (4, 6), (5, 1), (5, 6), (6, 3), (7, 0), (7, 1), (7, 3), (7, 6)], [(0, 7), (1, 3), (1, 7), (3, 2), (3, 4), (4, 2), (4, 6), (5, 0), (5, 6), (6, 7)], [(0, 1), (0, 2), (0, 5), (0, 7), (2, 3), (2, 4), (2, 7), (3, 1), (4, 3), (4, 5), (4, 6), (5, 6), (6, 7), (7, 3)], [(0, 1), (0, 2), (0, 4), (0, 5), (0, 6), (0, 7), (1, 2), (3, 1), (1, 4), (1, 5), (1, 6), (3, 2), (2, 4), (2, 5), (6, 2), (7, 2), (3, 4), (3, 6), (3, 7), (4, 5), (6, 4), (6, 5), (7, 5), (7, 6)], [(5, 0), (7, 0), (3, 1), (1, 7), (3, 2), (4, 2), (4, 3), (4, 6), (5, 6), (6, 7)], [(0, 1), (0, 2), (0, 4), (0, 7), (1, 2), (1, 4), (1, 7), (2, 3), (4, 2), (4, 3), (4, 7), (5, 0), (5, 2), (5, 4), (5, 6), (5, 7), (6, 1), (6, 3), (6, 4), (6, 7), (7, 3)]], [[(0, 2), (0, 5), (0, 6), (0, 7), (1, 3), (1, 4), (1, 5), (1, 6), (1, 7), (2, 1), (2, 3), (2, 4), (2, 5), (2, 6), (2, 7), (3, 7), (4, 3), (5, 6), (5, 7), (6, 3), (6, 7)], [(0, 6), (1, 4), (1, 5), (2, 3), (2, 4), (2, 5), (4, 3), (5, 3), (7, 2), (7, 3), (7, 6)], [(0, 7), (1, 5), (1, 7), (2, 3), (2, 4), (2, 5), (2, 7), (3, 4), (3, 6), (4, 1), (6, 0), (6, 7)], [(2, 0), (0, 5), (0, 6), (0, 7), (2, 1), (1, 3), (1, 4), (1, 5), (1, 6), (1, 7), (2, 3), (2, 4), (2, 5), (2, 6), (2, 7), (4, 3), (6, 3), (3, 7), (6, 5), (5, 7), (6, 7)], [(6, 0), (4, 1), (1, 5), (2, 3), (2, 4), (2, 5), (7, 2), (4, 3), (5, 3), (7, 3), (7, 6)], [(0, 2), (0, 6), (0, 7), (1, 4), (1, 6), (1, 7), (3, 0), (3, 2), (3, 6), (3, 7), (4, 2), (4, 3), (4, 6), (4, 7), (5, 0), (5, 1), (5, 2), (5, 3), (5, 4), (5, 6), (6, 2), (6, 7), (7, 2)]], [[(0, 3), (0, 5), (1, 0), (1, 3), (1, 4), (1, 5), (2, 0), (2, 1), (2, 3), (2, 4), (2, 5), (2, 7), (4, 0), (4, 3), (5, 3), (6, 0), (6, 1), (6, 4), (6, 5), (6, 7), (7, 3), (7, 4), (7, 5)], [(0, 1), (0, 5), (1, 4), (2, 0), (2, 5), (4, 3), (4, 6), (5, 6), (6, 7)], [(0, 2), (0, 5), (0, 6), (1, 0), (1, 2), (3, 4), (4, 1), (4, 6), (5, 2), (6, 5), (6, 7)], [(1, 0), (0, 2), (4, 0), (5, 0), (0, 6), (7, 0), (1, 2), (4, 1), (1, 6), (1, 7), (3, 2), (4, 2), (5, 2), (2, 6), (7, 2), (3, 4), (3, 7), (5, 4), (4, 6), (4, 7), (5, 6), (5, 7), (7, 6)], [(1, 0), (0, 2), (5, 0), (1, 4), (5, 2), (4, 3), (6, 4), (6, 5), (7, 6)], [(0, 1), (0, 4), (2, 0), (2, 1), (3, 0), (3, 1), (3, 2), (3, 4), (3, 5), (3, 6), (4, 1), (5, 0), (5, 1), (5, 2), (5, 4), (6, 0), (6, 1), (6, 2), (6, 4), (6, 5), (7, 0), (7, 2), (7, 3), (7, 4), (7, 6)]], [[(0, 2), (0, 4), (0, 5), (0, 6), (0, 7), (1, 2), (1, 3), (1, 4), (1, 5), (2, 3), (2, 4), (2, 5), (3, 5), (3, 7), (4, 3), (4, 5), (4, 7), (6, 1), (6, 2), (6, 4), (6, 5), (6, 7), (7, 5)], [(0, 4), (1, 2), (1, 4), (1, 5), (2, 0), (3, 1), (3, 2), (6, 4), (7, 3), (7, 5)], [(1, 2), (1, 3), (1, 4), (1, 5), (2, 0), (2, 3), (3, 7), (4, 0), (5, 7), (6, 2), (6, 4)], [(0, 2), (0, 3), (4, 0), (0, 7), (1, 2), (3, 1), (4, 1), (5, 1), (6, 1), (1, 7), (3, 2), (4, 2), (5, 2), (4, 3), (5, 3), (3, 6), (3, 7), (5, 4), (4, 6), (5, 6), (5, 7), (6, 7)], [(0, 2), (0, 4), (1, 2), (1, 3), (1, 4), (5, 1), (2, 3), (3, 7), (4, 6), (5, 7)], [(0, 2), (0, 4), (0, 5), (0, 6), (1, 3), (1, 5), (2, 3), (4, 1), (4, 2), (4, 5), (5, 3), (6, 1), (6, 2), (6, 3), (6, 4), (6, 5), (7, 1), (7, 2), (7, 3), (7, 4), (7, 5), (7, 6)]], [[(0, 3), (0, 6), (1, 2), (1, 3), (1, 4), (1, 5), (1, 6), (1, 7), (2, 0), (2, 3), (2, 4), (2, 5), (3, 6), (4, 3), (4, 5), (4, 6), (5, 0), (5, 7), (7, 0), (7, 3), (7, 6)], [(0, 2), (1, 3), (1, 4), (1, 5), (2, 4), (2, 5), (6, 2), (7, 1), (7, 3)], [(0, 2), (0, 3), (1, 7), (2, 4), (2, 6), (3, 6), (4, 1), (5, 1), (5, 2), (5, 4), (7, 3), (7, 6)], [(1, 0), (0, 2), (0, 6), (0, 7), (1, 2), (1, 3), (1, 4), (5, 1), (1, 6), (1, 7), (2, 3), (2, 4), (5, 2), (2, 6), (4, 3), (3, 6), (3, 7), (5, 4), (4, 6), (4, 7), (6, 7)], [(0, 2), (1, 3), (4, 1), (5, 1), (1, 7), (2, 4), (5, 2), (2, 6), (7, 3)], [(0, 1), (0, 5), (1, 5), (2, 0), (2, 1), (2, 4), (2, 5), (3, 0), (3, 1), (3, 4), (3, 7), (4, 1), (4, 5), (6, 1), (6, 2), (6, 3), (6, 7), (7, 0), (7, 1), (7, 4)]], [[(0, 1), (0, 2), (0, 4), (0, 5), (0, 6), (0, 7), (1, 2), (1, 3), (1, 4), (1, 6), (1, 7), (2, 6), (3, 2), (3, 6), (4, 5), (4, 6), (4, 7), (5, 2), (5, 3), (5, 6), (5, 7), (7, 2), (7, 3)], [(0, 2), (0, 7), (1, 3), (1, 7), (2, 3), (2, 7), (3, 6), (4, 6), (4, 7), (5, 6), (5, 7)], [(1, 3), (2, 0), (2, 3), (2, 7), (3, 6), (4, 6), (5, 3), (5, 4), (5, 6), (5, 7), (7, 0), (7, 1), (7, 4)], [(1, 0), (0, 2), (0, 4), (0, 5), (0, 6), (0, 7), (1, 2), (3, 1), (1, 4), (1, 5), (1, 7), (3, 2), (2, 4), (2, 6), (7, 2), (3, 5), (3, 6), (3, 7), (4, 5), (6, 4), (7, 4), (6, 5), (7, 5), (7, 6)], [(2, 0), (7, 0), (3, 1), (7, 1), (2, 3), (2, 7), (6, 3), (4, 6), (7, 4), (5, 6), (5, 7)], [(0, 1), (0, 2), (0, 4), (0, 5), (0, 6), (0, 7), (1, 2), (1, 3), (1, 4), (1, 5), (1, 7), (2, 7), (3, 2), (3, 5), (4, 2), (4, 5), (4, 7), (5, 2), (5, 7), (6, 1), (6, 2), (6, 3), (6, 4), (6, 5)]], [[(0, 3), (1, 4), (1, 6), (1, 7), (2, 0), (2, 3), (2, 5), (2, 6), (2, 7), (4, 0), (4, 3), (5, 4), (6, 0), (6, 4), (6, 5), (6, 7), (7, 0), (7, 3), (7, 4), (7, 5)], [(0, 3), (1, 5), (2, 3), (2, 5), (3, 4), (4, 1), (4, 5), (6, 0), (6, 1), (7, 4)], [(0, 1), (0, 3), (0, 6), (1, 4), (1, 5), (2, 3), (4, 3), (4, 7), (5, 2), (5, 4), (6, 1), (6, 5), (6, 7), (7, 2)], [(1, 0), (2, 0), (3, 0), (0, 4), (5, 0), (0, 6), (1, 3), (1, 4), (1, 5), (1, 6), (1, 7), (2, 3), (2, 4), (2, 5), (2, 6), (2, 7), (3, 4), (5, 4), (6, 4), (7, 4), (5, 6), (5, 7), (6, 7)], [(0, 3), (6, 0), (4, 1), (1, 5), (6, 1), (2, 3), (2, 5), (3, 4), (4, 5), (7, 4)], [(0, 6), (2, 0), (2, 1), (2, 3), (3, 0), (4, 0), (4, 1), (4, 2), (4, 3), (4, 5), (4, 6), (5, 0), (5, 1), (5, 2), (5, 3), (5, 6), (6, 1), (7, 0), (7, 1), (7, 2), (7, 3), (7, 4), (7, 6)]], [[(0, 1), (0, 2), (0, 3), (0, 4), (0, 5), (0, 6), (2, 1), (2, 4), (2, 7), (3, 1), (3, 2), (3, 4), (3, 5), (3, 6), (3, 7), (4, 1), (4, 7), (5, 1), (5, 2), (5, 7), (6, 1), (6, 2), (6, 4)], [(0, 2), (0, 4), (0, 6), (1, 2), (1, 4), (2, 6), (2, 7), (3, 4), (4, 6), (5, 2)], [(2, 0), (2, 7), (3, 4), (3, 6), (3, 7), (4, 0), (4, 1), (4, 6), (5, 2), (6, 0), (6, 2)], [(0, 1), (0, 2), (0, 4), (0, 5), (6, 0), (0, 7), (2, 1), (3, 1), (4, 1), (5, 1), (6, 1), (2, 3), (5, 2), (6, 2), (2, 7), (4, 3), (5, 3), (6, 3), (7, 3), (5, 4), (6, 4), (7, 4), (5, 7)], [(0, 2), (0, 4), (0, 6), (1, 2), (1, 4), (2, 5), (2, 6), (2, 7), (4, 3), (4, 6)], [(0, 2), (0, 3), (0, 4), (0, 6), (1, 0), (1, 2), (1, 3), (1, 4), (2, 3), (2, 4), (2, 6), (4, 3), (5, 2), (5, 3), (5, 4), (5, 6), (6, 3), (6, 4), (7, 0), (7, 1), (7, 2), (7, 3), (7, 4), (7, 5)]], [[(0, 3), (0, 7), (1, 0), (1, 2), (1, 3), (1, 4), (1, 5), (1, 6), (1, 7), (2, 3), (4, 0), (4, 3), (4, 5), (5, 0), (5, 3), (6, 0), (6, 2), (6, 3), (6, 7), (7, 2)], [(0, 3), (0, 7), (1, 5), (1, 7), (2, 4), (2, 7), (3, 4), (3, 5), (5, 4), (6, 0), (6, 1)], [(0, 7), (1, 6), (1, 7), (3, 0), (3, 4), (3, 5), (4, 0), (4, 5), (5, 1), (6, 0), (7, 2)], [(0, 3), (0, 4), (0, 5), (6, 0), (7, 0), (1, 3), (1, 4), (1, 5), (6, 1), (1, 7), (2, 3), (2, 5), (2, 7), (3, 4), (3, 5), (6, 3), (4, 5), (6, 5), (6, 7)], [(0, 3), (0, 6), (7, 0), (1, 5), (6, 1), (7, 1), (2, 4), (7, 2), (4, 3), (5, 3), (5, 4)], [(0, 2), (0, 3), (0, 4), (0, 7), (1, 0), (1, 3), (1, 4), (1, 6), (1, 7), (2, 3), (2, 7), (3, 4), (5, 0), (5, 1), (5, 3), (5, 4), (6, 0), (6, 2), (6, 3), (6, 7)]], [[(0, 1), (0, 3), (0, 5), (0, 6), (0, 7), (2, 1), (2, 3), (2, 4), (2, 7), (3, 1), (3, 4), (4, 1), (5, 2), (5, 3), (5, 4), (5, 6), (6, 1), (6, 2), (6, 4), (7, 1), (7, 3), (7, 4)], [(0, 6), (1, 4), (3, 5), (4, 2), (4, 5), (5, 6), (6, 2), (7, 0)], [(0, 1), (0, 6), (0, 7), (3, 1), (4, 1), (4, 2), (4, 5), (5, 3), (5, 6), (6, 2)], [(0, 1), (0, 2), (0, 5), (0, 6), (0, 7), (1, 3), (4, 1), (1, 6), (1, 7), (3, 2), (4, 2), (2, 5), (2, 6), (2, 7), (4, 3), (3, 5), (3, 6), (3, 7), (4, 5), (4, 7), (6, 5), (6, 7)], [(0, 6), (7, 0), (4, 1), (4, 2), (6, 2), (5, 3), (5, 4), (5, 6)], [(0, 1), (0, 6), (0, 7), (2, 1), (2, 4), (3, 0), (3, 1), (3, 2), (3, 4), (3, 5), (3, 7), (4, 1), (5, 0), (5, 2), (5, 4), (5, 6), (5, 7), (6, 1), (6, 2), (6, 4), (7, 1), (7, 2), (7, 4)]], [[(0, 1), (2, 0), (2, 1), (2, 4), (3, 2), (3, 5), (4, 1), (5, 2), (5, 4), (6, 0), (6, 1), (6, 2), (6, 3), (6, 4), (7, 0), (7, 1), (7, 2), (7, 3), (7, 4)], [(0, 1), (0, 6), (1, 4), (2, 3), (2, 4), (3, 6), (4, 6), (5, 3), (5, 4), (7, 0), (7, 2)], [(0, 1), (0, 6), (0, 7), (2, 4), (2, 6), (3, 2), (3, 5), (3, 6), (4, 1), (5, 4), (7, 2)], [(1, 0), (0, 3), (0, 4), (0, 6), (7, 0), (1, 3), (1, 4), (1, 6), (2, 3), (2, 4), (2, 5), (2, 6), (7, 2), (3, 4), (3, 5), (6, 3), (7, 3), (4, 5), (7, 5), (7, 6)], [(1, 0), (6, 0), (7, 0), (1, 4), (2, 3), (2, 4), (7, 2), (5, 3), (6, 3), (4, 5), (6, 4)], [(1, 0), (1, 2), (2, 0), (2, 3), (4, 0), (4, 1), (4, 2), (4, 5), (4, 6), (5, 2), (5, 3), (5, 6), (6, 0), (6, 1), (6, 3), (7, 0), (7, 2), (7, 3)]], [[(1, 0), (1, 7), (2, 0), (2, 1), (2, 4), (3, 0), (3, 1), (3, 2), (3, 4), (3, 6), (3, 7), (4, 0), (4, 7), (5, 0), (5, 2), (5, 4), (5, 7), (6, 0), (6, 1), (6, 4), (6, 5), (6, 7)], [(1, 0), (1, 6), (2, 1), (2, 3), (2, 5), (3, 6), (4, 0), (4, 3), (7, 4), (7, 5)], [(1, 0), (1, 2), (1, 6), (2, 0), (2, 3), (2, 5), (3, 6), (3, 7), (4, 0), (4, 3), (4, 6), (4, 7), (7, 5)], [(1, 0), (2, 0), (3, 0), (4, 0), (5, 0), (6, 0), (1, 2), (4, 1), (1, 6), (1, 7), (2, 3), (2, 5), (4, 3), (3, 5), (3, 6), (3, 7), (4, 5), (4, 6), (4, 7), (6, 5), (5, 7), (6, 7)], [(1, 0), (4, 0), (2, 1), (1, 6), (3, 2), (5, 2), (4, 3), (3, 6), (7, 4), (7, 5)], [(0, 2), (0, 3), (0, 4), (0, 7), (1, 0), (1, 4), (1, 5), (1, 6), (1, 7), (3, 2), (3, 4), (5, 2), (5, 3), (5, 4), (6, 2), (6, 3), (7, 3), (7, 4), (7, 5)]], [[(1, 0), (1, 6), (1, 7), (2, 0), (2, 1), (2, 4), (2, 7), (3, 0), (3, 1), (3, 7), (4, 0), (5, 0), (5, 4), (5, 7), (6, 0), (6, 4), (6, 5), (6, 7)], [(0, 1), (0, 3), (0, 6), (1, 7), (2, 0), (2, 1), (2, 4), (3, 7), (5, 7), (6, 5), (6, 7)], [(0, 2), (0, 6), (1, 0), (1, 2), (1, 7), (2, 4), (3, 0), (3, 7), (5, 7), (6, 5), (6, 7)], [(0, 1), (0, 2), (0, 3), (0, 4), (6, 0), (1, 2), (1, 3), (1, 7), (3, 2), (2, 4), (6, 2), (2, 7), (3, 4), (6, 3), (3, 7), (5, 4), (6, 4), (6, 5), (5, 7), (6, 7)], [(1, 0), (0, 2), (3, 0), (0, 6), (1, 2), (1, 7), (2, 4), (3, 7), (6, 5), (5, 7), (6, 7)], [(0, 2), (0, 5), (1, 0), (1, 2), (1, 5), (3, 0), (3, 2), (3, 5), (3, 7), (4, 0), (4, 1), (4, 2), (4, 5), (4, 7), (5, 2), (6, 0), (6, 1), (6, 2), (6, 5), (6, 7), (7, 1), (7, 2), (7, 5)]], [[(0, 7), (1, 2), (1, 3), (2, 3), (3, 0), (3, 7), (4, 0), (4, 1), (4, 2), (4, 3), (4, 5), (4, 7), (5, 2), (6, 1), (6, 2), (6, 3), (6, 7)], [(0, 7), (1, 4), (2, 5), (3, 2), (3, 4), (4, 2), (4, 7), (6, 1), (6, 3)], [(1, 6), (2, 3), (2, 4), (2, 5), (3, 4), (3, 6), (4, 1), (4, 7), (7, 0)], [(0, 1), (0, 4), (0, 6), (0, 7), (1, 2), (1, 4), (1, 5), (1, 6), (7, 1), (3, 2), (4, 2), (2, 5), (2, 6), (7, 2), (3, 4), (3, 6), (3, 7), (4, 5), (7, 4), (6, 5), (7, 6)], [(7, 0), (4, 1), (1, 6), (3, 2), (4, 2), (2, 5), (4, 3), (3, 6), (7, 4)], [(0, 7), (1, 2), (1, 3), (1, 4), (1, 5), (1, 6), (3, 0), (3, 2), (3, 6), (3, 7), (4, 0), (4, 2), (4, 3), (4, 7), (5, 2), (5, 3), (5, 4), (6, 2), (6, 7)]], [[(1, 5), (2, 0), (2, 1), (2, 4), (2, 6), (2, 7), (3, 4), (3, 6), (3, 7), (4, 0), (4, 5), (4, 6), (5, 0), (6, 0), (6, 1), (6, 5), (7, 0), (7, 5), (7, 6)], [(0, 2), (0, 5), (0, 6), (0, 7), (1, 2), (1, 6), (2, 7), (3, 5), (3, 6), (3, 7), (4, 5), (7, 5)], [(0, 2), (0, 5), (0, 6), (0, 7), (1, 2), (1, 6), (2, 7), (3, 7), (4, 5), (6, 3), (7, 5)], [(0, 2), (0, 4), (0, 5), (0, 6), (7, 0), (2, 1), (1, 5), (6, 1), (2, 3), (2, 5), (2, 6), (7, 2), (6, 3), (7, 3), (4, 5), (4, 6), (6, 5), (7, 5)], [(0, 2), (0, 5), (0, 6), (0, 7), (1, 2), (1, 6), (2, 7), (3, 5), (6, 3), (3, 7), (4, 5), (7, 5)], [(0, 4), (0, 5), (0, 6), (0, 7), (1, 5), (2, 0), (2, 1), (2, 3), (2, 4), (2, 5), (2, 6), (2, 7), (4, 5), (6, 1), (6, 3), (6, 4), (6, 5), (7, 3), (7, 5)]], [[(0, 1), (0, 3), (0, 6), (0, 7), (1, 4), (1, 7), (2, 0), (2, 1), (2, 3), (2, 6), (3, 1), (3, 4), (3, 6), (3, 7), (5, 0), (5, 6), (5, 7), (6, 1), (6, 4), (6, 7), (7, 4)], [(0, 1), (0, 6), (1, 3), (1, 5), (2, 4), (2, 6), (3, 6), (4, 1), (4, 7), (5, 6), (6, 7)], [(0, 1), (0, 5), (0, 6), (1, 3), (2, 6), (4, 1), (4, 2), (4, 7), (5, 1), (5, 6), (6, 3), (6, 7)], [(0, 1), (0, 2), (0, 6), (0, 7), (1, 3), (4, 1), (1, 5), (1, 6), (1, 7), (2, 3), (4, 2), (5, 2), (2, 6), (4, 3), (3, 6), (3, 7), (4, 5), (4, 6), (4, 7), (5, 6), (5, 7), (6, 7)], [(0, 1), (0, 6), (1, 3), (4, 1), (5, 1), (2, 4), (2, 6), (6, 3), (4, 7), (5, 6), (6, 7)], [(1, 0), (2, 0), (2, 1), (2, 4), (2, 5), (2, 6), (3, 0), (3, 1), (3, 4), (3, 5), (4, 1), (5, 0), (6, 0), (6, 1), (6, 3), (6, 5), (7, 0), (7, 1), (7, 2), (7, 4), (7, 6)]], [[(0, 2), (0, 3), (0, 4), (0, 5), (0, 7), (1, 2), (1, 3), (1, 5), (1, 6), (2, 3), (2, 4), (2, 5), (2, 6), (2, 7), (3, 6), (4, 3), (4, 5), (4, 6), (4, 7), (5, 3), (5, 6), (5, 7), (7, 3), (7, 6)], [(0, 2), (2, 7), (3, 1), (4, 1), (4, 2), (4, 5), (6, 1), (7, 3), (7, 5)], [(0, 2), (0, 6), (1, 5), (2, 7), (3, 1), (4, 2), (4, 3), (4, 5), (6, 1), (7, 3), (7, 5)], [(0, 1), (0, 2), (0, 4), (0, 7), (2, 1), (1, 5), (1, 6), (1, 7), (3, 2), (4, 2), (2, 5), (2, 6), (2, 7), (3, 4), (3, 5), (3, 6), (3, 7), (4, 5), (4, 6), (4, 7), (6, 5), (7, 5), (7, 6)], [(0, 2), (3, 1), (1, 4), (6, 1), (4, 2), (2, 7), (3, 7), (5, 4), (5, 7)], [(0, 1), (0, 2), (0, 4), (1, 4), (2, 1), (2, 4), (3, 0), (3, 1), (3, 2), (3, 4), (3, 5), (3, 7), (5, 1), (5, 2), (5, 4), (5, 7), (6, 0), (6, 1), (6, 2), (6, 4), (7, 0), (7, 2)]], [[(1, 0), (2, 0), (2, 4), (2, 6), (3, 1), (3, 2), (3, 5), (3, 6), (4, 0), (4, 1), (4, 5), (4, 6), (5, 0), (5, 1), (5, 6), (6, 1), (7, 1), (7, 2), (7, 4), (7, 5), (7, 6)], [(0, 1), (0, 4), (1, 3), (1, 6), (2, 3), (2, 4), (2, 7), (3, 5), (4, 5), (4, 6), (5, 7), (6, 7)], [(0, 1), (0, 4), (1, 3), (3, 2), (4, 2), (4, 5), (5, 3), (5, 7), (6, 1), (6, 4), (6, 7), (7, 2)], [(1, 0), (2, 0), (4, 0), (5, 0), (1, 3), (1, 5), (1, 6), (3, 2), (4, 2), (5, 2), (6, 2), (7, 2), (4, 3), (3, 5), (4, 5), (4, 6), (5, 6), (7, 5), (7, 6)], [(0, 1), (0, 4), (1, 3), (1, 6), (2, 3), (2, 4), (2, 7), (5, 3), (4, 5), (4, 6), (5, 7), (7, 6)], [(0, 1), (1, 6), (2, 1), (2, 6), (2, 7), (3, 0), (3, 1), (3, 2), (3, 6), (3, 7), (4, 0), (4, 1), (4, 2), (4, 3), (4, 6), (5, 1), (5, 2), (5, 3), (5, 4), (5, 6), (5, 7), (7, 6)]], [[(0, 3), (0, 4), (0, 7), (1, 3), (1, 4), (1, 6), (1, 7), (2, 0), (2, 1), (2, 6), (2, 7), (3, 7), (4, 3), (4, 6), (5, 0), (5, 1), (5, 3), (5, 4), (5, 6), (5, 7), (6, 3)], [(0, 2), (0, 4), (0, 5), (2, 6), (2, 7), (3, 0), (3, 4), (5, 1), (5, 6), (5, 7)], [(0, 2), (0, 3), (0, 4), (1, 7), (2, 1), (2, 7), (3, 4), (3, 5), (5, 1), (5, 7), (6, 2), (6, 5)], [(0, 1), (0, 2), (0, 3), (0, 4), (5, 0), (0, 7), (2, 1), (1, 3), (4, 1), (5, 1), (6, 1), (1, 7), (4, 2), (5, 2), (2, 6), (2, 7), (4, 3), (5, 3), (6, 3), (7, 3), (4, 6), (5, 6), (5, 7)], [(2, 0), (0, 3), (0, 4), (5, 0), (5, 1), (2, 6), (2, 7), (4, 3), (5, 6), (5, 7)], [(0, 7), (1, 0), (1, 2), (1, 4), (1, 6), (1, 7), (2, 0), (2, 4), (2, 6), (2, 7), (3, 0), (3, 2), (3, 4), (3, 5), (3, 6), (3, 7), (4, 0), (4, 6), (5, 0), (5, 1), (5, 2), (5, 4), (5, 6), (5, 7)]], [[(0, 5), (0, 6), (1, 0), (1, 5), (1, 6), (1, 7), (2, 0), (2, 4), (2, 6), (2, 7), (3, 0), (3, 1), (3, 4), (3, 5), (3, 6), (3, 7), (4, 1), (4, 5), (4, 7), (5, 6), (7, 0), (7, 5)], [(0, 1), (0, 3), (1, 4), (1, 6), (1, 7), (2, 5), (2, 6), (2, 7), (3, 4), (3, 6), (4, 5)], [(0, 7), (1, 0), (1, 3), (1, 4), (1, 6), (1, 7), (2, 7), (3, 0), (3, 4), (4, 0), (4, 5), (6, 2), (6, 3), (7, 5)], [(0, 1), (0, 2), (0, 3), (0, 4), (0, 7), (3, 1), (1, 4), (1, 5), (6, 1), (1, 7), (3, 2), (6, 2), (7, 2), (3, 4), (3, 5), (6, 3), (3, 7), (5, 4), (5, 7), (6, 7)], [(1, 0), (0, 3), (1, 4), (1, 6), (1, 7), (2, 5), (2, 6), (2, 7), (3, 4), (3, 6), (4, 5)], [(0, 1), (0, 2), (0, 3), (0, 4), (0, 5), (0, 7), (1, 2), (1, 3), (1, 4), (1, 7), (2, 7), (3, 4), (3, 7), (5, 1), (5, 2), (5, 3), (5, 4), (5, 7), (6, 1), (6, 2), (6, 3)]], [[(0, 2), (0, 3), (1, 0), (1, 2), (1, 3), (1, 5), (1, 6), (2, 3), (4, 0), (4, 2), (4, 3), (5, 0), (5, 2), (5, 4), (5, 6), (6, 0), (7, 5)], [(0, 2), (0, 3), (1, 2), (1, 5), (2, 3), (2, 7), (3, 4), (5, 4), (5, 7), (6, 0), (6, 1)], [(0, 1), (0, 2), (0, 3), (0, 6), (1, 5), (1, 6), (2, 1), (3, 2), (3, 4), (5, 4), (7, 2), (7, 5)], [(2, 0), (3, 0), (4, 0), (5, 0), (6, 0), (1, 2), (1, 4), (1, 5), (1, 6), (2, 3), (2, 4), (5, 2), (2, 6), (3, 4), (6, 3), (5, 4), (6, 4), (7, 5), (7, 6)], [(2, 0), (3, 0), (6, 0), (1, 2), (1, 5), (6, 1), (2, 3), (7, 2), (3, 4), (5, 4), (7, 5)], [(0, 3), (0, 4), (0, 5), (0, 6), (1, 0), (1, 2), (1, 3), (1, 4), (1, 5), (1, 6), (1, 7), (2, 0), (2, 3), (2, 4), (2, 5), (4, 3), (4, 5), (5, 7), (6, 4), (6, 5)]], [[(1, 0), (2, 1), (2, 3), (2, 4), (2, 6), (2, 7), (3, 0), (3, 1), (3, 4), (3, 6), (4, 0), (5, 0), (5, 1), (5, 4), (5, 6), (5, 7), (6, 4), (7, 0), (7, 1), (7, 3), (7, 4)], [(1, 0), (1, 2), (1, 5), (2, 6), (3, 0), (3, 2), (5, 6), (6, 4), (7, 5)], [(0, 1), (0, 3), (1, 2), (1, 5), (3, 2), (4, 5), (4, 6), (6, 2), (6, 5), (7, 2), (7, 5)], [(1, 0), (0, 3), (0, 4), (0, 7), (1, 2), (1, 3), (1, 4), (5, 1), (3, 2), (4, 2), (5, 2), (2, 6), (7, 2), (4, 3), (3, 6), (7, 3), (5, 4), (4, 6), (5, 6), (5, 7), (7, 6)], [(1, 0), (3, 0), (2, 1), (5, 1), (2, 3), (2, 6), (6, 4), (5, 6), (7, 5)], [(0, 1), (2, 0), (2, 1), (2, 3), (2, 4), (2, 6), (2, 7), (3, 0), (3, 1), (4, 0), (4, 1), (4, 3), (4, 5), (4, 6), (4, 7), (5, 0), (5, 1), (5, 3), (5, 6), (6, 3), (7, 0), (7, 5), (7, 6)]], [[(1, 0), (1, 2), (1, 4), (1, 5), (1, 6), (1, 7), (2, 0), (3, 0), (3, 2), (3, 5), (3, 6), (4, 2), (4, 3), (4, 5), (4, 6), (4, 7), (5, 0), (5, 2), (5, 6), (5, 7), (6, 2), (6, 7), (7, 0), (7, 2)], [(0, 1), (0, 4), (3, 0), (3, 2), (4, 5), (6, 1), (6, 4), (7, 2)], [(0, 1), (0, 4), (0, 5), (1, 6), (2, 3), (2, 7), (3, 5), (3, 6), (4, 5), (6, 4), (6, 7)], [(1, 0), (2, 0), (0, 5), (6, 0), (7, 0), (4, 1), (1, 5), (1, 6), (1, 7), (3, 2), (4, 2), (2, 5), (6, 2), (7, 2), (4, 3), (3, 5), (3, 6), (3, 7), (4, 6), (7, 5), (7, 6)], [(0, 1), (3, 0), (4, 0), (6, 1), (3, 2), (7, 2), (4, 5), (6, 4)], [(0, 1), (0, 2), (0, 5), (0, 6), (0, 7), (1, 2), (1, 3), (1, 5), (1, 6), (2, 3), (2, 5), (3, 5), (4, 0), (4, 1), (4, 2), (4, 6), (4, 7), (6, 2), (6, 3), (6, 7), (7, 2), (7, 3), (7, 5)]], [[(0, 5), (1, 0), (1, 2), (1, 3), (1, 5), (1, 7), (2, 0), (2, 5), (2, 6), (2, 7), (3, 0), (3, 4), (3, 7), (4, 0), (4, 2), (4, 5), (6, 5), (7, 0), (7, 5), (7, 6)], [(0, 2), (0, 5), (0, 7), (1, 2), (1, 3), (1, 5), (2, 6), (3, 4), (3, 7), (5, 6), (7, 6)], [(0, 5), (1, 0), (1, 5), (2, 0), (2, 6), (2, 7), (3, 1), (3, 4), (6, 5), (6, 7), (7, 0), (7, 3)], [(0, 1), (0, 2), (0, 3), (5, 0), (0, 6), (0, 7), (1, 2), (1, 3), (4, 1), (5, 1), (6, 1), (7, 1), (4, 2), (5, 2), (4, 3), (7, 3), (4, 6), (4, 7), (5, 6), (6, 7)], [(2, 0), (5, 0), (0, 7), (2, 1), (3, 1), (5, 1), (2, 6), (3, 4), (7, 3), (5, 6), (6, 7)], [(0, 1), (0, 2), (0, 5), (1, 5), (2, 5), (2, 6), (3, 1), (3, 4), (3, 7), (4, 0), (4, 1), (4, 5), (6, 5), (7, 0), (7, 1), (7, 2), (7, 5), (7, 6)]], [[(0, 3), (0, 4), (0, 5), (0, 6), (0, 7), (1, 2), (1, 3), (1, 5), (1, 7), (3, 2), (4, 1), (4, 5), (4, 6), (4, 7), (5, 3), (6, 3), (6, 5), (7, 2), (7, 5), (7, 6)], [(0, 4), (0, 5), (0, 6), (1, 3), (1, 5), (1, 7), (2, 1), (2, 7), (3, 6), (4, 6), (7, 0), (7, 6)], [(0, 5), (1, 3), (1, 5), (2, 1), (3, 0), (3, 5), (4, 0), (6, 0), (6, 4), (6, 7), (7, 0), (7, 1), (7, 2)], [(0, 2), (3, 0), (0, 4), (0, 5), (0, 6), (0, 7), (2, 1), (3, 1), (1, 4), (1, 5), (1, 7), (2, 7), (3, 4), (3, 5), (3, 6), (3, 7), (4, 5), (4, 6), (4, 7), (7, 5), (7, 6)], [(0, 4), (0, 5), (0, 6), (7, 0), (2, 1), (3, 1), (1, 5), (1, 7), (2, 7), (3, 6), (4, 6), (7, 6)], [(0, 4), (0, 7), (1, 0), (1, 2), (1, 4), (1, 5), (1, 7), (3, 0), (3, 1), (3, 2), (3, 5), (3, 6), (5, 0), (5, 4), (6, 0), (6, 1), (6, 4), (6, 5), (6, 7), (7, 2), (7, 4)]], [[(0, 7), (1, 0), (1, 7), (2, 1), (2, 3), (3, 1), (3, 5), (3, 7), (4, 0), (4, 1), (4, 2), (4, 3), (4, 5), (4, 7), (5, 0), (5, 1), (5, 7), (6, 0), (6, 1), (6, 2), (6, 5), (6, 7)], [(0, 5), (0, 6), (1, 2), (1, 4), (2, 3), (2, 6), (3, 5), (4, 5), (7, 0)], [(0, 5), (0, 6), (0, 7), (1, 2), (1, 3), (1, 4), (2, 4), (2, 6), (4, 6), (5, 3), (5, 7)], [(1, 0), (4, 0), (5, 0), (6, 0), (0, 7), (2, 1), (3, 1), (4, 1), (5, 1), (6, 1), (1, 7), (2, 3), (4, 2), (6, 2), (4, 3), (3, 5), (3, 7), (4, 5), (4, 7), (6, 5), (5, 7), (6, 7)], [(0, 5), (6, 0), (7, 0), (2, 1), (4, 1), (2, 3), (6, 2), (3, 5), (4, 5)], [(0, 1), (0, 2), (0, 3), (0, 5), (0, 6), (0, 7), (2, 1), (2, 6), (3, 1), (3, 2), (3, 6), (4, 1), (4, 2), (4, 3), (4, 5), (4, 6), (5, 1), (5, 3), (6, 1), (7, 1), (7, 2), (7, 3), (7, 4), (7, 5), (7, 6)]], [[(1, 0), (1, 2), (1, 3), (1, 4), (1, 5), (1, 7), (2, 0), (2, 3), (4, 2), (4, 3), (4, 5), (4, 6), (4, 7), (5, 2), (5, 3), (5, 7), (6, 0), (6, 2), (6, 3), (7, 0), (7, 2), (7, 3)], [(0, 1), (0, 7), (3, 1), (3, 5), (4, 5), (4, 6), (4, 7), (5, 1), (6, 2), (7, 2)], [(1, 0), (1, 3), (1, 5), (2, 6), (2, 7), (4, 6), (5, 3), (5, 4), (7, 0), (7, 4), (7, 5)], [(0, 1), (0, 2), (0, 3), (0, 5), (0, 6), (0, 7), (1, 2), (1, 3), (5, 1), (1, 7), (3, 2), (4, 2), (5, 2), (6, 2), (7, 2), (4, 3), (5, 3), (3, 6), (7, 3), (4, 5), (4, 7), (5, 6), (5, 7), (7, 6)], [(1, 0), (0, 7), (3, 1), (5, 1), (2, 6), (2, 7), (3, 5), (4, 5), (4, 6), (4, 7)], [(1, 0), (1, 7), (2, 0), (2, 1), (2, 3), (2, 5), (2, 7), (3, 1), (3, 4), (3, 5), (3, 7), (4, 7), (5, 1), (5, 4), (6, 0), (6, 1), (6, 2), (6, 5), (6, 7), (7, 0)]], [[(0, 5), (1, 0), (1, 3), (1, 4), (1, 5), (2, 0), (2, 4), (2, 5), (2, 7), (3, 0), (3, 2), (3, 5), (3, 7), (4, 0), (4, 5), (6, 2), (6, 3), (6, 4), (6, 7), (7, 0), (7, 5)], [(0, 6), (1, 0), (3, 5), (3, 7), (4, 5), (4, 6), (6, 7), (7, 2)], [(0, 1), (3, 2), (3, 4), (3, 5), (3, 7), (4, 5), (6, 2), (6, 4), (7, 2), (7, 5), (7, 6)], [(0, 1), (0, 4), (0, 5), (0, 6), (0, 7), (1, 2), (3, 1), (1, 6), (3, 2), (2, 4), (5, 2), (2, 6), (2, 7), (3, 4), (3, 5), (3, 6), (5, 4), (6, 4), (4, 7), (5, 6), (5, 7), (6, 7)], [(1, 0), (6, 0), (7, 2), (3, 5), (7, 3), (4, 5), (6, 4), (7, 6)], [(0, 1), (0, 3), (0, 4), (0, 5), (0, 6), (0, 7), (1, 3), (1, 5), (1, 7), (2, 1), (2, 4), (2, 5), (2, 6), (2, 7), (3, 4), (3, 5), (5, 4), (6, 3), (6, 4), (6, 5), (6, 7), (7, 3), (7, 4), (7, 5)]], [[(0, 1), (0, 2), (0, 5), (0, 7), (1, 5), (2, 5), (2, 7), (3, 1), (3, 2), (3, 4), (3, 5), (3, 6), (3, 7), (4, 0), (4, 1), (4, 5), (4, 7), (6, 0), (6, 1), (6, 2), (6, 5), (6, 7), (7, 1), (7, 5)], [(0, 1), (0, 4), (0, 6), (0, 7), (1, 5), (2, 5), (2, 6), (2, 7), (3, 1), (3, 2), (3, 5), (4, 5), (4, 7)], [(0, 1), (0, 7), (1, 5), (2, 3), (2, 5), (2, 6), (2, 7), (3, 1), (3, 5), (3, 6), (4, 5), (6, 0), (7, 4)], [(1, 0), (0, 2), (0, 3), (4, 0), (0, 5), (6, 0), (7, 0), (1, 2), (1, 3), (1, 5), (1, 6), (1, 7), (2, 3), (4, 2), (5, 2), (6, 2), (7, 2), (5, 3), (7, 3), (4, 5), (4, 6), (4, 7), (7, 5)], [(0, 1), (4, 0), (6, 0), (0, 7), (3, 1), (1, 5), (2, 3), (2, 5), (6, 2), (2, 7), (3, 5), (4, 5), (4, 7)], [(0, 1), (0, 2), (0, 3), (0, 4), (0, 6), (1, 3), (1, 6), (2, 3), (2, 4), (2, 6), (4, 1), (4, 6), (5, 0), (5, 1), (5, 2), (5, 3), (5, 4), (5, 6), (5, 7), (7, 0), (7, 1), (7, 2), (7, 3), (7, 4), (7, 6)]], [[(0, 3), (0, 7), (1, 0), (1, 2), (1, 3), (1, 6), (1, 7), (2, 0), (2, 4), (2, 6), (3, 7), (4, 0), (4, 3), (4, 5), (4, 6), (5, 0), (5, 3), (5, 7), (6, 0), (6, 3), (6, 5), (6, 7)], [(0, 2), (0, 7), (1, 2), (2, 5), (2, 6), (3, 4), (3, 5), (3, 6), (5, 7)], [(0, 4), (0, 7), (1, 2), (1, 7), (2, 0), (2, 5), (2, 6), (3, 4), (3, 5), (3, 6), (5, 7), (6, 0)], [(2, 0), (0, 3), (0, 5), (0, 7), (2, 1), (1, 3), (1, 5), (1, 6), (1, 7), (4, 2), (2, 5), (2, 6), (4, 3), (3, 5), (3, 6), (3, 7), (4, 5), (4, 6), (5, 6), (5, 7), (7, 6)], [(2, 0), (0, 7), (2, 1), (2, 5), (2, 6), (3, 4), (3, 5), (3, 6), (5, 7)], [(0, 1), (0, 2), (0, 5), (0, 7), (2, 1), (3, 0), (3, 1), (3, 2), (3, 5), (3, 6), (3, 7), (4, 0), (4, 1), (4, 3), (4, 5), (4, 7), (6, 0), (6, 1), (6, 2), (6, 5), (6, 7), (7, 1), (7, 2), (7, 5)]], [[(0, 1), (0, 3), (0, 5), (1, 3), (1, 4), (3, 2), (3, 5), (4, 2), (4, 3), (4, 5), (6, 1), (6, 3), (6, 4), (6, 7), (7, 1), (7, 2), (7, 3), (7, 4), (7, 5)], [(0, 1), (0, 3), (0, 5), (1, 2), (1, 3), (1, 7), (2, 4), (5, 4), (5, 7), (6, 4)], [(0, 1), (0, 3), (0, 5), (1, 2), (1, 3), (2, 4), (4, 5), (6, 2), (6, 3), (6, 4), (7, 1), (7, 4), (7, 5)], [(1, 0), (2, 0), (0, 3), (0, 5), (7, 0), (2, 1), (1, 3), (4, 1), (1, 5), (6, 1), (7, 1), (2, 3), (2, 4), (2, 6), (7, 2), (4, 3), (5, 3), (6, 3), (7, 3), (4, 5), (6, 4), (7, 4), (7, 5)], [(1, 0), (0, 3), (5, 0), (1, 2), (1, 3), (1, 7), (4, 2), (5, 4), (6, 4), (5, 7)], [(1, 0), (1, 6), (3, 0), (3, 1), (3, 2), (3, 6), (3, 7), (4, 0), (4, 1), (4, 2), (4, 3), (4, 6), (5, 0), (5, 1), (5, 3), (5, 4), (5, 7), (7, 0), (7, 1), (7, 2), (7, 6)]], [[(0, 1), (0, 5), (0, 7), (1, 3), (2, 0), (2, 1), (2, 3), (2, 7), (4, 3), (5, 1), (5, 3), (5, 4), (6, 0), (6, 3), (6, 4), (6, 5), (7, 1), (7, 3), (7, 4), (7, 5)], [(0, 1), (0, 5), (0, 6), (1, 3), (2, 3), (3, 4), (4, 5), (6, 4), (6, 5), (7, 0), (7, 1)], [(0, 1), (0, 2), (0, 5), (0, 6), (0, 7), (1, 3), (1, 6), (1, 7), (2, 3), (3, 4), (4, 5), (6, 4), (6, 5), (7, 4)], [(1, 0), (0, 2), (0, 5), (0, 6), (0, 7), (1, 2), (3, 1), (1, 4), (1, 5), (1, 6), (1, 7), (3, 2), (4, 2), (2, 5), (6, 2), (7, 2), (3, 4), (3, 5), (3, 6), (3, 7), (4, 5), (6, 4), (7, 4), (7, 5)], [(0, 1), (5, 0), (0, 6), (7, 0), (1, 3), (7, 1), (2, 3), (3, 4), (5, 4), (6, 4), (5, 6)], [(1, 0), (1, 3), (1, 4), (1, 7), (2, 0), (2, 3), (2, 4), (2, 7), (3, 4), (5, 0), (5, 4), (5, 6), (5, 7), (6, 0), (6, 1), (6, 3), (6, 4), (6, 7), (7, 0), (7, 4)]], [[(0, 2), (0, 4), (0, 6), (2, 1), (2, 4), (3, 0), (3, 1), (3, 2), (3, 7), (4, 1), (4, 7), (5, 0), (5, 1), (5, 2), (5, 6), (5, 7), (6, 1), (6, 4), (6, 7), (7, 1)], [(0, 3), (0, 4), (0, 6), (1, 2), (1, 4), (1, 7), (2, 3), (3, 7), (5, 0), (5, 1), (6, 7)], [(0, 4), (0, 5), (1, 2), (1, 4), (1, 5), (1, 6), (1, 7), (3, 0), (3, 2), (3, 7), (4, 5), (6, 0), (6, 7)], [(1, 0), (0, 2), (3, 0), (4, 0), (5, 0), (0, 6), (0, 7), (1, 2), (3, 1), (4, 1), (5, 1), (1, 6), (1, 7), (3, 2), (5, 2), (2, 6), (2, 7), (3, 5), (3, 6), (3, 7), (4, 5), (4, 7), (7, 6)], [(3, 0), (0, 4), (5, 0), (0, 6), (1, 2), (1, 4), (1, 5), (1, 7), (3, 2), (3, 7), (7, 6)], [(0, 2), (0, 3), (1, 0), (1, 2), (1, 5), (1, 7), (2, 3), (2, 7), (3, 7), (4, 0), (4, 1), (4, 5), (4, 7), (5, 0), (5, 2), (5, 3), (6, 0), (6, 1), (6, 2), (6, 5), (6, 7)]], [[(0, 7), (1, 0), (1, 2), (1, 7), (2, 0), (2, 3), (2, 7), (4, 0), (4, 1), (4, 2), (4, 5), (4, 6), (5, 0), (5, 1), (5, 7), (6, 0), (6, 1), (6, 2), (6, 7)], [(0, 4), (0, 5), (0, 7), (1, 2), (2, 3), (2, 6), (5, 4), (6, 7)], [(0, 2), (0, 4), (0, 5), (0, 7), (2, 1), (2, 3), (4, 5), (6, 2), (6, 7), (7, 1)], [(1, 0), (0, 4), (0, 5), (0, 6), (0, 7), (2, 1), (1, 4), (1, 6), (1, 7), (2, 3), (2, 4), (2, 5), (2, 6), (5, 4), (6, 5), (7, 5), (6, 7)], [(0, 4), (0, 5), (0, 7), (1, 2), (2, 3), (6, 2), (5, 4), (6, 7)], [(1, 0), (1, 2), (1, 4), (1, 5), (1, 7), (2, 0), (2, 3), (2, 4), (2, 5), (2, 6), (4, 0), (5, 0), (5, 4), (5, 6), (5, 7), (7, 0), (7, 4), (7, 6)]], [[(0, 1), (0, 2), (0, 4), (0, 5), (0, 7), (2, 1), (3, 1), (4, 1), (4, 3), (5, 1), (5, 3), (5, 4), (5, 7), (6, 1), (6, 2), (6, 3), (6, 4), (7, 1), (7, 3), (7, 4)], [(0, 1), (0, 2), (1, 6), (2, 6), (3, 1), (4, 5), (5, 1), (7, 3), (7, 4)], [(0, 1), (0, 2), (1, 3), (1, 6), (4, 5), (4, 6), (4, 7), (5, 0), (5, 1), (6, 2), (7, 3)], [(0, 1), (0, 2), (3, 0), (0, 4), (0, 5), (2, 1), (3, 1), (4, 1), (5, 1), (6, 1), (7, 1), (6, 2), (3, 4), (3, 5), (7, 3), (4, 5), (6, 4), (7, 4), (6, 5)], [(1, 0), (0, 2), (1, 3), (5, 1), (6, 1), (6, 2), (7, 3), (4, 5), (7, 4)], [(0, 1), (0, 2), (0, 3), (0, 4), (0, 5), (0, 6), (0, 7), (2, 1), (2, 6), (3, 1), (3, 4), (3, 5), (3, 7), (4, 1), (5, 1), (5, 4), (5, 7), (6, 1), (6, 4), (7, 1), (7, 4)]], [[(0, 3), (1, 0), (1, 3), (1, 4), (1, 6), (1, 7), (2, 0), (2, 3), (2, 5), (2, 6), (2, 7), (4, 2), (4, 6), (4, 7), (5, 3), (5, 6), (5, 7), (6, 0), (6, 7), (7, 0), (7, 3)], [(0, 1), (0, 7), (1, 3), (1, 4), (2, 4), (2, 5), (4, 7), (5, 3), (6, 0), (6, 7)], [(0, 6), (0, 7), (1, 3), (1, 4), (3, 0), (3, 5), (3, 7), (4, 2), (4, 7), (5, 2), (6, 5), (7, 6)], [(0, 1), (0, 2), (0, 3), (0, 5), (0, 6), (7, 0), (2, 1), (1, 3), (1, 4), (1, 6), (2, 4), (2, 5), (2, 6), (4, 3), (3, 5), (7, 3), (4, 5), (7, 4), (6, 5), (7, 6)], [(0, 1), (6, 0), (0, 7), (1, 3), (1, 4), (4, 2), (2, 5), (5, 3), (4, 7), (6, 7)], [(0, 3), (0, 6), (0, 7), (1, 0), (1, 3), (1, 4), (1, 6), (2, 0), (2, 1), (2, 4), (2, 5), (2, 6), (2, 7), (3, 7), (4, 0), (4, 3), (4, 6), (4, 7), (5, 0), (5, 3), (5, 6), (6, 7)]], [[(0, 1), (0, 2), (0, 4), (0, 5), (0, 6), (0, 7), (1, 2), (1, 3), (1, 5), (1, 6), (1, 7), (2, 3), (2, 4), (2, 5), (2, 7), (3, 5), (3, 6), (3, 7), (4, 3), (4, 5), (4, 7), (6, 5), (7, 5), (7, 6)], [(0, 2), (0, 5), (1, 2), (1, 5), (2, 4), (3, 4), (6, 1), (7, 0), (7, 2)], [(0, 2), (0, 6), (0, 7), (1, 2), (1, 5), (1, 6), (2, 4), (2, 7), (4, 3)], [(1, 0), (0, 2), (0, 3), (0, 4), (0, 5), (0, 6), (7, 0), (1, 2), (1, 4), (1, 5), (1, 6), (2, 4), (2, 5), (7, 2), (3, 4), (6, 3), (7, 3), (5, 4), (6, 4), (7, 4), (6, 5)], [(0, 2), (0, 5), (0, 7), (1, 2), (1, 5), (1, 6), (2, 4), (2, 7), (4, 3)], [(0, 1), (0, 2), (0, 4), (0, 5), (1, 2), (1, 5), (2, 5), (3, 0), (3, 1), (3, 2), (3, 4), (3, 5), (3, 6), (3, 7), (4, 1), (4, 2), (4, 5), (6, 1), (6, 4), (6, 5), (7, 0), (7, 1), (7, 2), (7, 4), (7, 5), (7, 6)]], [[(0, 2), (0, 4), (0, 5), (1, 2), (1, 4), (3, 0), (3, 1), (3, 2), (3, 4), (3, 5), (3, 6), (4, 2), (5, 1), (5, 2), (6, 0), (6, 1), (6, 2), (6, 4), (6, 5), (6, 7), (7, 0), (7, 1), (7, 2), (7, 5)], [(0, 3), (0, 4), (1, 3), (1, 4), (2, 3), (2, 5), (6, 0), (6, 5), (7, 0), (7, 5)], [(0, 3), (0, 4), (0, 6), (0, 7), (1, 3), (1, 4), (2, 3), (2, 5), (4, 2), (6, 5), (6, 7), (7, 5)], [(0, 2), (3, 0), (4, 0), (0, 6), (0, 7), (1, 2), (3, 1), (4, 1), (1, 5), (1, 6), (1, 7), (3, 2), (4, 2), (2, 5), (2, 7), (3, 5), (3, 7), (4, 6), (6, 5), (7, 5), (7, 6)], [(0, 3), (0, 4), (6, 0), (7, 0), (1, 3), (1, 4), (2, 3), (5, 2), (6, 5), (7, 5)], [(1, 2), (1, 3), (1, 4), (2, 0), (3, 0), (3, 2), (4, 0), (4, 2), (4, 5), (4, 6), (4, 7), (5, 2), (5, 3), (5, 7), (6, 0), (6, 3), (6, 5), (6, 7), (7, 0), (7, 3)]], [[(0, 2), (0, 3), (0, 4), (1, 2), (1, 4), (1, 5), (1, 6), (2, 3), (2, 4), (4, 3), (5, 2), (5, 3), (5, 4), (5, 6), (6, 0), (6, 3), (6, 4), (7, 0), (7, 3), (7, 5), (7, 6)], [(0, 3), (0, 4), (0, 7), (1, 2), (1, 5), (2, 3), (4, 6), (5, 4), (5, 6), (5, 7), (7, 6)], [(0, 3), (1, 2), (2, 3), (4, 0), (4, 5), (4, 6), (5, 1), (5, 2), (5, 6), (5, 7), (7, 0), (7, 6)], [(0, 1), (0, 2), (3, 0), (4, 0), (0, 5), (7, 0), (2, 1), (4, 1), (5, 1), (6, 1), (7, 1), (3, 2), (4, 2), (2, 5), (6, 2), (3, 4), (3, 5), (3, 6), (4, 5), (6, 4), (7, 4), (6, 5), (7, 5), (7, 6)], [(0, 3), (0, 4), (7, 0), (1, 2), (1, 5), (2, 3), (5, 4), (6, 4), (5, 6), (7, 5), (7, 6)], [(0, 3), (0, 4), (0, 5), (0, 7), (1, 2), (1, 3), (3, 2), (3, 6), (4, 2), (4, 5), (4, 6), (4, 7), (5, 1), (5, 3), (5, 6), (6, 2), (7, 1), (7, 2), (7, 5), (7, 6)]], [[(1, 7), (2, 0), (2, 3), (2, 5), (2, 7), (3, 0), (3, 1), (3, 7), (4, 1), (4, 2), (4, 3), (4, 5), (4, 7), (5, 1), (5, 7), (6, 1), (6, 2), (6, 3)], [(0, 3), (1, 5), (2, 0), (2, 3), (4, 3), (5, 2), (5, 4), (6, 1), (6, 3), (7, 5)], [(0, 2), (0, 3), (2, 3), (2, 5), (2, 7), (3, 1), (3, 4), (5, 1), (5, 4), (6, 1), (6, 2), (6, 3), (6, 7), (7, 5)], [(2, 0), (3, 0), (1, 3), (5, 1), (1, 6), (1, 7), (3, 2), (5, 2), (6, 2), (2, 7), (4, 3), (5, 3), (3, 6), (3, 7), (5, 4), (4, 7), (5, 6), (5, 7)], [(2, 0), (3, 0), (5, 1), (6, 1), (2, 3), (5, 2), (4, 3), (6, 3), (5, 4), (7, 5)], [(0, 2), (0, 5), (0, 6), (3, 0), (3, 1), (3, 2), (3, 4), (3, 5), (3, 6), (4, 1), (5, 1), (5, 2), (5, 4), (6, 1), (6, 2), (6, 4), (6, 5), (7, 0), (7, 1), (7, 2), (7, 3), (7, 5)]], [[(0, 1), (0, 3), (0, 5), (0, 6), (0, 7), (1, 5), (1, 6), (2, 1), (2, 3), (2, 5), (3, 6), (4, 1), (4, 2), (4, 5), (4, 6), (4, 7), (5, 3), (7, 1), (7, 2), (7, 5), (7, 6)], [(0, 3), (0, 7), (1, 0), (1, 6), (1, 7), (2, 4), (2, 5), (3, 5), (4, 7), (5, 6)], [(0, 1), (0, 3), (0, 7), (1, 2), (1, 6), (1, 7), (2, 4), (2, 5), (4, 7), (5, 3), (6, 3), (6, 4), (6, 5)], [(0, 1), (0, 2), (0, 3), (0, 4), (0, 7), (1, 3), (1, 4), (5, 1), (1, 6), (1, 7), (2, 3), (2, 4), (5, 2), (2, 6), (2, 7), (5, 3), (6, 3), (5, 4), (6, 4), (7, 4), (5, 6), (5, 7), (7, 6)], [(1, 0), (3, 0), (0, 7), (6, 1), (1, 7), (2, 4), (5, 2), (3, 5), (4, 7), (6, 5)], [(0, 1), (0, 6), (1, 5), (1, 6), (2, 0), (2, 3), (2, 5), (2, 7), (3, 0), (3, 1), (3, 5), (3, 6), (4, 0), (4, 1), (4, 2), (4, 3), (4, 5), (4, 6), (4, 7), (7, 0), (7, 1), (7, 3), (7, 5), (7, 6)]], [[(0, 1), (2, 0), (2, 1), (2, 3), (2, 4), (2, 6), (3, 0), (3, 1), (3, 5), (4, 1), (4, 3), (4, 5), (4, 6), (4, 7), (5, 1), (6, 0), (6, 1), (6, 3), (6, 5), (7, 0), (7, 3), (7, 5)], [(1, 3), (2, 6), (3, 0), (3, 6), (4, 6), (5, 6), (7, 4)], [(0, 3), (1, 4), (1, 6), (2, 4), (3, 1), (3, 2), (3, 6), (4, 7), (6, 2), (6, 4), (6, 5)], [(0, 2), (3, 0), (4, 0), (0, 5), (0, 6), (0, 7), (3, 1), (1, 5), (1, 6), (3, 2), (4, 2), (6, 2), (4, 3), (3, 5), (3, 6), (4, 5), (4, 6), (4, 7), (6, 5), (5, 7), (6, 7)], [(3, 0), (3, 1), (6, 2), (6, 3), (4, 6), (7, 4), (6, 5)], [(0, 1), (0, 2), (0, 3), (0, 4), (0, 6), (0, 7), (1, 3), (2, 3), (2, 4), (2, 6), (4, 1), (4, 6), (4, 7), (5, 0), (5, 1), (5, 2), (5, 3), (5, 6), (5, 7), (6, 3), (6, 7)]], [[(0, 2), (0, 4), (0, 5), (0, 7), (1, 6), (2, 1), (2, 4), (2, 5), (2, 6), (2, 7), (3, 1), (3, 2), (3, 4), (3, 5), (3, 7), (4, 5), (4, 7), (6, 7)], [(0, 5), (0, 7), (1, 3), (2, 0), (2, 1), (3, 4), (3, 5), (3, 7), (4, 7), (6, 7)], [(0, 5), (0, 7), (1, 2), (1, 3), (2, 0), (3, 4), (3, 5), (3, 7), (4, 7), (6, 7)], [(0, 2), (0, 3), (0, 5), (0, 7), (2, 1), (3, 1), (1, 6), (2, 3), (5, 2), (2, 6), (2, 7), (4, 3), (5, 3), (3, 7), (4, 5), (4, 7), (6, 7)], [(2, 0), (0, 5), (0, 7), (1, 2), (3, 1), (4, 3), (3, 5), (3, 7), (4, 7), (6, 7)], [(1, 3), (2, 0), (2, 1), (2, 3), (2, 5), (2, 6), (2, 7), (3, 0), (4, 0), (4, 1), (4, 3), (5, 0), (5, 1), (5, 3), (5, 4), (5, 6), (5, 7), (6, 0), (6, 1), (6, 4), (6, 7), (7, 0), (7, 4)]], [[(1, 0), (1, 2), (1, 3), (1, 4), (1, 6), (1, 7), (2, 0), (2, 5), (2, 6), (2, 7), (3, 4), (3, 5), (3, 6), (4, 0), (4, 5), (5, 0), (5, 6), (6, 0), (7, 3), (7, 4), (7, 5)], [(0, 1), (2, 1), (3, 4), (4, 1), (5, 2), (5, 3), (6, 1), (6, 2), (6, 5), (7, 0), (7, 1), (7, 4)], [(0, 1), (0, 7), (1, 2), (1, 3), (1, 6), (1, 7), (2, 6), (3, 4), (5, 2), (5, 3), (5, 6), (7, 4)], [(1, 0), (0, 2), (0, 5), (0, 6), (7, 0), (1, 2), (1, 3), (4, 1), (1, 6), (7, 1), (2, 3), (4, 2), (5, 2), (2, 6), (7, 2), (4, 3), (5, 3), (6, 3), (4, 5), (4, 6), (7, 4), (5, 6), (7, 5)], [(1, 0), (7, 0), (1, 2), (4, 1), (1, 6), (7, 1), (2, 5), (2, 6), (4, 3), (3, 5), (7, 4), (5, 6)], [(1, 0), (1, 3), (1, 4), (1, 6), (1, 7), (2, 0), (2, 1), (2, 3), (2, 5), (2, 6), (2, 7), (4, 0), (4, 3), (4, 5), (4, 7), (5, 0), (5, 3), (5, 6), (5, 7), (6, 0), (6, 3)]], [[(0, 1), (0, 3), (0, 5), (0, 6), (0, 7), (1, 4), (1, 5), (2, 3), (2, 4), (4, 3), (5, 2), (5, 4), (6, 1), (6, 2), (6, 5), (7, 1), (7, 2), (7, 3), (7, 4), (7, 5)], [(1, 3), (3, 4), (4, 5), (5, 0), (5, 7), (6, 1), (6, 4), (7, 0), (7, 2)], [(1, 6), (3, 0), (3, 4), (3, 7), (4, 1), (4, 5), (4, 6), (4, 7), (5, 0), (5, 7), (6, 0), (7, 2)], [(2, 0), (3, 0), (4, 0), (0, 5), (0, 6), (7, 0), (4, 1), (1, 6), (7, 1), (2, 4), (2, 5), (2, 6), (2, 7), (3, 4), (3, 7), (4, 5), (4, 6), (7, 4), (6, 5), (7, 6)], [(5, 0), (7, 0), (3, 1), (6, 1), (7, 2), (4, 3), (5, 4), (4, 6), (7, 5)], [(0, 1), (0, 5), (0, 6), (0, 7), (1, 4), (1, 6), (2, 0), (2, 1), (2, 4), (2, 5), (2, 6), (2, 7), (3, 0), (3, 1), (3, 4), (3, 5), (3, 7), (5, 1), (5, 4), (5, 6), (7, 1), (7, 4), (7, 5), (7, 6)]], [[(1, 5), (2, 0), (2, 3), (2, 4), (2, 5), (2, 6), (3, 0), (3, 1), (3, 4), (3, 6), (3, 7), (4, 5), (4, 6), (5, 0), (6, 0), (6, 1), (6, 5), (7, 0), (7, 1), (7, 4), (7, 5), (7, 6)], [(0, 6), (1, 6), (1, 7), (2, 3), (2, 5), (3, 6), (3, 7), (4, 2), (5, 0), (7, 0), (7, 5)], [(1, 3), (1, 5), (1, 6), (1, 7), (2, 0), (2, 5), (3, 2), (3, 7), (4, 2), (5, 0), (6, 0), (6, 3), (7, 0), (7, 5)], [(0, 1), (0, 2), (3, 0), (0, 4), (0, 5), (0, 6), (0, 7), (1, 4), (1, 5), (1, 6), (1, 7), (3, 2), (4, 2), (2, 5), (2, 7), (3, 4), (3, 6), (3, 7), (4, 5), (4, 6), (4, 7), (5, 6), (5, 7), (6, 7)], [(5, 0), (6, 0), (0, 7), (1, 6), (1, 7), (3, 2), (4, 2), (2, 5), (3, 6), (3, 7), (5, 7)], [(0, 2), (0, 6), (0, 7), (2, 4), (3, 0), (3, 1), (3, 2), (3, 4), (3, 6), (3, 7), (5, 0), (5, 1), (5, 2), (5, 3), (5, 4), (5, 6), (5, 7), (6, 1), (6, 4), (7, 1), (7, 4)]], [[(0, 1), (0, 5), (0, 6), (1, 2), (1, 3), (1, 4), (1, 5), (1, 7), (2, 5), (3, 2), (3, 5), (3, 6), (3, 7), (4, 2), (4, 5), (4, 6), (4, 7), (5, 7), (6, 2), (6, 5), (6, 7)], [(1, 4), (1, 5), (2, 3), (2, 6), (3, 7), (4, 5), (4, 7), (5, 3), (6, 0), (6, 7)], [(0, 6), (0, 7), (3, 2), (3, 5), (3, 7), (4, 1), (4, 5), (4, 7), (5, 1), (5, 6), (6, 2), (7, 6)], [(0, 1), (0, 5), (0, 6), (2, 1), (3, 1), (4, 1), (5, 1), (1, 7), (3, 2), (2, 5), (6, 2), (4, 3), (3, 5), (3, 6), (3, 7), (4, 5), (4, 6), (4, 7), (6, 5), (5, 7), (6, 7)], [(6, 0), (4, 1), (5, 1), (3, 2), (6, 2), (3, 5), (3, 7), (4, 5), (7, 4), (6, 7)], [(0, 6), (1, 2), (1, 3), (1, 5), (2, 0), (2, 6), (3, 0), (3, 2), (3, 5), (3, 6), (4, 0), (4, 1), (4, 3), (4, 5), (4, 6), (4, 7), (5, 0), (5, 6), (7, 0), (7, 2), (7, 3), (7, 6)]], [[(0, 2), (0, 3), (0, 4), (0, 6), (1, 0), (1, 2), (1, 3), (1, 4), (2, 3), (3, 4), (5, 0), (5, 3), (5, 4), (5, 6), (6, 2), (6, 3), (6, 4), (7, 2), (7, 3), (7, 4), (7, 6)], [(0, 2), (1, 0), (1, 3), (2, 5), (2, 6), (2, 7), (3, 4), (4, 5), (4, 6), (4, 7), (7, 6)], [(0, 1), (0, 2), (0, 5), (1, 2), (1, 3), (1, 6), (2, 6), (4, 3), (4, 5), (6, 4), (7, 2), (7, 4), (7, 6)], [(0, 1), (0, 2), (3, 0), (0, 5), (0, 7), (1, 2), (3, 1), (4, 1), (1, 5), (1, 6), (3, 2), (4, 2), (2, 5), (2, 6), (7, 2), (4, 3), (3, 6), (3, 7), (4, 5), (4, 6), (4, 7), (5, 6), (7, 5), (7, 6)], [(0, 1), (0, 2), (1, 3), (2, 5), (2, 6), (7, 2), (4, 3), (5, 4), (4, 6), (7, 4), (7, 6)], [(1, 0), (1, 2), (1, 3), (1, 6), (2, 0), (2, 3), (2, 4), (2, 6), (3, 0), (3, 4), (3, 6), (4, 0), (5, 0), (5, 2), (5, 3), (5, 4), (6, 4), (7, 0), (7, 2), (7, 3), (7, 4), (7, 6)]], [[(1, 0), (1, 4), (1, 6), (2, 0), (2, 4), (3, 0), (3, 1), (3, 2), (3, 4), (3, 5), (3, 6), (4, 0), (5, 0), (5, 2), (5, 4), (5, 6), (6, 0), (6, 2), (7, 1), (7, 2), (7, 5), (7, 6)], [(0, 2), (0, 4), (2, 5), (2, 6), (3, 1), (4, 1), (5, 1), (6, 1), (6, 3), (7, 2), (7, 5)], [(1, 3), (1, 6), (2, 0), (3, 6), (4, 0), (5, 2), (5, 7), (6, 2), (6, 4), (7, 2)], [(0, 1), (0, 2), (0, 3), (4, 0), (0, 5), (0, 6), (0, 7), (2, 1), (3, 1), (4, 1), (5, 1), (6, 1), (7, 1), (3, 2), (2, 5), (6, 2), (7, 2), (3, 5), (3, 6), (3, 7), (4, 5), (4, 6), (4, 7), (7, 5)], [(0, 2), (4, 0), (3, 1), (4, 1), (1, 5), (1, 6), (2, 5), (2, 6), (2, 7), (3, 6), (5, 7)], [(0, 1), (0, 2), (0, 3), (0, 5), (0, 7), (1, 3), (1, 5), (2, 3), (4, 0), (4, 3), (4, 5), (4, 6), (4, 7), (5, 2), (5, 3), (6, 1), (6, 2), (6, 3), (6, 5), (7, 1), (7, 2), (7, 5)]], [[(0, 1), (0, 7), (1, 3), (2, 1), (2, 3), (4, 0), (4, 2), (4, 3), (5, 0), (5, 1), (5, 2), (5, 3), (5, 6), (6, 0), (6, 1), (6, 2), (6, 3), (6, 7), (7, 1), (7, 2), (7, 3)], [(0, 4), (0, 6), (0, 7), (1, 6), (2, 1), (3, 1), (3, 4), (3, 5), (3, 7), (4, 2), (5, 0), (5, 6)], [(0, 5), (0, 6), (0, 7), (1, 2), (1, 3), (1, 6), (2, 4), (3, 5), (4, 0), (4, 3), (4, 5), (6, 5), (6, 7), (7, 3)], [(1, 0), (0, 2), (0, 4), (0, 5), (0, 6), (7, 0), (1, 2), (1, 3), (1, 6), (2, 3), (2, 4), (5, 2), (2, 6), (7, 2), (3, 4), (5, 3), (6, 3), (7, 3), (5, 4), (6, 4), (7, 4), (5, 6)], [(4, 0), (5, 0), (0, 6), (7, 0), (2, 1), (3, 1), (1, 6), (4, 2), (4, 3), (5, 3), (3, 7), (5, 6)], [(0, 1), (0, 5), (0, 6), (0, 7), (2, 1), (3, 0), (3, 1), (3, 2), (3, 4), (3, 5), (3, 6), (3, 7), (4, 0), (4, 2), (4, 5), (4, 7), (5, 1), (5, 2), (5, 6), (5, 7), (6, 1), (6, 2), (6, 7)]], [[(0, 1), (0, 2), (0, 3), (0, 5), (0, 6), (0, 7), (1, 3), (1, 5), (1, 6), (2, 1), (2, 3), (2, 5), (2, 6), (3, 5), (3, 6), (4, 1), (4, 3), (4, 7), (7, 1), (7, 2), (7, 5)], [(0, 1), (0, 2), (0, 6), (0, 7), (2, 1), (2, 4), (2, 6), (3, 4), (3, 6), (4, 1), (4, 7), (5, 3), (7, 1)], [(0, 1), (0, 2), (0, 6), (1, 2), (1, 4), (1, 7), (3, 4), (3, 5), (4, 2), (4, 7), (6, 2)], [(0, 1), (2, 0), (3, 0), (0, 4), (6, 0), (0, 7), (2, 1), (4, 1), (5, 1), (6, 1), (1, 7), (2, 4), (2, 6), (3, 4), (3, 5), (3, 6), (4, 5), (4, 7), (6, 5), (5, 7)], [(0, 1), (2, 0), (6, 0), (0, 7), (2, 1), (1, 4), (1, 7), (2, 4), (2, 6), (3, 4), (3, 5), (3, 6), (4, 7)], [(0, 6), (1, 0), (1, 2), (1, 4), (1, 6), (2, 0), (2, 6), (3, 0), (3, 1), (3, 4), (3, 5), (3, 6), (3, 7), (4, 0), (4, 2), (5, 0), (5, 4), (7, 0), (7, 1), (7, 2), (7, 4), (7, 5)]], [[(0, 1), (0, 2), (0, 3), (0, 4), (0, 5), (0, 6), (1, 6), (2, 1), (2, 6), (3, 1), (3, 2), (3, 5), (3, 6), (4, 2), (4, 6), (4, 7), (5, 1), (5, 2), (5, 6), (7, 1), (7, 2), (7, 3), (7, 5), (7, 6)], [(0, 1), (0, 4), (1, 6), (2, 4), (2, 7), (3, 1), (4, 6), (5, 1), (5, 7), (7, 1)], [(0, 1), (0, 4), (0, 5), (1, 3), (1, 5), (1, 6), (2, 4), (5, 3), (5, 7), (6, 4), (7, 2)], [(1, 0), (0, 3), (4, 0), (5, 0), (0, 6), (0, 7), (1, 2), (1, 3), (5, 1), (1, 6), (1, 7), (2, 3), (4, 2), (2, 6), (2, 7), (5, 3), (6, 3), (7, 3), (4, 6), (4, 7), (5, 6), (5, 7), (7, 6)], [(0, 1), (0, 4), (1, 3), (1, 5), (1, 6), (7, 1), (2, 4), (7, 2), (6, 4), (7, 5)], [(0, 1), (2, 0), (2, 1), (2, 6), (2, 7), (3, 0), (3, 1), (3, 7), (4, 0), (4, 1), (4, 2), (4, 6), (5, 0), (5, 1), (5, 2), (5, 3), (5, 7), (6, 1), (7, 0), (7, 1)]], [[(0, 1), (0, 3), (0, 5), (0, 6), (0, 7), (1, 3), (1, 5), (1, 6), (1, 7), (2, 3), (2, 7), (3, 6), (4, 1), (4, 2), (4, 3), (4, 5), (5, 2), (5, 3), (5, 7), (6, 7)], [(0, 1), (0, 5), (0, 7), (1, 3), (1, 4), (2, 4), (2, 5), (2, 7), (3, 2), (4, 5), (6, 3)], [(0, 1), (0, 5), (0, 7), (1, 3), (1, 7), (2, 3), (2, 4), (2, 5), (2, 7), (3, 6), (4, 1), (4, 5), (4, 6)], [(0, 1), (0, 3), (0, 5), (0, 7), (1, 2), (1, 3), (4, 1), (1, 5), (1, 7), (2, 3), (4, 2), (2, 5), (2, 6), (2, 7), (4, 3), (6, 3), (4, 5), (5, 6), (7, 5), (7, 6)], [(0, 1), (0, 5), (0, 7), (1, 3), (4, 1), (3, 2), (4, 2), (2, 5), (2, 7), (3, 6), (4, 5)], [(0, 1), (0, 4), (0, 5), (1, 2), (1, 4), (1, 5), (3, 1), (3, 2), (3, 5), (3, 7), (4, 2), (5, 2), (5, 4), (6, 1), (6, 3), (7, 0), (7, 1), (7, 2), (7, 4), (7, 5)]], [[(0, 1), (0, 2), (0, 5), (0, 6), (0, 7), (1, 4), (1, 6), (2, 1), (2, 4), (2, 5), (2, 7), (3, 1), (3, 4), (3, 6), (3, 7), (5, 1), (5, 4), (5, 6), (6, 4), (7, 1), (7, 6)], [(0, 1), (0, 2), (0, 5), (1, 6), (2, 6), (3, 1), (4, 2), (4, 5), (5, 6), (7, 3)], [(0, 1), (0, 2), (0, 5), (0, 7), (1, 6), (2, 4), (2, 6), (2, 7), (3, 1), (3, 4), (3, 7), (5, 4), (6, 5)], [(1, 0), (2, 0), (3, 0), (5, 0), (6, 0), (0, 7), (1, 3), (1, 4), (1, 5), (1, 6), (1, 7), (2, 4), (2, 5), (2, 6), (2, 7), (4, 3), (5, 3), (6, 3), (3, 7), (4, 5), (6, 5), (6, 7)], [(0, 1), (2, 0), (5, 0), (3, 1), (1, 6), (4, 2), (2, 6), (7, 3), (5, 4), (5, 6)], [(0, 1), (0, 2), (0, 5), (0, 6), (0, 7), (1, 3), (1, 7), (2, 1), (2, 7), (4, 0), (4, 1), (4, 2), (4, 3), (4, 5), (4, 6), (5, 1), (5, 2), (5, 3), (5, 6), (5, 7), (6, 1), (6, 3), (7, 3)]], [[(0, 5), (0, 6), (0, 7), (2, 1), (2, 3), (2, 4), (2, 5), (2, 6), (2, 7), (3, 1), (3, 4), (3, 6), (4, 1), (5, 1), (5, 3), (5, 4), (5, 6), (5, 7), (6, 1), (7, 1), (7, 3), (7, 4), (7, 6)], [(0, 4), (0, 5), (0, 6), (1, 2), (1, 4), (1, 5), (1, 6), (3, 6), (5, 3), (5, 4), (7, 2)], [(0, 4), (0, 6), (1, 2), (1, 4), (1, 5), (1, 6), (2, 3), (3, 4), (3, 6), (5, 0), (5, 3), (7, 2), (7, 6)], [(0, 2), (0, 3), (0, 4), (0, 5), (6, 0), (0, 7), (1, 2), (1, 3), (1, 4), (1, 5), (6, 1), (1, 7), (2, 3), (4, 2), (2, 5), (7, 2), (4, 3), (3, 5), (6, 3), (7, 3), (4, 5), (7, 5), (6, 7)], [(4, 0), (0, 5), (0, 6), (2, 1), (4, 1), (1, 5), (1, 6), (7, 2), (5, 3), (3, 6), (4, 5)], [(2, 0), (2, 1), (2, 4), (2, 5), (3, 1), (3, 2), (3, 4), (3, 5), (4, 1), (4, 5), (5, 0), (5, 1), (6, 0), (6, 1), (6, 3), (6, 4), (6, 5), (7, 0), (7, 1), (7, 2), (7, 5), (7, 6)]], [[(0, 2), (1, 2), (1, 5), (1, 7), (2, 7), (3, 0), (3, 1), (3, 2), (3, 6), (3, 7), (4, 0), (4, 1), (4, 5), (4, 7), (5, 0), (5, 7), (6, 2), (6, 5), (6, 7)], [(0, 4), (0, 5), (0, 7), (1, 2), (1, 5), (1, 7), (2, 3), (2, 4), (3, 7), (4, 5), (4, 7), (6, 3), (6, 5)], [(0, 4), (0, 5), (1, 2), (1, 5), (1, 7), (2, 4), (3, 2), (3, 6), (3, 7), (4, 5), (4, 7), (6, 2), (6, 5)], [(0, 1), (2, 0), (4, 0), (0, 5), (0, 6), (7, 0), (2, 1), (4, 1), (5, 1), (1, 6), (7, 1), (3, 2), (4, 2), (2, 5), (2, 6), (3, 5), (3, 6), (3, 7), (4, 5), (4, 6), (4, 7), (5, 6), (7, 5), (7, 6)], [(0, 4), (0, 5), (0, 7), (1, 2), (1, 5), (1, 7), (3, 2), (2, 4), (3, 6), (3, 7), (4, 5), (4, 7), (6, 5)], [(0, 1), (0, 3), (0, 4), (0, 5), (0, 7), (1, 5), (1, 6), (2, 1), (2, 3), (2, 4), (2, 5), (2, 6), (3, 4), (3, 6), (5, 3), (5, 4), (5, 6), (6, 4), (7, 1), (7, 3), (7, 4), (7, 5), (7, 6)]], [[(0, 1), (0, 2), (0, 3), (0, 4), (0, 5), (0, 6), (0, 7), (2, 1), (2, 3), (2, 4), (2, 7), (3, 1), (3, 4), (4, 1), (5, 3), (5, 4), (6, 4), (6, 5), (6, 7), (7, 1), (7, 3), (7, 4), (7, 5)], [(0, 4), (0, 7), (1, 4), (1, 7), (2, 0), (2, 7), (3, 4), (5, 3), (5, 7), (6, 4), (6, 5)], [(0, 4), (0, 6), (0, 7), (1, 4), (1, 7), (3, 4), (4, 5), (4, 6), (6, 5), (7, 2), (7, 5)], [(0, 1), (0, 3), (0, 4), (5, 0), (6, 0), (0, 7), (2, 1), (3, 1), (4, 1), (7, 1), (2, 4), (2, 5), (2, 7), (4, 3), (7, 3), (5, 4), (4, 7), (6, 5), (5, 7), (6, 7)], [(2, 0), (4, 0), (7, 0), (1, 4), (7, 1), (7, 2), (3, 4), (5, 3), (6, 4), (6, 5), (7, 5)], [(0, 2), (0, 3), (0, 4), (1, 0), (1, 2), (1, 3), (1, 4), (1, 5), (1, 7), (4, 2), (4, 3), (5, 2), (5, 4), (5, 7), (6, 1), (6, 2), (6, 4), (6, 5), (6, 7), (7, 0), (7, 2)]], [[(0, 2), (1, 0), (1, 2), (1, 3), (1, 4), (1, 6), (1, 7), (3, 0), (3, 6), (3, 7), (4, 2), (4, 7), (5, 0), (5, 2), (5, 3), (5, 7), (6, 0), (6, 2), (6, 4), (6, 7), (7, 0), (7, 2)], [(0, 2), (0, 7), (1, 3), (1, 6), (1, 7), (2, 5), (2, 6), (3, 5), (3, 6), (4, 0), (4, 6)], [(0, 2), (0, 7), (1, 7), (3, 1), (3, 5), (3, 6), (4, 0), (5, 2), (5, 7), (6, 1), (6, 2), (6, 4)], [(2, 0), (4, 0), (0, 5), (6, 0), (0, 7), (1, 2), (1, 3), (4, 1), (1, 5), (1, 6), (1, 7), (2, 3), (2, 5), (2, 6), (2, 7), (4, 3), (5, 3), (6, 3), (3, 7), (4, 5), (4, 6), (4, 7), (6, 5), (6, 7)], [(0, 2), (4, 0), (7, 0), (3, 1), (1, 6), (7, 1), (5, 2), (6, 2), (3, 5), (3, 6), (6, 4)], [(1, 0), (1, 6), (1, 7), (2, 0), (2, 1), (2, 6), (2, 7), (3, 0), (3, 1), (3, 2), (3, 4), (3, 5), (3, 6), (3, 7), (4, 0), (4, 6), (4, 7), (5, 0), (5, 2), (5, 6), (5, 7), (6, 0), (7, 0)]], [[(0, 1), (0, 3), (0, 4), (0, 5), (0, 7), (1, 2), (1, 3), (1, 4), (1, 5), (1, 7), (2, 3), (2, 5), (2, 6), (2, 7), (4, 2), (4, 3), (4, 5), (4, 6), (5, 3), (5, 6), (5, 7), (6, 3), (7, 3), (7, 6)], [(0, 2), (1, 0), (2, 4), (4, 3), (4, 7), (5, 0), (5, 7), (6, 2), (6, 3), (6, 5), (6, 7)], [(0, 1), (0, 2), (2, 4), (3, 4), (3, 5), (3, 6), (5, 0), (5, 2), (5, 7), (6, 2), (6, 5), (6, 7), (7, 1)], [(1, 0), (0, 2), (3, 0), (4, 0), (5, 0), (6, 0), (0, 7), (1, 2), (1, 3), (5, 1), (6, 1), (1, 7), (3, 2), (4, 2), (5, 2), (6, 2), (7, 2), (4, 3), (5, 3), (6, 3), (3, 7), (5, 4), (6, 4), (4, 7), (6, 5), (5, 7)], [(0, 1), (2, 0), (5, 0), (2, 4), (6, 2), (3, 4), (6, 3), (7, 4), (6, 5), (7, 5), (7, 6)], [(0, 2), (0, 3), (0, 4), (1, 0), (1, 2), (1, 4), (3, 2), (4, 2), (4, 3), (5, 0), (5, 1), (5, 2), (5, 4), (6, 0), (6, 1), (6, 2), (6, 3), (6, 4), (6, 5), (6, 7), (7, 0), (7, 1), (7, 2), (7, 3), (7, 4), (7, 5)]]]

