Number of nodes=8
Number of samples=10000
Cut of limit used=0.001
total_score_pc=-413025.31170852727
total_score_mmhc=-410209.2009130843
total_score_greedySP=-407630.3325781411
total_score_ske=-408838.4722796851
total_score_true=-404054.93907912454
shd dist pc to true=[0, 1, 3, 0, 0, 5, 0, 4, 8, 0, 4, 3, 0, 0, 0, 4, 9, 1, 3, 4, 7, 0, 0, 5, 0, 8, 0, 5, 0, 12, 1, 4, 8, 3, 8, 0, 0, 2, 1, 11, 7, 2, 9, 1, 1, 7, 8, 2, 7, 0, 1, 9, 0, 3, 0, 0, 8, 0, 1, 3, 4, 2, 11, 0, 0, 0, 8, 1, 9, 0, 5, 3, 6, 7, 8, 0, 8, 0, 4, 7, 0, 0, 6, 0, 0, 2, 4, 1, 0, 3, 6, 3, 2, 3, 0, 0, 4, 2, 5, 6]
shd dist mmhc to true=[0, 0, 2, 0, 0, 1, 2, 4, 6, 2, 3, 0, 3, 0, 0, 0, 5, 1, 0, 5, 1, 0, 0, 5, 4, 5, 0, 7, 2, 7, 1, 7, 6, 3, 10, 3, 0, 4, 1, 9, 9, 0, 12, 1, 0, 5, 3, 4, 5, 6, 1, 3, 0, 5, 2, 2, 0, 0, 3, 6, 6, 0, 12, 0, 2, 0, 6, 1, 2, 0, 6, 4, 4, 9, 8, 3, 3, 0, 3, 8, 0, 0, 4, 0, 0, 1, 0, 1, 0, 0, 1, 4, 4, 0, 2, 2, 4, 3, 5, 9]
shd dist greedySP to true=[3, 3, 0, 7, 2, 0, 0, 4, 15, 2, 8, 2, 2, 2, 2, 6, 11, 9, 1, 12, 15, 2, 8, 4, 0, 8, 1, 3, 5, 3, 5, 11, 8, 0, 11, 3, 2, 9, 0, 14, 3, 7, 13, 1, 0, 8, 8, 6, 0, 3, 10, 2, 0, 0, 2, 4, 10, 0, 1, 3, 6, 0, 14, 0, 3, 0, 2, 3, 4, 2, 17, 7, 3, 12, 7, 7, 6, 2, 2, 4, 0, 0, 7, 2, 3, 3, 2, 3, 0, 0, 0, 6, 4, 2, 4, 1, 5, 12, 8, 2]
shd dist ske to true=[0, 1, 2, 0, 0, 5, 0, 0, 8, 0, 2, 0, 0, 0, 0, 0, 3, 1, 0, 7, 1, 0, 0, 1, 0, 7, 0, 7, 0, 9, 1, 5, 7, 0, 9, 6, 0, 2, 1, 9, 8, 0, 9, 1, 1, 7, 10, 2, 0, 0, 1, 3, 0, 1, 0, 0, 6, 0, 1, 3, 0, 0, 13, 0, 0, 0, 3, 1, 8, 0, 3, 3, 6, 5, 7, 3, 3, 0, 3, 9, 0, 0, 1, 0, 0, 2, 0, 1, 0, 0, 6, 3, 0, 3, 0, 0, 4, 7, 3, 6]

score_vector_pc=[-4025.850644132629, -4043.775281926009, -4188.033204980759, -4035.3356176919388, -4011.1602560990555, -4193.173215838526, -4165.060723173747, -4221.786616811059, -4673.855658557856, -4030.2589791473333, -4142.1242054154445, -4090.5297063629996, -4082.3774869659596, -3962.552695300362, -4081.6910092591434, -4079.9971456041726, -4292.460818373978, -4125.968840501041, -4011.055967816338, -4270.904698004745, -4243.506443632625, -4178.748560817081, -4043.9407033179295, -4332.945677622893, -4049.2326583892614, -4041.2997438628263, -3939.0690345348025, -4327.208413116745, -3991.7783518463275, -4472.159657192634, -4122.760755739889, -4362.312123375226, -4194.377500897564, -4126.135974002481, -4395.792466215519, -4269.486257987403, -4035.5702975322715, -4140.9963143646955, -4108.156756655647, -4190.688115892365, -4698.987491240193, -4108.597905805984, -4245.816351479571, -4026.1666111988143, -4041.7128286378847, -4173.103271935684, -4222.402625314428, -4142.843321364164, -3995.1876885217957, -4001.4194414284325, -4105.83492181695, -4198.51894526118, -4058.9870489488894, -4106.349716136979, -4028.9156337766635, -3991.2923103756216, -4200.165738425703, -4053.954576847241, -3989.2841926511037, -4130.432962717129, -4096.012069658524, -4099.699937877909, -4236.509564670385, -3987.5045728978403, -3978.7970287810836, -4027.6216493251864, -4408.111199363029, -4038.1705989167594, -4202.722787674259, -4001.20781686688, -4202.516699444492, -4147.925918873926, -4219.129054289473, -4112.392677046471, -4220.199503852407, -4092.503581872088, -4039.3655258512435, -4025.835848343292, -4160.673561392232, -4037.1270742865595, -3964.940062068177, -4055.1630368982323, -4306.7123390988245, -4065.5915514775384, -4023.254373594349, -4027.691536592379, -4010.9507298314825, -3917.150491770664, -4043.1067164733736, -4055.2063480003458, -4116.136583166115, -4154.240548164162, -4102.135733791701, -3960.4746320630134, -4101.984815149313, -4077.134692969594, -4075.940634626269, -4392.533866638346, -4135.238611445529, -4291.605570580099]

score_vector_mmhc=[-4025.8506441326294, -4015.8538357561442, -4103.6369103621855, -4035.3356176919388, -4011.160256099055, -4145.313169565529, -4164.882784931724, -4235.942053630108, -4291.337674132526, -4057.4695705896274, -4039.7299488005365, -4022.421792386268, -4113.523953821391, -3962.5526953003614, -4081.6910092591434, -4014.4797352235937, -4202.9895515632425, -4125.968840501041, -4001.36864834456, -4078.288312463182, -4168.3208192666525, -4178.748560817081, -4043.9407033179295, -4285.849223458836, -4159.313662977871, -4080.448340625495, -3939.0690345348025, -4262.477958435607, -4087.141278086383, -4253.452002613079, -4122.760755739889, -4375.100976441602, -4045.6442936349545, -4126.135974002481, -4371.801851422173, -4270.140090088542, -4035.570297532272, -4221.5664697017655, -4108.156756655647, -4156.925044588322, -4103.761966177086, -4009.8252259849883, -4262.262718502685, -4026.1666111988143, -4038.7720748570896, -4162.785582091024, -4024.5552901632327, -4150.356137774803, -3979.564754269627, -4147.23789704326, -4105.83492181695, -4111.507958538659, -4058.9870489488903, -4130.722733718854, -4068.6891201838125, -4001.3156424313106, -4056.6430385273757, -4053.9545768472403, -4060.7076458182064, -4250.290782033863, -4060.12252711394, -4096.297493316639, -4100.468479807725, -3987.5045728978407, -4073.3642623167466, -4027.6216493251864, -4220.646751884652, -4038.1705989167594, -4177.003742023151, -4001.2078168668804, -4291.668956001221, -4119.758136072211, -4168.329132227, -4087.82420274245, -4152.060969761264, -4130.658037811874, -4021.3152158099274, -4025.835848343292, -4057.16219689239, -3998.0238042261226, -3964.940062068177, -4055.1630368982323, -4219.852153201184, -4065.591551477538, -4023.254373594349, -3993.0454507582376, -3986.8608080154986, -3917.150491770664, -4043.1067164733736, -3991.855646410978, -4061.8598145910914, -4152.742379226121, -4265.749939619159, -3942.737796914084, -4157.200504041202, -4094.7923513004266, -4075.940634626269, -4257.208960355013, -4042.8913083832886, -4235.909713578424]

score_vector_greedySP=[-4215.975449270878, -4025.6429917951405, -4034.685077759562, -4123.192957962513, -4021.4563070283384, -4033.2300442868045, -4165.060723173747, -4213.340349746442, -4119.459411754462, -4143.246822389735, -3959.3118453174575, -4035.6829449811344, -4110.603637196545, -4001.1826792965303, -4088.280686705257, -4021.4403558486415, -4028.9697812456193, -4092.553645260208, -4004.765021428313, -4045.8147695269968, -4117.767471768263, -4232.1978666914465, -4262.215976569356, -4100.155369894324, -4049.2326583892614, -4010.1803253191297, -3942.515218966177, -4282.1496719754305, -4161.477594473477, -4091.0791353988334, -4121.783568862767, -4168.4976152294985, -4044.821707676401, -4117.422713875983, -4102.635987550722, -4379.655278147062, -4048.4500377704608, -4137.7733247175065, -4075.73746380676, -4088.201654123372, -4092.6509059786204, -4024.0357972982097, -4123.179778700111, -4026.1666111988143, -4038.77207485709, -4003.3376086478306, -3975.2756160857534, -4046.9688877642798, -3974.9970739581277, -4026.081076835216, -4027.997255553103, -4219.308095041645, -4058.9870489488894, -3980.590221584324, -4068.6891201838125, -4025.3528033692983, -4092.317259528358, -4053.954576847241, -3989.2841926511037, -4212.9793470896675, -4060.12252711394, -4096.297493316639, -3950.8755144800125, -3987.5045728978403, -3980.592128850178, -4027.6216493251864, -4157.608735426416, -4011.0220112967295, -4151.28159887766, -4054.6014601129204, -4128.781519300116, -4074.780139760347, -4034.3301741582018, -4007.0041998472816, -4049.0397208646664, -4138.136994886019, -4032.884705385897, -4140.294014206525, -4124.550083097264, -3963.675438325456, -3964.940062068177, -4055.1630368982323, -4203.331239266969, -4191.934325373465, -4046.176876757768, -4000.098847896494, -4010.7871760121893, -3922.131653360523, -4043.1067164733736, -3991.855646410978, -4062.5100257466925, -4278.725779492137, -4002.493326879985, -3959.2876198966146, -4164.353711281057, -4080.4946497334745, -3982.7211238462464, -4249.656617163986, -4031.985671304097, -4138.802295447421]

score_vector_ske=[-4025.850644132629, -4043.775281926009, -4103.6369103621855, -4035.3356176919388, -4011.1602560990555, -4193.173215838526, -4165.060723173747, -4138.372354958329, -4471.697170720604, -4030.2589791473333, -4055.219816818091, -4022.421792386268, -4082.3774869659596, -3962.552695300362, -4081.6910092591434, -4014.4797352235937, -4213.594183917544, -4125.968840501041, -4001.36864834456, -4090.106844637736, -4168.3208192666525, -4178.748560817081, -4043.9407033179295, -4101.9933614712045, -4049.2326583892614, -4001.662191484211, -3939.0690345348025, -4262.477958435608, -3991.7783518463284, -4293.221034329996, -4122.760755739889, -4264.606729088286, -4086.34929017314, -4117.422713875983, -4293.092685187661, -4410.796441681463, -4035.5702975322715, -4140.9963143646955, -4108.156756655647, -4107.669286398156, -4229.0129887055555, -4009.8252259849883, -4245.816351479571, -4026.1666111988143, -4041.7128286378847, -4173.103271935684, -4024.3032659160667, -4142.843321364164, -3974.9970739581277, -4001.4194414284325, -4105.83492181695, -4111.50795853866, -4058.9870489488894, -4087.3873311022535, -4028.9156337766635, -3991.2923103756216, -4175.620275946827, -4053.954576847241, -3989.2841926511037, -4130.432962717129, -3939.23399792294, -4096.297493316639, -4060.396376652712, -3987.5045728978403, -3978.7970287810836, -4027.6216493251864, -4136.6793368900135, -4038.1705989167594, -4149.205053391418, -4001.20781686688, -4196.153485609532, -4055.2816041536944, -4219.129054289472, -4104.053599030706, -4158.975847958291, -4130.658037811875, -4021.3152158099274, -4025.835848343292, -4057.1621968923905, -4026.589230778667, -3964.940062068177, -4055.1630368982323, -4159.274640004635, -4065.5915514775384, -4023.254373594349, -4027.691536592379, -3986.860808015498, -3917.150491770664, -4043.1067164733736, -3991.855646410978, -4073.2353915110707, -4154.240548164162, -3999.112935651393, -3960.4746320630134, -4101.984815149313, -4077.134692969594, -4075.940634626269, -4283.23964834577, -4024.7062623051124, -4254.860064628903]

score_vector_true=[-4025.8506441326294, -4015.8538357561442, -4034.685077759562, -4035.3356176919388, -4011.1602560990555, -4033.2300442868045, -4165.060723173747, -4138.372354958329, -4107.578906570748, -4030.2589791473333, -3948.6312717144233, -4022.4217923862675, -4082.37748696596, -3962.5526953003623, -4081.6910092591434, -4014.4797352235937, -4010.734787239119, -4072.018407620426, -4001.36864834456, -4021.597067583969, -4103.163691167625, -4178.748560817081, -4043.9407033179295, -4023.67022872777, -4049.2326583892614, -4004.5977559066223, -3939.0690345348025, -4089.74346675702, -3991.7783518463284, -4001.616211754649, -4049.559673274435, -4074.5448445768816, -4038.490373678461, -4117.422713875983, -4083.385990577959, -4269.486257987403, -4035.570297532272, -4053.7647467169027, -4075.73746380676, -4076.0603347982405, -4088.1335552185133, -4009.8252259849883, -4090.5837545703134, -4029.0686191816576, -4038.77207485709, -3997.9506901048558, -3974.8140342563274, -4043.51576986078, -3974.9970739581277, -4001.4194414284325, -4023.303485366916, -4069.1279701347503, -4058.9870489488903, -3980.590221584324, -4028.915633776664, -3991.2923103756216, -4056.643038527375, -4053.954576847241, -3992.331362388217, -4129.634413765756, -3939.23399792294, -4096.297493316639, -3935.3176373317856, -3987.5045728978403, -3978.7970287810836, -4027.6216493251864, -4134.6265389528435, -4006.7086547685576, -4148.591267746395, -4001.20781686688, -4101.592705369958, -4007.4075697484177, -4031.333174044216, -3995.2817094867173, -4033.714727349777, -4092.503581872088, -4021.8525536541065, -4025.8358483432926, -4021.5742236090614, -3961.60979101689, -3964.9400620681777, -4055.1630368982323, -4114.554581932711, -4065.5915514775384, -4023.254373594349, -3993.402147896962, -3986.860808015498, -3919.974555748851, -4043.1067164733736, -3991.855646410978, -4062.5100257466934, -4155.729454872592, -3999.112935651393, -3942.737796914084, -4101.984815149313, -4077.134692969594, -3982.0949786846318, -4196.900590368123, -4025.3861610850013, -4055.3286023663813]
step_vector_greedySP=[]

step_vector_ske=[5, 0, 3, 4, 1, 1, 0, 3, 2, 5, 3, 4, 3, 1, 1, 4, 4, 5, 2, 3, 4, 1, 3, 5, 2, 4, 2, 1, 3, 2, 4, 3, 5, 3, 5, 4, 1, 3, 0, 7, 5, 4, 4, 0, 0, 1, 3, 2, 2, 2, 0, 5, 0, 2, 2, 2, 5, 0, 1, 3, 2, 1, 2, 1, 2, 1, 6, 3, 2, 1, 3, 1, 0, 3, 3, 1, 6, 1, 3, 1, 3, 0, 2, 0, 3, 3, 6, 1, 1, 3, 1, 1, 2, 2, 3, 3, 0, 2, 7, 4]

skeleton_result_vector=[1, 0, 0, 1, 1, 0, 1, 1, 0, 1, 0, 1, 1, 1, 1, 1, 0, 0, 1, 0, 0, 1, 1, 0, 1, 0, 1, 0, 1, 0, 0, 0, 0, 1, 0, 1, 1, 0, 0, 0, 0, 1, 0, 0, 0, 0, 0, 0, 1, 1, 0, 0, 1, 0, 1, 1, 0, 1, 0, 0, 1, 1, 0, 1, 1, 1, 0, 0, 0, 1, 0, 0, 0, 0, 0, 1, 0, 1, 0, 0, 1, 1, 0, 1, 1, 0, 1, 0, 1, 1, 1, 0, 1, 0, 1, 1, 0, 0, 1, 0]

return_dags_vector=[['pc', 'mmhc', 'greedySP', 'ske', 'true'], [[(0, 2), (4, 0), (5, 3), (6, 3), (6, 4), (7, 2), (7, 3)], [(0, 2), (0, 4), (4, 6), (5, 3), (6, 3), (7, 2), (7, 3)], [(0, 2), (0, 4), (3, 6), (5, 3), (6, 4), (7, 2), (7, 3)], [(0, 2), (4, 0), (7, 2), (5, 3), (6, 3), (7, 3), (6, 4)], [(0, 2), (0, 4), (4, 6), (5, 3), (6, 3), (7, 2), (7, 3)]], [[(1, 0), (1, 4), (3, 6), (3, 7), (4, 5), (4, 7), (5, 6)], [(0, 1), (1, 4), (1, 7), (3, 6), (3, 7), (4, 5), (4, 7), (5, 6)], [(1, 0), (3, 6), (3, 7), (4, 1), (4, 5), (4, 7), (5, 6), (7, 1)], [(1, 0), (4, 1), (3, 6), (3, 7), (4, 5), (4, 7), (5, 6)], [(1, 0), (1, 4), (1, 7), (3, 6), (3, 7), (4, 5), (4, 7), (5, 6)]], [[(0, 5), (4, 7), (5, 7), (6, 2), (6, 3), (6, 5)], [(0, 5), (2, 6), (4, 7), (6, 3), (6, 5), (7, 5)], [(0, 5), (5, 4), (6, 2), (6, 3), (6, 5), (7, 4), (7, 5)], [(0, 5), (6, 2), (6, 3), (7, 4), (6, 5), (7, 5)], [(0, 5), (5, 4), (6, 2), (6, 3), (6, 5), (7, 4), (7, 5)]], [[(0, 6), (1, 4), (2, 6), (3, 4), (3, 6), (5, 1), (7, 4)], [(0, 6), (1, 4), (1, 5), (2, 6), (3, 4), (3, 6), (7, 4)], [(0, 2), (1, 5), (3, 2), (3, 4), (4, 1), (6, 0), (6, 2), (6, 3), (7, 4)], [(0, 6), (1, 4), (5, 1), (2, 6), (3, 4), (3, 6), (7, 4)], [(0, 6), (1, 4), (1, 5), (2, 6), (3, 4), (3, 6), (7, 4)]], [[(0, 5), (5, 2), (5, 6), (7, 1), (7, 6)], [(1, 7), (2, 5), (5, 0), (5, 6), (7, 6)], [(5, 0), (5, 2), (6, 5), (7, 1), (7, 6)], [(5, 0), (7, 1), (5, 2), (5, 6), (7, 6)], [(5, 0), (5, 2), (5, 6), (7, 1), (7, 6)]], [[(0, 6), (1, 0), (2, 3), (2, 4), (5, 1), (7, 4), (7, 5)], [(0, 1), (2, 3), (2, 4), (5, 0), (5, 1), (6, 0), (7, 4), (7, 5)], [(0, 1), (2, 3), (2, 4), (5, 0), (5, 1), (5, 2), (6, 0), (7, 4), (7, 5)], [(1, 0), (0, 6), (5, 1), (2, 3), (2, 4), (7, 4), (7, 5)], [(0, 1), (2, 3), (2, 4), (5, 0), (5, 1), (5, 2), (5, 7), (6, 0), (7, 4)]], [[(2, 0), (4, 1), (4, 2), (6, 3), (7, 6)], [(0, 2), (2, 4), (3, 6), (4, 1), (6, 7), (7, 1)], [(2, 0), (4, 1), (4, 2), (6, 3), (7, 6)], [(2, 0), (4, 1), (4, 2), (6, 3), (7, 6)], [(2, 0), (3, 6), (4, 1), (4, 2), (6, 7)]], [[(1, 4), (2, 0), (2, 7), (3, 2), (4, 7), (6, 0)], [(0, 2), (0, 6), (1, 4), (2, 3), (2, 7), (7, 4)], [(2, 0), (2, 3), (4, 1), (6, 0), (7, 2), (7, 4)], [(2, 0), (6, 0), (1, 4), (3, 2), (7, 2), (7, 4)], [(1, 4), (2, 0), (3, 2), (6, 0), (7, 2), (7, 4)]], [[(0, 2), (0, 7), (1, 2), (1, 4), (2, 3), (3, 7), (4, 7), (5, 7), (6, 2), (6, 5)], [(0, 1), (0, 2), (0, 4), (0, 7), (1, 2), (1, 4), (2, 3), (2, 6), (3, 7), (5, 7), (6, 5), (7, 4)], [(0, 2), (1, 2), (2, 3), (2, 6), (3, 6), (4, 0), (4, 1), (6, 5), (7, 0), (7, 1), (7, 2), (7, 3), (7, 4), (7, 5)], [(0, 2), (0, 7), (1, 2), (1, 4), (2, 3), (2, 6), (3, 7), (7, 4), (6, 5), (5, 7)], [(0, 1), (0, 4), (1, 4), (2, 0), (2, 1), (3, 2), (3, 7), (5, 6), (5, 7), (6, 2), (7, 0), (7, 4)]], [[(1, 2), (3, 0), (3, 5), (6, 0), (6, 2), (6, 5), (7, 5)], [(0, 3), (0, 6), (1, 2), (3, 5), (6, 2), (6, 5), (7, 5)], [(2, 1), (3, 0), (3, 5), (6, 0), (6, 2), (6, 5), (7, 5)], [(3, 0), (6, 0), (1, 2), (6, 2), (3, 5), (6, 5), (7, 5)], [(1, 2), (3, 0), (3, 5), (6, 0), (6, 2), (6, 5), (7, 5)]], [[(0, 7), (1, 2), (1, 7), (2, 3), (2, 5), (3, 4), (3, 7), (4, 5), (6, 0), (6, 2)], [(0, 6), (0, 7), (1, 2), (1, 7), (2, 5), (3, 2), (3, 4), (3, 7), (4, 5), (6, 2), (6, 7)], [(0, 2), (0, 6), (0, 7), (2, 1), (2, 5), (2, 6), (3, 1), (3, 2), (3, 4), (3, 6), (3, 7), (4, 5), (6, 1), (7, 2)], [(0, 6), (0, 7), (1, 2), (1, 7), (3, 2), (2, 5), (6, 2), (3, 4), (3, 7), (4, 5)], [(0, 7), (1, 2), (2, 5), (2, 7), (3, 2), (3, 4), (3, 7), (4, 5), (6, 0), (6, 2)]], [[(1, 2), (1, 5), (1, 6), (2, 0), (3, 0), (4, 5), (5, 7), (6, 7)], [(1, 2), (1, 5), (1, 6), (2, 0), (3, 0), (4, 5), (7, 5), (7, 6)], [(0, 3), (1, 2), (1, 5), (1, 6), (2, 0), (4, 5), (7, 5), (7, 6)], [(2, 0), (3, 0), (1, 2), (1, 5), (1, 6), (4, 5), (7, 5), (7, 6)], [(1, 5), (1, 6), (2, 0), (2, 1), (3, 0), (4, 5), (7, 5), (7, 6)]], [[(1, 0), (2, 0), (2, 7), (4, 0), (5, 1), (5, 3), (6, 7)], [(0, 1), (0, 2), (0, 4), (1, 5), (2, 7), (5, 3), (6, 7)], [(1, 0), (2, 0), (4, 0), (5, 1), (5, 3), (7, 2), (7, 6)], [(1, 0), (2, 0), (4, 0), (5, 1), (2, 7), (5, 3), (6, 7)], [(1, 0), (1, 5), (2, 0), (2, 7), (4, 0), (5, 3), (6, 7)]], [[(1, 2), (2, 0), (2, 3), (4, 3), (7, 5)], [(0, 2), (2, 1), (2, 3), (4, 3), (5, 7)], [(2, 0), (2, 1), (3, 2), (4, 3), (7, 5)], [(2, 0), (2, 1), (2, 3), (4, 3), (7, 5)], [(2, 0), (2, 1), (2, 3), (4, 3), (5, 7)]], [[(5, 3), (5, 7), (6, 7)], [(3, 5), (5, 7), (6, 7)], [(5, 3), (7, 5), (7, 6)], [(5, 3), (5, 7), (6, 7)], [(5, 3), (5, 7), (6, 7)]], [[(0, 5), (0, 6), (3, 1), (4, 5), (4, 6), (7, 3), (7, 4), (7, 5)], [(0, 5), (0, 6), (1, 3), (3, 7), (5, 4), (6, 4), (7, 4), (7, 5)], [(0, 5), (0, 6), (3, 1), (4, 5), (4, 6), (6, 5), (7, 3), (7, 4), (7, 5), (7, 6)], [(0, 5), (6, 0), (3, 1), (7, 3), (5, 4), (6, 4), (7, 4), (7, 5)], [(0, 5), (1, 3), (3, 7), (5, 4), (6, 0), (6, 4), (7, 4), (7, 5)]], [[(0, 3), (0, 6), (1, 0), (1, 4), (1, 6), (1, 7), (2, 5), (3, 6), (3, 7), (4, 5), (5, 3), (5, 6)], [(0, 3), (0, 6), (0, 7), (1, 4), (1, 7), (3, 5), (3, 6), (3, 7), (5, 2), (5, 4), (5, 6), (6, 1)], [(0, 1), (0, 2), (0, 3), (0, 5), (0, 6), (0, 7), (1, 5), (1, 6), (1, 7), (3, 6), (3, 7), (4, 1), (4, 3), (4, 5), (4, 6), (5, 2), (6, 5)], [(1, 0), (3, 0), (0, 6), (1, 4), (1, 6), (1, 7), (5, 2), (3, 5), (3, 6), (3, 7), (5, 4), (5, 6)], [(0, 6), (0, 7), (1, 0), (1, 4), (1, 6), (1, 7), (2, 0), (3, 0), (3, 6), (3, 7), (4, 6), (5, 2), (5, 3), (5, 4), (5, 6)]], [[(0, 1), (2, 6), (2, 7), (3, 7), (4, 0), (6, 0), (6, 4), (7, 1)], [(0, 1), (0, 4), (0, 6), (2, 7), (3, 7), (4, 6), (6, 2), (7, 1)], [(0, 1), (0, 2), (0, 4), (0, 6), (2, 1), (2, 3), (2, 6), (6, 4), (7, 1), (7, 2), (7, 3)], [(0, 1), (4, 0), (6, 0), (7, 1), (2, 6), (2, 7), (3, 7), (6, 4)], [(0, 1), (0, 4), (2, 1), (2, 6), (2, 7), (3, 7), (6, 0), (6, 4), (7, 1)]], [[(0, 5), (1, 6), (2, 5), (4, 5), (6, 3), (7, 6)], [(0, 5), (2, 5), (3, 6), (4, 5), (6, 1), (6, 7)], [(0, 5), (2, 5), (4, 0), (4, 5), (6, 1), (6, 3), (7, 6)], [(0, 5), (6, 1), (2, 5), (6, 3), (4, 5), (7, 6)], [(0, 5), (2, 5), (3, 6), (4, 5), (6, 1), (6, 7)]], [[(0, 1), (0, 2), (2, 1), (3, 4), (4, 1), (5, 3), (6, 1), (6, 2), (6, 4), (7, 4)], [(0, 1), (0, 2), (1, 6), (2, 1), (2, 6), (3, 4), (3, 5), (4, 1), (4, 6), (7, 4)], [(0, 4), (1, 0), (1, 4), (2, 0), (2, 1), (2, 4), (3, 5), (4, 3), (4, 7), (6, 1), (6, 2), (6, 4), (7, 3)], [(0, 1), (0, 2), (1, 2), (4, 1), (1, 6), (6, 2), (3, 4), (3, 5), (4, 6), (7, 4)], [(0, 1), (2, 0), (2, 1), (3, 4), (4, 1), (5, 3), (6, 0), (6, 1), (6, 2), (6, 4), (6, 7), (7, 4)]], [[(0, 1), (0, 5), (1, 6), (2, 5), (3, 4), (4, 5), (4, 6), (5, 6), (7, 2), (7, 6)], [(0, 1), (0, 5), (2, 5), (2, 7), (3, 4), (4, 5), (6, 1), (6, 4), (6, 5), (7, 6)], [(0, 2), (1, 0), (1, 6), (2, 7), (4, 0), (4, 2), (4, 3), (4, 5), (4, 6), (5, 0), (5, 2), (6, 0), (6, 2), (6, 3), (6, 5), (6, 7)], [(0, 1), (0, 5), (6, 1), (2, 5), (7, 2), (3, 4), (4, 5), (6, 4), (6, 5), (7, 6)], [(0, 1), (0, 5), (1, 5), (2, 5), (3, 4), (4, 5), (6, 1), (6, 4), (6, 5), (6, 7), (7, 2)]], [[(2, 0), (2, 3), (5, 3), (5, 4), (7, 1)], [(0, 2), (1, 7), (2, 3), (4, 5), (5, 3)], [(2, 0), (3, 2), (5, 3), (5, 4), (7, 1)], [(2, 0), (7, 1), (2, 3), (5, 3), (5, 4)], [(1, 7), (2, 0), (2, 3), (4, 5), (5, 3)]], [[(0, 7), (1, 3), (1, 7), (4, 0), (4, 7), (6, 3), (7, 3)], [(0, 4), (0, 7), (1, 3), (1, 7), (4, 7), (6, 3), (7, 3)], [(0, 4), (1, 4), (3, 1), (3, 6), (7, 0), (7, 1), (7, 3), (7, 4)], [(4, 0), (0, 7), (1, 3), (1, 7), (6, 3), (7, 3), (4, 7)], [(0, 7), (1, 3), (1, 7), (4, 0), (4, 7), (6, 3), (7, 3)]], [[(0, 6), (1, 0), (2, 6), (3, 0), (4, 0), (4, 1), (4, 2), (5, 4), (7, 6)], [(0, 1), (0, 3), (0, 4), (0, 6), (1, 4), (4, 2), (4, 5), (6, 2), (6, 7)], [(0, 4), (1, 0), (1, 4), (3, 0), (4, 2), (5, 0), (5, 1), (5, 4), (6, 0), (6, 2), (7, 6)], [(1, 0), (3, 0), (4, 0), (6, 0), (4, 1), (4, 2), (6, 2), (5, 4), (7, 6)], [(1, 0), (3, 0), (4, 0), (4, 1), (4, 2), (4, 5), (5, 0), (6, 0), (6, 2), (7, 6)]], [[(0, 6), (1, 0), (2, 3), (4, 0), (4, 2), (7, 0)], [(0, 1), (0, 4), (0, 6), (0, 7), (2, 3), (4, 2)], [(0, 6), (1, 0), (2, 3), (4, 0), (4, 2), (7, 0)], [(1, 0), (4, 0), (0, 6), (7, 0), (2, 3), (4, 2)], [(0, 6), (1, 0), (2, 3), (2, 4), (4, 0), (7, 0)]], [[(1, 0), (1, 2), (1, 3), (3, 5), (4, 0), (4, 2), (5, 2), (7, 3), (7, 5)], [(0, 1), (0, 4), (1, 2), (1, 3), (2, 5), (4, 2), (5, 3), (5, 7), (7, 3)], [(1, 0), (1, 2), (1, 3), (1, 4), (2, 4), (3, 5), (4, 0), (5, 2), (7, 3), (7, 5)], [(1, 0), (4, 0), (1, 2), (1, 3), (4, 2), (2, 5), (5, 3), (7, 3), (5, 7)], [(1, 0), (1, 3), (1, 4), (2, 1), (2, 4), (4, 0), (5, 2), (5, 3), (7, 3), (7, 5)]], [[(1, 5), (2, 0), (2, 4), (4, 5), (6, 2), (7, 5)], [(0, 2), (1, 5), (2, 4), (2, 6), (4, 5), (7, 5)], [(1, 5), (2, 0), (2, 6), (4, 2), (4, 5), (7, 4), (7, 5)], [(2, 0), (1, 5), (2, 4), (6, 2), (4, 5), (7, 5)], [(1, 5), (2, 0), (2, 4), (4, 5), (6, 2), (7, 5)]], [[(1, 0), (1, 7), (4, 7), (5, 0), (5, 3)], [(0, 1), (0, 5), (1, 7), (4, 7), (5, 3)], [(1, 0), (5, 0), (5, 3), (7, 1), (7, 4), (7, 5)], [(1, 0), (0, 5), (1, 7), (5, 3), (4, 7)], [(1, 0), (1, 4), (1, 7), (3, 5), (5, 0), (7, 4), (7, 5)]], [[(0, 4), (1, 5), (2, 3), (4, 3), (5, 2), (5, 3), (6, 2), (7, 0)], [(0, 4), (0, 7), (2, 3), (2, 5), (2, 6), (4, 3), (5, 1), (5, 3)], [(0, 4), (2, 5), (2, 6), (3, 2), (3, 5), (4, 3), (5, 1), (7, 0)], [(0, 4), (7, 0), (5, 1), (2, 3), (5, 2), (6, 2), (4, 3), (5, 3)], [(0, 7), (2, 3), (4, 0), (4, 3), (5, 1), (5, 2), (5, 3), (6, 2)]], [[(0, 2), (0, 4), (0, 6), (1, 2), (1, 3), (1, 6), (2, 4), (3, 5), (4, 5), (5, 7), (7, 6)], [(0, 2), (0, 4), (0, 6), (2, 1), (2, 4), (3, 1), (3, 5), (4, 5), (5, 7), (6, 1), (7, 6)], [(0, 2), (0, 4), (2, 1), (2, 3), (4, 1), (4, 2), (4, 5), (5, 1), (5, 3), (5, 7), (6, 0), (6, 1), (6, 7)], [(0, 2), (0, 4), (6, 0), (2, 1), (1, 3), (6, 1), (4, 2), (3, 5), (4, 5), (5, 7), (6, 7)], [(0, 2), (0, 6), (2, 1), (2, 3), (4, 0), (4, 1), (4, 2), (4, 5), (5, 1), (5, 3), (5, 7), (6, 1), (7, 6)]], [[(0, 1), (1, 2), (3, 0), (4, 1), (5, 4), (6, 1), (7, 3), (7, 4)], [(0, 1), (0, 3), (1, 2), (3, 7), (4, 1), (5, 4), (6, 1), (7, 4)], [(0, 1), (0, 3), (0, 7), (1, 2), (4, 1), (4, 5), (4, 7), (6, 1), (7, 1), (7, 3)], [(0, 1), (3, 0), (1, 2), (4, 1), (6, 1), (7, 3), (5, 4), (7, 4)], [(0, 1), (1, 2), (3, 0), (4, 1), (5, 4), (6, 1), (7, 1), (7, 3), (7, 4)]], [[(0, 4), (1, 0), (1, 5), (1, 7), (2, 7), (3, 5), (6, 3), (6, 4), (6, 7)], [(1, 0), (1, 5), (2, 7), (3, 5), (4, 0), (4, 6), (6, 3), (6, 7), (7, 1)], [(1, 0), (1, 3), (1, 4), (1, 5), (3, 4), (3, 5), (4, 0), (6, 3), (6, 4), (7, 1), (7, 2), (7, 6)], [(1, 0), (0, 4), (1, 5), (1, 7), (2, 7), (3, 5), (6, 3), (6, 4), (7, 6)], [(0, 1), (0, 4), (1, 5), (1, 6), (1, 7), (2, 7), (3, 4), (3, 5), (3, 6), (4, 6), (6, 7)]], [[(0, 1), (3, 1), (3, 6), (4, 0), (4, 1), (5, 1), (5, 6), (6, 4), (7, 2)], [(1, 0), (2, 7), (3, 1), (3, 6), (4, 0), (4, 1), (5, 1), (5, 6), (6, 4), (7, 0)], [(0, 7), (1, 0), (1, 7), (3, 1), (4, 0), (4, 1), (5, 1), (5, 3), (6, 3), (6, 4), (6, 5), (7, 2)], [(1, 0), (4, 0), (3, 1), (4, 1), (5, 1), (7, 2), (3, 6), (6, 4), (5, 6)], [(1, 0), (1, 5), (3, 1), (4, 0), (4, 1), (4, 5), (4, 6), (6, 1), (6, 3), (6, 5), (7, 0), (7, 2)]], [[(1, 6), (3, 0), (3, 6), (4, 3), (4, 6), (7, 1), (7, 5)], [(0, 3), (1, 6), (3, 4), (3, 6), (4, 6), (5, 7), (7, 1)], [(1, 6), (3, 0), (4, 3), (4, 6), (6, 3), (7, 1), (7, 5)], [(3, 0), (1, 6), (7, 1), (4, 3), (6, 3), (4, 6), (7, 5)], [(1, 6), (1, 7), (3, 0), (4, 3), (4, 6), (6, 3), (7, 5)]], [[(0, 3), (0, 7), (1, 6), (4, 1), (4, 7), (5, 2), (6, 2), (6, 7), (7, 3)], [(2, 5), (2, 6), (3, 0), (4, 1), (4, 7), (6, 1), (6, 7), (7, 0), (7, 3)], [(0, 3), (0, 7), (1, 0), (1, 4), (1, 7), (4, 2), (5, 2), (6, 1), (6, 2), (6, 4), (6, 7), (7, 3), (7, 4)], [(0, 3), (0, 7), (4, 1), (6, 1), (5, 2), (6, 2), (7, 3), (7, 4), (6, 7)], [(0, 6), (1, 6), (3, 0), (4, 1), (4, 2), (4, 7), (5, 2), (6, 2), (7, 0), (7, 3), (7, 6)]], [[(0, 3), (1, 4), (2, 0), (4, 3), (4, 7), (6, 1), (6, 4), (7, 0)], [(0, 2), (0, 3), (1, 4), (1, 6), (4, 3), (4, 6), (4, 7), (7, 0), (7, 2)], [(0, 2), (0, 3), (0, 7), (4, 1), (4, 3), (4, 6), (4, 7), (6, 1)], [(2, 0), (3, 0), (7, 0), (4, 1), (6, 1), (3, 4), (6, 4), (4, 7)], [(0, 3), (1, 4), (1, 6), (2, 0), (4, 3), (4, 6), (4, 7), (7, 0)]], [[(2, 0), (2, 1), (4, 0), (4, 3), (6, 2), (7, 6)], [(1, 2), (2, 0), (2, 6), (4, 0), (4, 3), (6, 7)], [(0, 4), (2, 0), (2, 1), (4, 3), (6, 2), (7, 6)], [(2, 0), (4, 0), (2, 1), (6, 2), (4, 3), (7, 6)], [(2, 0), (2, 1), (2, 6), (4, 0), (4, 3), (6, 7)]], [[(0, 1), (0, 2), (3, 4), (3, 6), (5, 2), (5, 6), (6, 2)], [(0, 1), (0, 2), (3, 4), (5, 2), (6, 2), (6, 3), (6, 5)], [(0, 1), (2, 0), (3, 0), (3, 4), (5, 0), (5, 2), (6, 2), (6, 3), (6, 5)], [(0, 1), (0, 2), (5, 2), (6, 2), (3, 4), (3, 6), (5, 6)], [(0, 2), (1, 0), (2, 6), (3, 2), (3, 4), (3, 6), (5, 2), (5, 6)]], [[(1, 4), (1, 7), (5, 1), (6, 5), (6, 7)], [(1, 4), (1, 7), (5, 1), (5, 6), (6, 7)], [(1, 4), (1, 7), (5, 1), (5, 7), (6, 5), (6, 7)], [(1, 4), (5, 1), (1, 7), (6, 5), (6, 7)], [(1, 4), (1, 5), (1, 7), (5, 6), (5, 7), (6, 7)]], [[(0, 5), (1, 5), (1, 7), (2, 7), (3, 1), (4, 0), (4, 7), (7, 6)], [(0, 5), (1, 3), (1, 5), (4, 0), (6, 7), (7, 1), (7, 2), (7, 4)], [(0, 5), (1, 5), (1, 7), (3, 1), (3, 5), (3, 7), (4, 0), (4, 5), (4, 7), (7, 2), (7, 6)], [(0, 4), (5, 0), (3, 1), (5, 1), (1, 7), (7, 2), (4, 7), (7, 6)], [(0, 1), (0, 4), (3, 1), (4, 1), (5, 0), (5, 1), (7, 0), (7, 1), (7, 2), (7, 4), (7, 6)]], [[(1, 5), (2, 6), (3, 4), (4, 0), (5, 2), (5, 4), (6, 4), (7, 4)], [(3, 4), (3, 7), (4, 0), (4, 5), (4, 6), (5, 1), (5, 2), (6, 1), (6, 2), (7, 4)], [(1, 5), (4, 0), (4, 3), (4, 7), (5, 2), (5, 4), (6, 2), (6, 4), (6, 5), (7, 3)], [(4, 0), (5, 1), (5, 2), (6, 2), (3, 4), (4, 5), (4, 6), (7, 4)], [(1, 2), (1, 5), (2, 5), (3, 7), (4, 0), (4, 3), (4, 7), (5, 4), (6, 2), (6, 4)]], [[(0, 4), (1, 0), (1, 3), (1, 4), (2, 4), (2, 5), (3, 6), (4, 6), (4, 7), (5, 3)], [(0, 1), (0, 4), (1, 3), (1, 4), (2, 4), (2, 5), (4, 7), (5, 3), (6, 3), (6, 4)], [(0, 1), (0, 2), (0, 4), (1, 2), (1, 3), (2, 5), (4, 1), (4, 2), (4, 7), (5, 3), (6, 2), (6, 3), (6, 4)], [(1, 0), (0, 4), (1, 3), (1, 4), (2, 4), (2, 5), (5, 3), (6, 3), (6, 4), (4, 7)], [(0, 4), (1, 0), (1, 3), (1, 4), (2, 4), (2, 5), (4, 7), (5, 3), (6, 3), (6, 4)]], [[(0, 4), (1, 3), (1, 7), (2, 3), (2, 4), (2, 5), (2, 6), (5, 1), (6, 0), (6, 4), (6, 7)], [(1, 3), (1, 7), (2, 3), (2, 4), (2, 5), (2, 6), (4, 0), (4, 6), (5, 1), (6, 0), (6, 7)], [(0, 4), (1, 3), (1, 5), (2, 4), (3, 2), (3, 5), (5, 2), (6, 0), (6, 2), (6, 3), (6, 4), (6, 5), (7, 1), (7, 5), (7, 6)], [(0, 4), (6, 0), (1, 3), (5, 1), (1, 7), (2, 3), (2, 4), (2, 5), (6, 2), (6, 4), (6, 7)], [(0, 4), (2, 3), (2, 4), (2, 6), (3, 1), (5, 1), (5, 2), (5, 6), (6, 0), (6, 1), (6, 4), (7, 1), (7, 2), (7, 6)]], [[(3, 1), (4, 0), (5, 2), (5, 3), (7, 6)], [(0, 4), (1, 3), (3, 5), (5, 2), (6, 7)], [(3, 1), (4, 0), (5, 2), (5, 3), (7, 6)], [(4, 0), (3, 1), (5, 2), (5, 3), (7, 6)], [(2, 5), (3, 1), (3, 2), (3, 5), (4, 0), (6, 7)]], [[(4, 1), (5, 0), (5, 2), (6, 4), (6, 5)], [(1, 4), (4, 5), (4, 6), (5, 0), (5, 2), (6, 5)], [(4, 1), (5, 0), (5, 2), (5, 4), (6, 4), (6, 5)], [(5, 0), (4, 1), (5, 2), (6, 4), (6, 5)], [(4, 1), (4, 6), (5, 0), (5, 2), (5, 4), (5, 6)]], [[(0, 4), (2, 1), (4, 1), (4, 5), (5, 6), (7, 0)], [(0, 4), (0, 7), (2, 1), (2, 5), (4, 1), (4, 5), (5, 6)], [(2, 1), (4, 0), (4, 1), (4, 2), (4, 7), (5, 2), (5, 4), (6, 2), (6, 5), (6, 7), (7, 0)], [(0, 4), (7, 0), (2, 1), (4, 1), (4, 5), (5, 6)], [(2, 1), (2, 5), (4, 0), (4, 1), (4, 5), (6, 4), (6, 5), (7, 0), (7, 4)]], [[(3, 1), (3, 2), (4, 2), (4, 6), (5, 2), (6, 1), (6, 2), (7, 6)], [(2, 3), (2, 4), (2, 5), (2, 6), (3, 1), (4, 6), (6, 1), (6, 3), (6, 7)], [(2, 4), (2, 5), (3, 1), (3, 2), (3, 6), (6, 1), (6, 2), (6, 4), (7, 1), (7, 6)], [(1, 3), (1, 6), (2, 3), (4, 2), (2, 5), (6, 2), (4, 6), (7, 6)], [(2, 3), (2, 4), (2, 6), (3, 1), (5, 2), (6, 1), (6, 3), (6, 4), (6, 7), (7, 1)]], [[(2, 0), (3, 7), (4, 0), (4, 1), (4, 3), (5, 3), (5, 7), (7, 6)], [(0, 2), (0, 4), (2, 7), (3, 7), (4, 1), (4, 3), (5, 3), (5, 7), (7, 6)], [(2, 0), (3, 4), (4, 0), (4, 1), (4, 6), (5, 3), (5, 4), (7, 2), (7, 3), (7, 5), (7, 6)], [(2, 0), (4, 0), (4, 1), (4, 3), (5, 3), (3, 7), (5, 7), (7, 6)], [(2, 0), (3, 7), (4, 0), (4, 1), (4, 3), (4, 6), (5, 3), (5, 7), (7, 2), (7, 6)]], [[(0, 3), (2, 5), (3, 1), (3, 5), (4, 2), (7, 0), (7, 3)], [(1, 3), (3, 0), (3, 5), (3, 7), (4, 2), (5, 2), (7, 0)], [(0, 3), (0, 7), (3, 1), (3, 7), (4, 2), (5, 2), (5, 3)], [(0, 3), (0, 7), (3, 1), (4, 2), (5, 2), (5, 3), (3, 7)], [(0, 3), (0, 7), (3, 1), (3, 7), (4, 2), (5, 2), (5, 3)]], [[(1, 6), (3, 2), (6, 2), (7, 2), (7, 6)], [(2, 3), (2, 6), (2, 7), (3, 0), (6, 1), (6, 7)], [(2, 6), (3, 2), (6, 1), (7, 1), (7, 2), (7, 6)], [(1, 6), (3, 2), (6, 2), (7, 2), (7, 6)], [(1, 6), (3, 2), (6, 2), (7, 2), (7, 6)]], [[(0, 2), (0, 4), (0, 6), (1, 3), (1, 4), (1, 6), (5, 6)], [(0, 2), (0, 4), (0, 6), (1, 3), (1, 4), (1, 6), (5, 6)], [(0, 2), (1, 3), (4, 0), (4, 1), (5, 0), (5, 1), (6, 0), (6, 1), (6, 4), (6, 5)], [(0, 2), (0, 4), (0, 6), (1, 3), (1, 4), (1, 6), (5, 6)], [(0, 4), (0, 6), (1, 4), (1, 6), (2, 0), (3, 1), (5, 6), (6, 4)]], [[(0, 7), (1, 0), (1, 6), (2, 1), (2, 3), (3, 4), (3, 7), (4, 6), (6, 5)], [(1, 0), (2, 1), (3, 2), (3, 7), (4, 3), (5, 6), (6, 1), (6, 4), (7, 0)], [(1, 0), (1, 2), (3, 1), (3, 2), (3, 4), (6, 1), (6, 4), (6, 5), (7, 0), (7, 3)], [(1, 0), (7, 0), (2, 1), (6, 1), (3, 2), (3, 4), (7, 3), (4, 6), (6, 5)], [(1, 0), (1, 2), (3, 1), (3, 2), (3, 4), (3, 7), (4, 6), (6, 1), (6, 5), (7, 0)]], [[(0, 1), (0, 4), (1, 5), (6, 0)], [(0, 1), (0, 4), (0, 6), (1, 5)], [(0, 1), (0, 4), (1, 5), (6, 0)], [(0, 1), (0, 4), (6, 0), (1, 5)], [(0, 4), (0, 6), (1, 0), (1, 5)]], [[(0, 4), (3, 0), (5, 0), (6, 2), (6, 4), (7, 3)], [(0, 3), (0, 4), (0, 5), (2, 6), (3, 7), (6, 4)], [(3, 0), (4, 0), (5, 0), (6, 0), (6, 2), (6, 4), (7, 3)], [(3, 0), (4, 0), (5, 0), (6, 2), (7, 3), (6, 4)], [(3, 0), (4, 0), (5, 0), (6, 0), (6, 2), (6, 4), (7, 3)]], [[(1, 3), (1, 6), (2, 0), (3, 2), (4, 6), (5, 0), (7, 1)], [(0, 2), (0, 5), (1, 6), (1, 7), (2, 3), (3, 1), (4, 6)], [(0, 5), (1, 3), (1, 6), (2, 0), (3, 2), (4, 6), (7, 1)], [(2, 0), (5, 0), (1, 3), (1, 6), (7, 1), (3, 2), (4, 6)], [(1, 6), (1, 7), (2, 0), (2, 3), (3, 1), (4, 6), (5, 0)]], [[(1, 2), (1, 7), (3, 0), (4, 6), (4, 7), (5, 0)], [(0, 3), (0, 5), (1, 2), (1, 7), (4, 6), (4, 7)], [(0, 3), (1, 2), (4, 6), (5, 0), (7, 1), (7, 4)], [(3, 0), (5, 0), (1, 2), (1, 7), (4, 6), (4, 7)], [(1, 7), (2, 1), (3, 0), (4, 7), (5, 0), (6, 4)]], [[(0, 3), (1, 3), (2, 5), (4, 3), (5, 1), (5, 3), (6, 1), (6, 5), (7, 0)], [(1, 3), (1, 5), (1, 6), (2, 0), (2, 6), (3, 0), (4, 3), (5, 2), (5, 3), (5, 6), (7, 0)], [(0, 3), (1, 6), (2, 3), (2, 5), (2, 6), (3, 1), (3, 4), (3, 5), (5, 1), (5, 6), (7, 0), (7, 3)], [(3, 0), (7, 0), (1, 3), (5, 1), (6, 1), (2, 5), (4, 3), (5, 3), (6, 5)], [(1, 3), (1, 6), (2, 0), (2, 5), (2, 6), (3, 0), (4, 3), (5, 1), (5, 3), (5, 6), (7, 0)]], [[(0, 2), (4, 0), (7, 3), (7, 6)], [(0, 2), (0, 4), (6, 7), (7, 3)], [(0, 2), (4, 0), (7, 3), (7, 6)], [(0, 2), (4, 0), (7, 3), (7, 6)], [(0, 4), (2, 0), (7, 3), (7, 6)]], [[(0, 2), (2, 4), (6, 0), (6, 1), (6, 3), (6, 5), (7, 3)], [(0, 2), (2, 4), (3, 6), (3, 7), (6, 0), (6, 1), (6, 5)], [(0, 2), (2, 4), (6, 0), (6, 1), (6, 3), (6, 5), (7, 3)], [(0, 2), (6, 0), (6, 1), (2, 4), (6, 3), (7, 3), (6, 5)], [(0, 2), (0, 4), (4, 2), (6, 0), (6, 1), (6, 3), (6, 5), (7, 3)]], [[(0, 1), (2, 7), (4, 2), (5, 3), (6, 1), (6, 2), (6, 3)], [(0, 1), (2, 4), (2, 6), (2, 7), (5, 3), (6, 1), (6, 3)], [(1, 0), (2, 7), (3, 5), (4, 2), (6, 1), (6, 2), (6, 3)], [(0, 1), (6, 1), (4, 2), (6, 2), (2, 7), (5, 3), (6, 3)], [(0, 1), (2, 7), (3, 5), (3, 6), (4, 2), (6, 1), (6, 2), (6, 5)]], [[(0, 5), (2, 6), (3, 1), (4, 3), (4, 5), (4, 6), (6, 3), (7, 1)], [(1, 3), (1, 7), (3, 4), (3, 6), (4, 5), (4, 6), (5, 0), (6, 2)], [(1, 3), (3, 4), (3, 6), (4, 5), (5, 0), (6, 2), (6, 4), (7, 1)], [(5, 0), (3, 1), (7, 1), (6, 2), (4, 3), (6, 3), (5, 4), (6, 4)], [(3, 1), (4, 3), (5, 0), (5, 4), (6, 2), (6, 3), (6, 4), (7, 1)]], [[(1, 6), (2, 4), (3, 4), (4, 6), (5, 0)], [(0, 5), (1, 6), (2, 4), (4, 3), (4, 6)], [(1, 6), (4, 2), (4, 3), (4, 6), (5, 0)], [(5, 0), (1, 6), (4, 2), (4, 3), (4, 6)], [(1, 6), (3, 4), (4, 2), (4, 6), (5, 0)]], [[(0, 5), (0, 6), (0, 7), (1, 2), (1, 7), (2, 4), (2, 5), (2, 6), (5, 7)], [(0, 2), (0, 5), (0, 6), (0, 7), (2, 1), (2, 4), (2, 6), (5, 7), (7, 1)], [(0, 1), (0, 2), (0, 5), (0, 6), (2, 1), (2, 4), (6, 2), (6, 5), (7, 0), (7, 1), (7, 5)], [(0, 5), (0, 6), (7, 0), (2, 1), (7, 1), (2, 4), (2, 5), (2, 6), (7, 5)], [(0, 2), (1, 2), (1, 7), (2, 4), (2, 7), (5, 0), (5, 7), (6, 0), (6, 1), (6, 2), (6, 7)]], [[(0, 5), (0, 6), (0, 7), (1, 6), (2, 1), (2, 6), (2, 7), (5, 4)], [(0, 6), (0, 7), (1, 6), (2, 1), (2, 6), (2, 7), (4, 5), (5, 0)], [(0, 5), (0, 6), (0, 7), (1, 6), (2, 1), (2, 6), (2, 7), (5, 4)], [(0, 5), (0, 6), (0, 7), (2, 1), (1, 6), (2, 6), (2, 7), (5, 4)], [(0, 5), (0, 6), (0, 7), (1, 2), (1, 6), (2, 6), (2, 7), (5, 4)]], [[(0, 5), (3, 2), (7, 2), (7, 5)], [(0, 5), (2, 3), (2, 7), (7, 5)], [(3, 2), (5, 0), (7, 0), (7, 2), (7, 5)], [(0, 5), (3, 2), (7, 2), (7, 5)], [(0, 5), (3, 2), (7, 2), (7, 5)]], [[(1, 3), (4, 0), (4, 3), (7, 4)], [(0, 4), (1, 3), (4, 3), (4, 7)], [(1, 3), (4, 0), (4, 3), (7, 4)], [(4, 0), (1, 3), (4, 3), (7, 4)], [(1, 3), (4, 0), (4, 3), (7, 4)]], [[(0, 5), (0, 7), (1, 5), (1, 7), (2, 5), (2, 7), (3, 1), (3, 6), (4, 1), (4, 2)], [(0, 5), (0, 7), (2, 4), (2, 5), (2, 7), (3, 1), (3, 6), (4, 1), (5, 1), (7, 1)], [(3, 1), (4, 1), (4, 2), (5, 0), (5, 1), (5, 2), (5, 4), (6, 3), (7, 0), (7, 1), (7, 2)], [(5, 0), (7, 0), (3, 1), (4, 1), (5, 1), (7, 1), (4, 2), (5, 2), (2, 7), (6, 3)], [(2, 4), (3, 1), (4, 1), (5, 0), (5, 1), (5, 2), (5, 4), (6, 3), (7, 0), (7, 1), (7, 2)]], [[(0, 6), (1, 3), (2, 6), (4, 3), (5, 1), (5, 6), (7, 0), (7, 3)], [(0, 6), (1, 3), (1, 5), (2, 6), (4, 3), (5, 6), (7, 0), (7, 3)], [(0, 6), (1, 3), (4, 3), (5, 1), (5, 2), (5, 6), (6, 2), (7, 0), (7, 3)], [(0, 6), (7, 0), (1, 3), (5, 1), (2, 6), (4, 3), (7, 3), (5, 6)], [(0, 2), (0, 6), (0, 7), (1, 3), (1, 5), (2, 6), (4, 3), (5, 6), (7, 3)]], [[(1, 5), (2, 4), (3, 2), (4, 5), (5, 6), (6, 0), (7, 5), (7, 6)], [(1, 5), (2, 3), (2, 4), (5, 4), (5, 6), (5, 7), (6, 0), (6, 7)], [(3, 2), (4, 2), (5, 1), (5, 4), (6, 0), (6, 5), (7, 5), (7, 6)], [(6, 0), (1, 5), (3, 2), (4, 2), (4, 5), (5, 6), (5, 7), (7, 6)], [(2, 3), (2, 4), (4, 3), (5, 1), (5, 4), (5, 6), (6, 0), (7, 5), (7, 6)]], [[(0, 1), (0, 4), (5, 2), (6, 4), (7, 0)], [(0, 1), (0, 4), (0, 7), (2, 5), (6, 4)], [(0, 1), (0, 4), (4, 6), (5, 2), (7, 0)], [(0, 1), (0, 4), (7, 0), (5, 2), (6, 4)], [(0, 1), (0, 4), (5, 2), (6, 4), (7, 0)]], [[(0, 2), (1, 3), (2, 4), (3, 4), (5, 0), (5, 3), (6, 2), (7, 2)], [(0, 5), (2, 4), (2, 6), (2, 7), (3, 1), (3, 4), (5, 3)], [(0, 5), (0, 6), (1, 3), (2, 1), (2, 3), (2, 5), (2, 6), (2, 7), (3, 0), (4, 0), (4, 2), (4, 3), (4, 5), (6, 7)], [(0, 2), (5, 0), (3, 1), (2, 4), (6, 2), (7, 2), (3, 4), (5, 3)], [(0, 2), (0, 4), (1, 3), (1, 4), (2, 4), (3, 4), (3, 5), (5, 0), (5, 4), (6, 2), (7, 2)]], [[(1, 2), (2, 0), (5, 2), (6, 1), (6, 4), (7, 2)], [(0, 2), (2, 1), (2, 5), (2, 7), (4, 6), (6, 1)], [(2, 0), (2, 1), (2, 5), (2, 6), (6, 1), (6, 4), (6, 5), (7, 2)], [(2, 0), (2, 1), (1, 6), (5, 2), (7, 2), (6, 4)], [(2, 0), (2, 1), (5, 2), (6, 1), (6, 2), (6, 4), (7, 2)]], [[(0, 4), (0, 7), (1, 6), (2, 0), (3, 4), (3, 6), (3, 7), (5, 6)], [(0, 2), (0, 4), (0, 7), (1, 6), (3, 4), (3, 6), (3, 7), (4, 7), (5, 6), (5, 7)], [(1, 6), (2, 0), (3, 4), (3, 6), (3, 7), (4, 0), (5, 4), (5, 6), (5, 7), (7, 0), (7, 4)], [(0, 2), (0, 4), (0, 7), (1, 6), (3, 4), (3, 6), (3, 7), (5, 6)], [(1, 6), (2, 0), (3, 6), (3, 7), (4, 0), (4, 3), (4, 7), (5, 6), (5, 7), (7, 0)]], [[(0, 2), (0, 6), (2, 5), (2, 7), (4, 3), (4, 6), (4, 7), (5, 6), (7, 3)], [(0, 6), (2, 0), (2, 5), (3, 0), (3, 4), (3, 7), (4, 6), (5, 6), (7, 2), (7, 4)], [(0, 3), (2, 0), (2, 4), (2, 5), (2, 7), (4, 0), (4, 3), (4, 5), (4, 7), (6, 0), (6, 4), (6, 5), (7, 3)], [(0, 2), (0, 6), (5, 2), (2, 7), (4, 3), (7, 3), (4, 6), (4, 7), (5, 6)], [(0, 2), (0, 3), (0, 6), (0, 7), (2, 3), (2, 7), (3, 4), (3, 7), (4, 6), (4, 7), (5, 2), (5, 6)]], [[(0, 6), (2, 0), (3, 0), (3, 4), (3, 5), (5, 1), (5, 7), (6, 7)], [(1, 5), (2, 0), (2, 7), (3, 0), (3, 4), (5, 3), (5, 7), (6, 0), (6, 7)], [(0, 2), (0, 5), (0, 6), (3, 0), (3, 4), (3, 6), (5, 1), (6, 5), (7, 3), (7, 5), (7, 6)], [(2, 0), (3, 0), (6, 0), (5, 1), (3, 4), (5, 3), (5, 7), (6, 7)], [(0, 5), (0, 7), (2, 0), (3, 0), (3, 4), (3, 7), (5, 1), (6, 0), (6, 5), (6, 7), (7, 5)]], [[(0, 4), (0, 7), (1, 2), (1, 4), (1, 7), (2, 6), (3, 1), (3, 7), (5, 7), (6, 4)], [(0, 4), (0, 7), (1, 2), (1, 3), (1, 4), (1, 7), (3, 7), (4, 6), (5, 7), (6, 2)], [(0, 3), (0, 4), (0, 7), (1, 0), (1, 2), (1, 4), (1, 7), (5, 3), (5, 7), (6, 2), (6, 4), (7, 3)], [(0, 4), (0, 7), (1, 2), (3, 1), (1, 4), (1, 7), (6, 2), (3, 7), (4, 6), (5, 7)], [(0, 4), (0, 7), (1, 2), (1, 3), (1, 4), (1, 7), (2, 6), (3, 7), (5, 7), (6, 4)]], [[(0, 3), (1, 0), (2, 5), (2, 7), (4, 3), (4, 5), (4, 6), (5, 3), (6, 7), (7, 1)], [(0, 1), (0, 3), (1, 7), (2, 5), (4, 3), (4, 5), (4, 6), (5, 3), (7, 2), (7, 6)], [(0, 1), (2, 3), (2, 5), (3, 0), (3, 5), (4, 0), (4, 3), (4, 5), (4, 6), (7, 0), (7, 1), (7, 2), (7, 3), (7, 6)], [(1, 0), (0, 3), (7, 1), (2, 5), (7, 2), (4, 3), (5, 3), (4, 5), (4, 6), (7, 6)], [(0, 1), (0, 3), (2, 3), (2, 5), (3, 5), (4, 3), (4, 5), (4, 6), (7, 0), (7, 1), (7, 2), (7, 6)]], [[(1, 0), (2, 5), (3, 1), (4, 6), (6, 5), (7, 4)], [(0, 1), (1, 3), (2, 5), (4, 6), (4, 7), (6, 5)], [(1, 0), (3, 1), (4, 6), (5, 2), (6, 5), (7, 4)], [(1, 0), (3, 1), (2, 5), (4, 6), (7, 4), (6, 5)], [(0, 1), (1, 3), (2, 5), (4, 7), (6, 4), (6, 5)]], [[(1, 0), (2, 5), (2, 6), (3, 7), (4, 3), (4, 6), (5, 7), (6, 3)], [(0, 1), (2, 5), (2, 6), (4, 3), (6, 3), (6, 4), (7, 3), (7, 5)], [(1, 0), (4, 3), (5, 2), (5, 7), (6, 2), (6, 3), (6, 4), (6, 7), (7, 3)], [(1, 0), (2, 5), (6, 2), (4, 3), (6, 3), (7, 3), (6, 4), (7, 5)], [(1, 0), (2, 6), (4, 3), (5, 2), (5, 7), (6, 3), (6, 4), (6, 7), (7, 3)]], [[(0, 1), (1, 2), (1, 5), (4, 5), (5, 2), (6, 0), (7, 4)], [(0, 1), (0, 4), (0, 6), (1, 2), (4, 7), (5, 1), (5, 2), (5, 4)], [(0, 6), (1, 0), (1, 2), (1, 5), (1, 6), (1, 7), (4, 0), (4, 5), (4, 7), (5, 2)], [(0, 1), (6, 0), (1, 2), (5, 1), (5, 2), (4, 5), (7, 4)], [(1, 0), (1, 2), (1, 5), (1, 7), (2, 5), (4, 0), (4, 2), (4, 5), (4, 7), (6, 0)]], [[(0, 3), (1, 3), (4, 1), (5, 0), (5, 3), (6, 2), (6, 3), (7, 6)], [(0, 3), (0, 5), (1, 3), (1, 4), (2, 6), (5, 3), (6, 3), (6, 7)], [(0, 3), (1, 3), (4, 1), (5, 0), (5, 3), (6, 2), (6, 3), (7, 6)], [(0, 3), (5, 0), (1, 3), (4, 1), (6, 2), (5, 3), (6, 3), (7, 6)], [(0, 3), (0, 5), (1, 3), (4, 1), (5, 3), (6, 2), (6, 3), (6, 7)]], [[(0, 1), (0, 4), (0, 5), (2, 0), (7, 2)], [(0, 1), (0, 2), (0, 4), (0, 5), (2, 7)], [(0, 1), (0, 4), (0, 5), (2, 0), (7, 2)], [(0, 1), (2, 0), (0, 4), (0, 5), (7, 2)], [(0, 1), (0, 2), (0, 4), (0, 5), (2, 7)]], [[(0, 2), (0, 4), (1, 4), (1, 6), (3, 1), (4, 5), (5, 6), (5, 7)], [(0, 2), (0, 4), (1, 3), (1, 4), (1, 6), (5, 4), (5, 6), (5, 7)], [(0, 2), (1, 3), (1, 4), (1, 6), (4, 0), (5, 4), (5, 6), (6, 3), (7, 5)], [(0, 2), (0, 4), (3, 1), (1, 4), (6, 1), (5, 4), (5, 6), (7, 5)], [(0, 4), (1, 4), (2, 0), (3, 1), (5, 1), (5, 4), (5, 6), (5, 7), (6, 1)]], [[(1, 0), (2, 5), (4, 3), (6, 1), (7, 2), (7, 6)], [(1, 0), (2, 5), (2, 7), (3, 4), (6, 1), (7, 6)], [(1, 0), (1, 6), (2, 5), (4, 3), (7, 2), (7, 6)], [(1, 0), (6, 1), (2, 5), (7, 2), (4, 3), (7, 6)], [(1, 0), (1, 6), (2, 5), (3, 4), (6, 7), (7, 2)]], [[(0, 1), (2, 3), (3, 1), (4, 3), (6, 2), (7, 3), (7, 5)], [(0, 1), (2, 3), (2, 6), (3, 1), (4, 3), (5, 7), (7, 3)], [(0, 1), (2, 6), (3, 1), (3, 2), (3, 4), (7, 3), (7, 5)], [(0, 1), (3, 1), (2, 3), (6, 2), (4, 3), (7, 3), (7, 5)], [(0, 1), (2, 3), (2, 6), (3, 1), (4, 3), (7, 3), (7, 5)]], [[(0, 7), (1, 2), (4, 5), (4, 7), (5, 2), (6, 2)], [(0, 7), (1, 2), (1, 4), (4, 7), (5, 2), (5, 4), (5, 7), (6, 2)], [(0, 7), (1, 2), (1, 4), (4, 7), (5, 1), (5, 2), (5, 4), (6, 1), (6, 2)], [(0, 7), (1, 2), (5, 2), (6, 2), (4, 5), (4, 7)], [(0, 7), (1, 2), (1, 4), (4, 7), (5, 2), (5, 4), (6, 2)]], [[(1, 4), (1, 6), (3, 7), (5, 0), (6, 0), (6, 7), (7, 2), (7, 4)], [(1, 4), (1, 6), (2, 7), (5, 0), (6, 0), (7, 3), (7, 4), (7, 6)], [(1, 6), (4, 1), (5, 0), (6, 0), (7, 2), (7, 3), (7, 4), (7, 6)], [(5, 0), (6, 0), (1, 4), (1, 6), (7, 2), (7, 3), (7, 4), (7, 6)], [(1, 4), (1, 6), (5, 0), (6, 0), (7, 2), (7, 3), (7, 4), (7, 6)]], [[(1, 4), (2, 0), (2, 3), (2, 6), (4, 6), (7, 1)], [(0, 2), (1, 4), (1, 7), (2, 3), (2, 6), (4, 6)], [(1, 4), (2, 0), (2, 3), (4, 6), (6, 2), (7, 1)], [(2, 0), (1, 4), (7, 1), (2, 3), (2, 6), (4, 6)], [(2, 0), (2, 3), (2, 6), (4, 1), (4, 6), (7, 1), (7, 4)]], [[(0, 5), (0, 7), (2, 3), (2, 7), (6, 1)], [(0, 5), (0, 7), (1, 6), (2, 3), (2, 7)], [(0, 5), (0, 7), (2, 3), (2, 7), (6, 1)], [(0, 5), (0, 7), (6, 1), (2, 3), (2, 7)], [(0, 5), (0, 7), (2, 3), (2, 7), (6, 1)]], [[(1, 2), (1, 3), (1, 6), (2, 7), (3, 7), (4, 0), (4, 6), (5, 3)], [(0, 4), (1, 2), (1, 3), (1, 6), (4, 6), (5, 3), (7, 2), (7, 3)], [(1, 2), (1, 3), (1, 6), (4, 0), (4, 6), (5, 3), (7, 2), (7, 3)], [(4, 0), (1, 2), (1, 3), (1, 6), (7, 2), (5, 3), (7, 3), (4, 6)], [(1, 2), (1, 3), (1, 6), (4, 0), (4, 6), (5, 3), (7, 2), (7, 3)]], [[(0, 1), (1, 5), (2, 0), (2, 5), (4, 3), (6, 2), (7, 2), (7, 5)], [(0, 1), (0, 2), (2, 5), (2, 6), (2, 7), (3, 4), (4, 1), (5, 1), (5, 7)], [(0, 1), (2, 0), (2, 5), (2, 6), (4, 3), (5, 1), (7, 2), (7, 5)], [(1, 0), (2, 0), (1, 5), (2, 5), (2, 6), (2, 7), (4, 3), (5, 7)], [(0, 1), (2, 0), (2, 5), (2, 7), (3, 4), (5, 1), (6, 2), (7, 5)]], [[(0, 2), (0, 6), (0, 7), (1, 2), (1, 6), (1, 7), (3, 2), (3, 7)], [(0, 2), (0, 6), (0, 7), (1, 2), (1, 6), (1, 7), (3, 2), (3, 4), (3, 7)], [(0, 6), (0, 7), (1, 6), (1, 7), (2, 0), (2, 1), (3, 2), (3, 7)], [(0, 2), (0, 6), (0, 7), (1, 2), (1, 6), (1, 7), (3, 2), (3, 7)], [(0, 2), (0, 7), (1, 0), (1, 2), (1, 6), (1, 7), (3, 2), (3, 7), (6, 0)]], [[(2, 7), (3, 4), (3, 7), (4, 0), (5, 4), (7, 4)], [(0, 4), (3, 7), (4, 3), (4, 5), (4, 7), (7, 2)], [(3, 4), (3, 7), (4, 0), (5, 4), (5, 7), (7, 2), (7, 4)], [(4, 0), (7, 2), (3, 4), (7, 3), (5, 4), (7, 4)], [(2, 7), (3, 4), (4, 0), (5, 4), (7, 3), (7, 4)]], [[(0, 3), (3, 1), (5, 3), (6, 1)], [(0, 3), (0, 5), (3, 1), (5, 3), (6, 1)], [(1, 3), (3, 0), (3, 5), (5, 0), (6, 1)], [(0, 3), (3, 1), (6, 1), (5, 3)], [(0, 3), (0, 5), (3, 1), (3, 5), (6, 1)]], [[(1, 4), (2, 0), (3, 0), (3, 7), (5, 2), (6, 4), (6, 5), (6, 7)], [(0, 2), (0, 3), (1, 4), (2, 5), (3, 7), (5, 6), (6, 4), (6, 7)], [(2, 0), (2, 5), (3, 0), (3, 7), (4, 1), (6, 4), (6, 5), (6, 7)], [(2, 0), (3, 0), (1, 4), (5, 2), (3, 7), (6, 4), (6, 5), (6, 7)], [(1, 4), (2, 0), (3, 0), (3, 7), (5, 2), (6, 4), (6, 5), (6, 7)]], [[(3, 2), (5, 1), (5, 2), (6, 2), (6, 4), (7, 1)], [(1, 5), (1, 7), (3, 2), (4, 6), (5, 2), (6, 2)], [(3, 2), (5, 1), (5, 2), (6, 2), (6, 4), (6, 5), (7, 1)], [(5, 1), (7, 1), (3, 2), (5, 2), (6, 2), (6, 4)], [(3, 2), (5, 1), (5, 2), (6, 2), (6, 4), (7, 1)]], [[(2, 4), (5, 3), (6, 0), (6, 2)], [(2, 4), (2, 6), (3, 5), (6, 0)], [(2, 4), (4, 0), (5, 3), (6, 0), (6, 2)], [(6, 0), (2, 4), (6, 2), (5, 3)], [(0, 6), (4, 2), (4, 6), (5, 3), (6, 2)]], [[(0, 7), (2, 1), (2, 3), (2, 4), (3, 7), (4, 1), (5, 2), (5, 7), (6, 0)], [(0, 6), (0, 7), (1, 2), (1, 4), (2, 3), (2, 5), (4, 2), (5, 7), (6, 7), (7, 3)], [(0, 3), (2, 1), (2, 3), (2, 4), (2, 5), (4, 1), (5, 0), (5, 3), (6, 0), (6, 3), (7, 0), (7, 3), (7, 5)], [(6, 0), (7, 0), (2, 1), (4, 1), (2, 3), (2, 4), (5, 2), (7, 3), (7, 5)], [(0, 6), (0, 7), (2, 1), (2, 3), (2, 4), (2, 5), (2, 7), (3, 7), (4, 1), (5, 7), (6, 7)]], [[(0, 2), (0, 3), (0, 5), (1, 5), (4, 1), (4, 3), (6, 0), (6, 1), (7, 2), (7, 3)], [(0, 5), (0, 6), (2, 0), (2, 7), (3, 0), (3, 4), (4, 1), (5, 1), (6, 1), (7, 3)], [(0, 2), (0, 3), (0, 6), (3, 7), (4, 0), (4, 1), (4, 3), (4, 6), (5, 0), (5, 1), (5, 6), (6, 1), (7, 2)], [(0, 2), (3, 0), (5, 0), (0, 6), (4, 1), (5, 1), (6, 1), (7, 2), (3, 4), (7, 3)], [(0, 2), (0, 5), (0, 6), (3, 0), (3, 4), (3, 7), (4, 1), (5, 1), (6, 1), (7, 2)]], [[(0, 2), (1, 3), (1, 6), (2, 6), (2, 7), (5, 0), (7, 3)], [(0, 2), (0, 5), (1, 6), (2, 6), (2, 7), (3, 1), (4, 7), (5, 1), (5, 3), (7, 3)], [(1, 0), (1, 3), (1, 6), (2, 0), (2, 6), (5, 0), (5, 3), (7, 2), (7, 3)], [(2, 0), (5, 0), (3, 1), (1, 6), (2, 6), (7, 2), (7, 3)], [(1, 0), (1, 3), (2, 0), (2, 7), (5, 0), (5, 3), (6, 1), (6, 2), (7, 3)]]]

