Number of nodes=8
Number of samples=1000
Cut of limit used=0.01
total_score_ges=-407295.97416380455
total_score_pc=-469619.386560656
total_score_mmhc=-446150.9883536747
total_score_gis=-407529.82796444534
total_score_ske=-446914.577916135
total_score_true=-406667.544664489
shd dist ges to true=[16, 15, 7, 21, 10, 14, 10, 0, 12, 14, 10, 15, 16, 17, 12, 14, 17, 4, 11, 17, 18, 2, 14, 20, 20, 17, 5, 14, 16, 6, 19, 17, 17, 18, 15, 19, 16, 11, 22, 21, 10, 16, 7, 23, 22, 15, 14, 17, 14, 21, 20, 7, 20, 13, 26, 20, 16, 8, 13, 11, 14, 21, 19, 12, 18, 11, 23, 15, 14, 8, 22, 15, 13, 12, 21, 19, 20, 9, 16, 13, 6, 18, 21, 14, 12, 11, 16, 22, 10, 22, 21, 14, 26, 18, 1, 19, 12, 16, 12, 20]
shd dist pc to true=[12, 13, 11, 16, 14, 18, 14, 18, 15, 15, 14, 20, 16, 11, 13, 16, 13, 4, 13, 14, 13, 12, 18, 15, 13, 17, 16, 14, 21, 15, 17, 14, 14, 17, 11, 19, 17, 13, 10, 17, 11, 9, 12, 14, 12, 8, 13, 18, 14, 9, 17, 9, 20, 10, 13, 17, 15, 20, 11, 12, 13, 10, 18, 19, 11, 10, 20, 13, 12, 10, 18, 14, 20, 15, 12, 15, 12, 10, 11, 10, 9, 13, 17, 8, 21, 18, 20, 12, 10, 16, 13, 17, 16, 13, 8, 12, 17, 15, 17, 19]
shd dist mmhc to true=[10, 11, 9, 15, 18, 17, 14, 18, 17, 16, 11, 18, 16, 10, 13, 17, 15, 5, 14, 13, 17, 10, 20, 16, 17, 17, 11, 20, 18, 19, 18, 14, 13, 17, 11, 21, 13, 12, 15, 17, 9, 13, 4, 17, 18, 6, 16, 19, 18, 13, 20, 10, 21, 11, 12, 16, 19, 22, 12, 12, 14, 16, 12, 20, 21, 9, 20, 10, 12, 8, 20, 15, 21, 15, 15, 18, 11, 5, 12, 15, 11, 15, 17, 9, 16, 14, 22, 9, 8, 15, 14, 18, 18, 12, 10, 12, 16, 11, 17, 17]
shd dist gis to true=[0, 14, 7, 15, 14, 23, 14, 12, 13, 7, 21, 12, 17, 20, 16, 18, 14, 17, 18, 11, 16, 10, 21, 0, 19, 19, 21, 14, 4, 16, 6, 12, 19, 15, 14, 12, 18, 11, 17, 17, 17, 18, 19, 20, 10, 17, 15, 13, 12, 21, 22, 11, 21, 13, 22, 19, 14, 24, 14, 10, 7, 18, 16, 21, 17, 8, 25, 17, 20, 14, 18, 16, 21, 16, 22, 21, 20, 10, 14, 15, 20, 12, 18, 10, 19, 22, 17, 12, 16, 22, 11, 15, 20, 17, 10, 17, 17, 11, 20, 13]
shd dist ske to true=[10, 11, 10, 15, 11, 16, 12, 15, 16, 16, 10, 18, 19, 8, 11, 17, 16, 5, 16, 9, 15, 11, 20, 17, 17, 15, 15, 13, 22, 17, 13, 14, 12, 17, 10, 20, 13, 14, 15, 21, 9, 11, 7, 15, 16, 4, 14, 14, 14, 12, 18, 12, 20, 8, 12, 17, 13, 18, 10, 12, 12, 15, 18, 18, 13, 10, 21, 7, 12, 12, 19, 9, 22, 11, 15, 19, 12, 11, 14, 15, 11, 15, 17, 10, 18, 15, 21, 14, 9, 16, 16, 18, 13, 9, 10, 12, 16, 10, 18, 19]

score_vector_ges=[-4009.856343777602, -4121.711411450951, -4113.177527305721, -4156.2824423863785, -4128.433401436492, -4087.197485210424, -3970.405285854036, -4095.8155690298154, -4068.999407859343, -4159.996831982852, -4166.812931595794, -4144.999828961192, -4126.89219453943, -4043.64213062731, -3961.381947251443, -4131.824829675223, -4101.090095099627, -4050.612841069876, -4006.130596451477, -4063.6111299405643, -3975.514421273935, -4106.943957922302, -4124.014805285958, -4074.057889861835, -4192.73652143166, -4118.665051457254, -4040.1202146772694, -4209.237854638302, -4047.207028298827, -3981.299030581296, -4166.2526538276925, -4203.754236388602, -4023.7884452003527, -4048.380535909121, -3953.2077019524813, -4048.5132944953352, -3966.762804173038, -4168.19505038007, -4187.851346305406, -4067.0184650137844, -3974.5814893361235, -4005.9087552407314, -4064.6850402736227, -4081.556249092616, -4032.508081989341, -4114.039068411384, -4079.0740558416946, -4025.9834023052326, -4081.5514329272464, -4093.185870084898, -4092.8009979395742, -4117.1464503385805, -3984.071106819651, -4086.9473774844178, -4094.064830899347, -4086.704270783059, -4044.974380883612, -4137.932379717632, -4130.381557153342, -4033.3068537353006, -4126.073275280293, -4202.256518349698, -4120.513986093668, -3973.0551677610756, -4049.0538365902685, -4025.6727280581035, -4021.483666109735, -3932.8930977674077, -4060.35124032353, -4003.998374321529, -4000.2208920021753, -4074.653589314481, -4178.256973609802, -4043.5433774557832, -4024.966916624328, -4052.5763532883134, -4095.828204059908, -4023.2688988571117, -4028.489415304524, -4086.699782142795, -3986.685761151438, -4072.1317039918576, -4004.044765515145, -4083.670818955197, -4035.623188224973, -4089.851214455124, -4067.4152653734254, -4038.566495363856, -4113.07756124453, -4018.6633417352014, -4056.3553778215196, -4118.885270067177, -4127.501297224974, -4156.519263642074, -3992.2898055540195, -4004.337092349875, -4143.209236891201, -4116.741301602338, -4075.9922534390407, -4096.757664049516]

score_vector_pc=[-4318.429443504266, -4522.439102911576, -4617.487971949452, -4715.9741365896125, -5073.545774846969, -4693.041031924988, -4534.032586012741, -4893.587572438942, -4723.828904973088, -4661.88410597306, -4591.110994335918, -4752.3409463170065, -4712.783624336322, -4608.657468421963, -4560.433106476251, -4733.351372495961, -4864.244087397791, -4247.231253080063, -4270.943934327308, -4423.033305467601, -4496.030532228037, -4907.077016597498, -4743.468918377032, -4439.620521858793, -5603.670017849305, -4978.3676004316585, -4789.184547058843, -4622.433348726137, -4838.477696631484, -4534.103966659861, -5211.262846299707, -4763.182969942502, -4545.815067457453, -4555.964084464031, -5112.768206966974, -4941.463369496213, -5410.163438963886, -4614.095679760616, -4771.321220516356, -5196.995502187975, -4476.722446559787, -4245.968922215758, -4518.511017384276, -4930.138652160493, -4588.896611007021, -4571.486013953196, -4488.734469934487, -4717.587547874147, -5233.044626239813, -4849.776875241294, -4613.159540578472, -4714.977397813012, -4744.556295857877, -4181.728350270325, -5046.756842240253, -4968.074668189771, -4362.663617239783, -5265.485305576121, -4918.725279474524, -4197.091904147504, -4877.6481022645075, -5227.575569477511, -4406.148424817729, -5212.660406436532, -4629.877923487376, -4131.19661688351, -4600.9843011491175, -4393.185830243242, -4533.865074550189, -4493.264526473074, -4560.3872379883205, -4492.925765116483, -5269.014084166343, -4506.119276235288, -5021.694269914187, -4677.665242908686, -4838.6039974581145, -4314.327897435845, -4256.448494334105, -4189.38315563764, -4294.040584378814, -4587.211402575398, -4347.413346586855, -4601.524094158675, -4526.7271466633965, -5028.6380385492685, -5491.855390556697, -4954.091738142893, -4356.193682714175, -4587.661063153954, -4820.621317306716, -4804.234854594325, -4933.914261937292, -4734.522926071121, -4376.67227836205, -4314.152457140138, -4743.875279177216, -4682.887771680106, -4829.395614958654, -4742.843454757173]

score_vector_mmhc=[-4146.228853306771, -4350.157034671416, -4297.048206813507, -4466.641878683858, -4470.181285659019, -4766.599450616669, -4401.453236690938, -4545.680591755276, -4400.2862346239, -4581.238453140656, -4294.299736910383, -4618.273766898786, -4699.108797642352, -4342.694000990251, -4263.646029959631, -4538.623882300983, -4266.873471767241, -4225.67062115596, -4132.235953210958, -4288.739867402135, -4256.864649132754, -4812.294887120396, -4615.940524550291, -4410.6363773674175, -4974.753960089212, -4553.487085188958, -4371.7489903554915, -4427.282104555352, -4541.783141795469, -4381.121081751606, -4801.90898166319, -4398.4536194710145, -4230.568081761496, -4624.515678069685, -4314.5312155777865, -4814.678828155672, -4418.868922081337, -4522.046942098734, -4527.661268344402, -4881.006873564038, -4260.0433369991115, -4384.369012735246, -4075.836917526176, -4675.648832111899, -4305.587386753833, -4489.667032407213, -4678.207045415221, -4575.95057820923, -4391.626050238385, -4253.432477881793, -4388.179037362542, -4307.75643854691, -4889.4640137544775, -4205.268092607734, -4660.941008834157, -5083.617526402487, -4362.085130069112, -5019.120093437326, -4696.227085524307, -4197.091904147504, -4421.270532205543, -4896.845119124408, -4349.839055582566, -5075.393274744859, -4299.980154469139, -4051.2458877374065, -4415.548406646772, -4003.9624056709267, -4533.865074550189, -4452.39217042449, -4286.7111595095275, -4212.45892808995, -4358.9170974819635, -4434.729243817219, -4543.758446649232, -4415.408589425684, -4500.131385235539, -4152.452106529328, -4335.108770419745, -4163.389101903483, -4210.661540937458, -4252.679481200807, -4348.905951336669, -4507.638082888499, -4239.309485760383, -4393.518514512105, -4494.939148248006, -4647.030833146098, -4406.753431520125, -4352.326440380317, -4544.855442817968, -4915.459598621814, -5231.239406358026, -4663.28181470622, -4334.601916853882, -4044.4700927368767, -4300.233007271312, -4326.196888018495, -4449.962649864156, -4707.564148417774]

score_vector_gis=[-3995.3641579784303, -4123.777956716213, -4113.177527305721, -4151.6348260466, -4130.558203303377, -4082.3666372142898, -3970.232733868877, -4099.255319959983, -4065.946482995785, -4159.6747593778455, -4188.194001816568, -4141.287127208643, -4145.622369787709, -4048.781013509567, -3968.6222908410414, -4133.839470652758, -4108.307570902042, -4071.729646764393, -4022.872047873067, -4052.7372571324026, -3963.9213283577315, -4110.619372626895, -4127.791414413324, -4066.548954234922, -4189.176168381312, -4103.736089608321, -4050.455204194149, -4211.52810407605, -4055.4196901417545, -3988.3255312576252, -4176.00365415367, -4208.5390284407595, -4030.3474276855086, -4048.728145325206, -3950.1128841465243, -4048.2971792919166, -3969.1365201229705, -4172.905867726708, -4192.126466664859, -4066.8354135314266, -3993.4556024942394, -4010.1521940087705, -4084.1158085891875, -4082.061440752392, -4023.1698029389545, -4112.45522269182, -4083.180359196621, -4038.2845001888268, -4081.6459360099134, -4093.1858700848984, -4093.412564776637, -4120.964334510776, -3991.8698827654594, -4085.5822180571186, -4091.6576999500585, -4086.1689328760986, -4054.661167823566, -4152.526462844464, -4128.770471054557, -4028.211733181518, -4129.369559781428, -4203.791949323676, -4121.689449716545, -3975.322561841894, -4050.3928705767803, -4028.797535824866, -4025.659425734798, -3932.8043922564993, -4070.659261581766, -4002.671266978774, -3990.642458262523, -4084.684968989781, -4170.924550143794, -4044.1272394962525, -4021.601364966173, -4055.9938423797194, -4087.2012449081158, -4021.7368104109923, -4035.2950623134016, -4086.0009101403243, -4007.184847518133, -4055.9863087629633, -4014.7662716844297, -4092.042720790039, -4043.9113829702173, -4095.5705620399895, -4079.819643245505, -4028.75066610708, -4118.041119530715, -4022.7855224428936, -4047.474101876283, -4128.684928489009, -4121.473540338477, -4159.747197599001, -3999.3715227914167, -3998.903432958569, -4145.085909093797, -4104.858957950613, -4086.146325823589, -4099.788226371731]

score_vector_gis_b=[]

score_vector_ges_gis=[]

score_vector_gis_phased_b=[]

score_vector_ske=[-4146.228853306771, -4409.818150261754, -4513.446446768863, -4466.641878683858, -4598.875857752708, -4777.208143469939, -4227.064200835454, -4716.877379502086, -4365.420656157846, -4521.756713333762, -4423.211684659653, -4618.273766898787, -4550.530514417879, -4405.643233648103, -4105.152844700843, -4569.932456904712, -4461.816298651367, -4237.763049823456, -4096.655650144803, -4222.465868861853, -4373.392936672232, -4844.032844633677, -4615.94052455029, -4314.115082755258, -4974.753960089212, -4636.788762578491, -4731.888124261711, -4428.40641188048, -4604.207133487048, -4327.112936484184, -4994.382597025063, -4591.194913405579, -4271.303209664845, -4555.964084464031, -4289.431341237104, -4757.5669020889745, -4744.228254946116, -4487.544817301543, -4534.813796430589, -4894.591508718292, -4260.0433369991115, -4235.272974802465, -4311.293230500357, -4543.669274086597, -4482.299413908549, -4250.045039094907, -4653.791970854367, -4617.374502670062, -4390.988778107512, -4250.3951385672, -4428.601044579258, -4277.708940871736, -4744.556295857878, -4139.654885191882, -4660.941008834157, -4796.781052177284, -4378.581894563806, -4760.110849071793, -4813.767726104384, -4197.091904147504, -4476.406705492266, -4926.555200998344, -4330.852275728615, -5118.593989590162, -4440.383469879049, -4131.19661688351, -4420.117963381341, -4107.6112174051, -4533.865074550189, -4474.422735290487, -4291.140287057928, -4193.639685814466, -4462.7386942733865, -4412.452945916404, -4415.990946276684, -4633.7575758455005, -4335.460346848948, -4136.3182981422215, -4247.5302489999885, -4203.965932278939, -4143.693897713675, -4275.079196792956, -4347.413346586855, -4831.879121861349, -4336.760880840936, -4353.061791387767, -4565.118197431691, -4484.162001805321, -4379.5561805130355, -4397.9462215071435, -4570.148998908308, -4773.905858739505, -4785.215721779141, -4638.096935727952, -4280.6334787418255, -4044.4700927368767, -4348.542805301166, -4361.902863139971, -4488.534045073124, -4616.0430164427835]

score_vector_opt=[]

score_vector_true=[-3995.3641579784303, -4125.403052918164, -4120.228581432733, -4150.3003800047245, -4125.93867577644, -4081.0885028245502, -3964.922328366487, -4095.8155690298163, -4067.276867092421, -4156.626372357406, -4165.325381618871, -4134.442134802742, -4126.731853881911, -4025.182544165895, -3962.3758109567643, -4130.448092140682, -4101.714115354564, -4046.347987139512, -4002.8273819482733, -4052.0550475299124, -3976.7437079352503, -4109.733816481534, -4121.156401037687, -4066.548954234922, -4187.938412879798, -4100.07510432899, -4040.1385877720536, -4203.515908282194, -4047.589701669023, -3977.4740559889947, -4170.07801974901, -4196.7783300022475, -4006.8216274613233, -4038.7348746909433, -3943.4300091892674, -4050.6982467725834, -3961.3218644066355, -4167.837563481533, -4166.123906929697, -4062.17740288625, -3982.7168233375814, -3991.472508111363, -4059.7438786058246, -4079.675018646667, -4019.0468324584945, -4089.0849076872305, -4080.6612825314087, -4031.6125170982687, -4080.3868200261595, -4076.3919560836675, -4082.932350155484, -4121.074574955845, -3976.8906940914553, -4071.30311628786, -4072.5994496989924, -4074.582034451816, -4047.315199785204, -4138.7670535611305, -4124.229119494913, -4031.971590028307, -4122.293297036924, -4188.61334443636, -4117.922574897576, -3964.175604522496, -4036.1088940397353, -4024.419295288424, -4024.796435139654, -3924.530666720575, -4052.199644691005, -3992.1680056203627, -3985.023595932118, -4070.605657842533, -4176.033356376916, -4024.3414870701054, -4005.311090263176, -4047.618710713427, -4072.2483898961273, -4016.3393361096473, -4018.757635928083, -4077.590408893121, -3991.703693274886, -4060.1889043791844, -3996.30804459653, -4083.557865542555, -4036.851057107061, -4084.8359628351386, -4073.8237007553785, -4028.8835033708565, -4111.8793318776725, -4014.5124001412923, -4045.4599652973648, -4107.46882157593, -4114.856022767448, -4141.072222615857, -3992.49334772167, -3982.895617075932, -4142.530474292475, -4096.388126300968, -4068.700820321003, -4094.248290623542]

step_vector_gis=[35, 34, 40, 35, 37, 32, 30, 31, 41, 38, 31, 35, 34, 37, 38, 33, 34, 30, 32, 43, 29, 37, 37, 37, 35, 35, 32, 32, 34, 31, 34, 34, 30, 36, 33, 33, 37, 34, 32, 34, 25, 33, 38, 30, 29, 37, 30, 32, 34, 31, 35, 34, 36, 35, 37, 33, 36, 31, 39, 38, 32, 32, 27, 35, 36, 30, 36, 29, 34, 39, 29, 35, 35, 43, 33, 34, 41, 34, 36, 35, 32, 41, 32, 39, 33, 39, 36, 30, 27, 33, 36, 33, 34, 33, 35, 41, 38, 30, 33, 38]

step_vector_ske=[4, 3, 5, 5, 8, 2, 8, 4, 6, 5, 3, 3, 4, 4, 7, 4, 7, 6, 6, 6, 2, 6, 6, 7, 8, 3, 2, 3, 5, 9, 7, 4, 7, 7, 1, 3, 4, 4, 2, 6, 1, 9, 6, 3, 1, 4, 2, 4, 4, 3, 4, 4, 2, 6, 5, 5, 6, 3, 3, 4, 3, 4, 2, 4, 3, 7, 3, 5, 2, 2, 4, 5, 4, 4, 2, 4, 5, 8, 3, 1, 2, 3, 5, 3, 6, 8, 7, 4, 3, 3, 5, 1, 5, 7, 6, 8, 8, 7, 4, 5]

step_vector_ges_gis=[]

step_vector_gis_b=[]

step_vector_gis_phased_b=[]

return_dags_vector=[['ges', 'pc', 'mmhc', 'gis', 'ske', 'true'], [[(0, 2), (1, 0), (1, 2), (1, 5), (3, 0), (3, 1), (3, 2), (3, 5), (3, 6), (3, 7), (4, 1), (4, 5), (4, 7), (5, 0), (5, 2), (6, 1), (6, 2), (7, 1), (7, 6)], [(0, 2), (0, 5), (1, 4), (1, 5), (1, 6), (2, 6), (3, 5), (3, 6), (4, 5), (4, 7), (6, 7)], [(0, 2), (1, 4), (1, 5), (1, 6), (3, 5), (4, 7), (5, 0), (5, 4), (6, 2), (6, 3), (6, 7)], [(0, 2), (0, 3), (5, 0), (1, 3), (1, 4), (1, 5), (6, 1), (1, 7), (2, 3), (6, 2), (5, 3), (6, 3), (4, 5), (4, 7), (6, 7)], [(0, 2), (5, 0), (1, 4), (1, 5), (6, 1), (6, 2), (3, 5), (6, 3), (5, 4), (4, 7), (6, 7)], [(0, 2), (0, 3), (1, 3), (1, 4), (1, 5), (1, 7), (2, 3), (4, 7), (5, 0), (5, 3), (5, 4), (6, 1), (6, 2), (6, 3), (6, 7)]], [[(0, 1), (0, 3), (0, 6), (0, 7), (1, 5), (1, 6), (1, 7), (2, 1), (2, 3), (2, 6), (3, 4), (3, 6), (4, 1), (4, 6), (5, 7), (6, 5), (6, 7)], [(0, 6), (0, 7), (1, 4), (1, 5), (1, 7), (2, 1), (2, 3), (3, 6), (4, 6), (5, 6)], [(0, 7), (1, 2), (1, 4), (1, 5), (1, 7), (2, 3), (4, 3), (5, 6), (5, 7), (6, 0), (6, 3), (6, 4)], [(1, 0), (3, 0), (4, 0), (6, 0), (0, 7), (1, 2), (4, 1), (1, 5), (1, 6), (1, 7), (2, 3), (2, 6), (4, 3), (3, 6), (4, 6), (6, 5), (5, 7), (6, 7)], [(6, 0), (0, 7), (1, 2), (1, 4), (5, 1), (1, 7), (2, 3), (6, 3), (6, 4), (6, 5)], [(0, 3), (0, 7), (1, 2), (1, 3), (1, 5), (1, 6), (1, 7), (3, 2), (4, 0), (4, 1), (4, 3), (4, 6), (6, 0), (6, 2), (6, 3), (6, 5), (6, 7)]], [[(0, 1), (0, 2), (0, 3), (0, 5), (2, 1), (2, 7), (3, 1), (4, 2), (4, 6), (4, 7), (5, 1), (5, 2), (6, 3), (6, 5)], [(0, 2), (0, 5), (1, 2), (2, 4), (2, 7), (3, 1), (3, 6), (4, 7), (5, 6), (6, 4)], [(0, 2), (0, 3), (0, 5), (1, 2), (2, 7), (3, 1), (3, 2), (4, 2), (4, 6), (4, 7), (6, 3), (6, 5)], [(0, 1), (0, 2), (0, 3), (0, 5), (2, 1), (3, 1), (5, 1), (4, 2), (5, 2), (2, 7), (6, 3), (6, 4), (4, 7), (6, 5)], [(0, 2), (5, 0), (2, 1), (3, 1), (4, 2), (2, 7), (3, 6), (6, 4), (4, 7), (5, 6)], [(0, 1), (0, 2), (0, 3), (0, 6), (1, 3), (2, 1), (2, 3), (2, 7), (4, 2), (4, 7), (5, 0), (5, 2), (5, 6), (6, 1), (6, 3), (6, 4)]], [[(0, 4), (0, 7), (1, 0), (1, 4), (1, 7), (2, 0), (2, 1), (2, 3), (2, 6), (2, 7), (3, 0), (3, 4), (3, 5), (3, 6), (3, 7), (5, 0), (5, 1), (5, 6), (6, 0), (6, 1), (6, 4)], [(0, 3), (0, 5), (1, 4), (1, 5), (1, 7), (2, 0), (2, 3), (3, 4), (3, 7), (5, 6), (6, 4)], [(0, 3), (1, 4), (1, 5), (1, 7), (2, 0), (2, 3), (4, 3), (5, 0), (5, 6), (6, 4), (7, 3)], [(1, 0), (2, 0), (0, 3), (0, 5), (0, 6), (7, 0), (1, 4), (1, 5), (1, 6), (7, 1), (2, 3), (2, 4), (2, 5), (2, 6), (4, 3), (7, 3), (6, 4), (7, 4), (6, 5)], [(2, 0), (0, 3), (5, 0), (1, 4), (1, 5), (7, 1), (2, 3), (4, 3), (7, 3), (6, 4), (5, 6)], [(0, 1), (0, 3), (0, 4), (0, 5), (0, 6), (0, 7), (1, 5), (2, 0), (2, 1), (2, 3), (2, 5), (4, 1), (4, 3), (4, 6), (6, 1), (6, 5), (6, 7), (7, 1), (7, 3)]], [[(0, 4), (0, 6), (1, 3), (1, 4), (1, 7), (2, 6), (3, 0), (3, 7), (5, 2), (5, 3), (5, 6), (5, 7), (6, 4), (7, 0), (7, 2), (7, 4), (7, 6)], [(0, 3), (0, 4), (1, 6), (1, 7), (2, 5), (2, 6), (2, 7), (3, 1), (3, 7), (4, 6), (4, 7), (5, 6)], [(1, 3), (1, 6), (1, 7), (2, 5), (3, 0), (3, 7), (4, 0), (4, 3), (4, 6), (4, 7), (6, 2), (6, 5), (7, 2)], [(0, 2), (3, 0), (0, 4), (5, 0), (6, 0), (0, 7), (3, 1), (1, 4), (5, 1), (1, 7), (6, 2), (7, 2), (3, 5), (3, 7), (6, 4), (7, 4), (6, 5), (5, 7), (6, 7)], [(3, 0), (4, 0), (1, 3), (6, 1), (7, 1), (2, 5), (2, 6), (7, 2), (7, 3), (6, 4), (7, 4), (6, 5)], [(0, 3), (0, 4), (0, 6), (1, 4), (2, 5), (2, 6), (2, 7), (3, 1), (5, 1), (5, 6), (5, 7), (6, 4), (7, 1), (7, 3), (7, 4), (7, 6)]], [[(0, 7), (1, 0), (1, 5), (1, 7), (2, 1), (2, 3), (2, 4), (2, 5), (2, 7), (3, 0), (3, 4), (3, 5), (3, 7), (4, 5), (4, 7), (5, 0), (5, 7), (6, 0), (6, 1), (6, 3), (6, 4), (6, 5)], [(0, 3), (0, 6), (1, 5), (2, 3), (4, 2), (4, 5), (4, 6), (5, 2), (7, 0), (7, 3)], [(0, 3), (0, 7), (1, 5), (2, 3), (2, 4), (2, 5), (3, 7), (4, 5), (6, 0), (6, 1), (6, 4)], [(0, 3), (0, 4), (0, 6), (0, 7), (1, 4), (5, 1), (1, 7), (3, 2), (4, 2), (5, 2), (6, 2), (7, 2), (3, 4), (5, 3), (3, 6), (3, 7), (5, 4), (4, 6), (5, 6), (5, 7)], [(0, 3), (0, 6), (0, 7), (1, 5), (2, 3), (2, 4), (2, 5), (3, 7), (4, 5), (6, 4)], [(2, 3), (2, 4), (2, 5), (3, 0), (3, 4), (3, 5), (4, 1), (5, 0), (5, 1), (5, 4), (6, 0), (6, 3), (6, 4), (6, 5), (6, 7), (7, 0), (7, 1), (7, 3), (7, 4), (7, 5)]], [[(0, 1), (0, 2), (0, 3), (0, 7), (1, 2), (1, 7), (2, 3), (4, 1), (4, 2), (4, 3), (4, 5), (4, 7), (5, 0), (5, 2), (5, 3), (5, 7), (6, 0), (6, 3), (6, 5), (6, 7), (7, 2), (7, 3)], [(0, 5), (0, 7), (1, 0), (1, 7), (2, 3), (3, 7), (4, 0), (4, 3), (4, 5), (5, 2), (5, 6), (6, 7)], [(0, 1), (0, 4), (0, 7), (2, 3), (2, 5), (4, 3), (5, 0), (5, 4), (5, 6), (6, 7), (7, 1), (7, 3)], [(0, 1), (0, 2), (3, 0), (0, 4), (0, 5), (0, 7), (2, 1), (3, 1), (1, 7), (3, 2), (2, 4), (2, 5), (6, 2), (2, 7), (3, 4), (3, 5), (3, 7), (4, 5), (4, 7), (6, 5), (5, 7), (6, 7)], [(0, 1), (0, 4), (0, 5), (0, 7), (7, 1), (2, 3), (5, 2), (4, 3), (7, 3), (4, 5), (6, 5), (6, 7)], [(0, 1), (0, 2), (0, 3), (0, 5), (0, 7), (1, 7), (2, 3), (2, 5), (2, 7), (4, 0), (4, 1), (4, 2), (4, 3), (4, 5), (4, 7), (5, 3), (6, 2), (6, 3), (6, 5), (6, 7), (7, 3)]], [[(0, 6), (1, 2), (1, 3), (1, 4), (1, 6), (2, 0), (2, 4), (2, 6), (2, 7), (3, 0), (3, 2), (3, 4), (3, 6), (3, 7), (4, 0), (5, 2), (5, 7), (7, 6)], [(0, 1), (0, 2), (1, 3), (1, 6), (2, 4), (4, 3), (5, 6), (5, 7), (7, 2), (7, 3)], [(0, 1), (0, 2), (0, 3), (2, 4), (2, 7), (3, 1), (3, 7), (4, 3), (6, 1), (6, 5), (7, 5)], [(2, 0), (0, 3), (0, 6), (2, 1), (3, 1), (4, 1), (1, 5), (1, 6), (2, 3), (4, 2), (2, 5), (2, 6), (2, 7), (4, 3), (3, 5), (3, 6), (3, 7), (5, 7), (7, 6)], [(0, 1), (2, 0), (3, 1), (6, 1), (2, 4), (7, 2), (3, 4), (3, 7), (5, 6), (5, 7)], [(0, 6), (1, 2), (1, 4), (1, 6), (2, 0), (2, 4), (2, 6), (2, 7), (3, 0), (3, 1), (3, 2), (3, 4), (3, 6), (3, 7), (4, 0), (5, 2), (5, 7), (7, 6)]], [[(0, 1), (0, 2), (0, 4), (0, 5), (0, 6), (1, 2), (1, 6), (2, 4), (3, 2), (3, 6), (3, 7), (5, 1), (5, 2), (5, 4), (5, 7), (6, 2), (7, 1), (7, 6)], [(0, 5), (1, 2), (1, 7), (2, 5), (2, 6), (3, 6), (3, 7), (4, 0), (4, 2), (5, 7), (6, 7)], [(0, 4), (0, 5), (1, 2), (1, 7), (2, 5), (2, 6), (3, 6), (4, 2), (7, 3), (7, 5), (7, 6)], [(2, 0), (0, 4), (0, 5), (0, 7), (2, 1), (7, 1), (2, 3), (2, 4), (2, 5), (6, 2), (5, 3), (6, 3), (7, 3), (5, 4), (6, 5), (7, 5), (6, 7)], [(4, 0), (5, 0), (1, 2), (7, 1), (4, 2), (2, 5), (2, 6), (3, 6), (7, 3), (7, 5), (7, 6)], [(0, 4), (2, 0), (2, 1), (2, 4), (2, 6), (2, 7), (3, 2), (3, 6), (3, 7), (5, 0), (5, 2), (5, 4), (5, 6), (5, 7), (6, 0), (7, 0), (7, 1), (7, 6)]], [[(0, 2), (1, 0), (1, 2), (3, 1), (3, 2), (3, 4), (3, 6), (4, 0), (4, 1), (4, 6), (5, 0), (5, 2), (5, 4), (5, 6), (5, 7), (6, 0), (6, 1), (6, 2), (6, 7), (7, 2)], [(0, 2), (0, 6), (1, 3), (2, 3), (4, 0), (4, 1), (5, 4), (5, 6), (5, 7), (6, 7), (7, 2)], [(1, 3), (1, 4), (2, 0), (2, 3), (2, 7), (3, 4), (4, 0), (4, 5), (5, 6), (5, 7), (6, 0), (6, 7)], [(0, 1), (0, 2), (0, 4), (0, 6), (7, 0), (1, 3), (1, 4), (1, 5), (1, 6), (3, 2), (2, 6), (7, 2), (4, 3), (5, 3), (3, 6), (4, 5), (7, 4), (5, 6), (7, 5), (7, 6)], [(2, 0), (4, 0), (6, 0), (3, 1), (4, 1), (2, 3), (2, 7), (5, 4), (6, 5), (7, 5), (6, 7)], [(0, 1), (0, 2), (0, 4), (0, 5), (0, 6), (0, 7), (1, 4), (1, 5), (1, 6), (2, 6), (3, 1), (3, 2), (3, 4), (3, 6), (5, 4), (5, 6), (7, 2), (7, 5), (7, 6)]], [[(1, 0), (1, 5), (2, 6), (2, 7), (3, 0), (3, 6), (4, 0), (5, 2), (5, 3), (5, 4), (5, 6), (5, 7), (6, 4), (7, 3), (7, 4)], [(0, 1), (0, 3), (0, 4), (1, 5), (2, 5), (2, 6), (2, 7), (3, 5), (3, 6), (3, 7), (4, 5), (4, 6)], [(1, 0), (2, 5), (2, 6), (2, 7), (3, 0), (3, 5), (3, 6), (4, 0), (4, 5), (5, 1), (6, 4), (7, 3)], [(1, 0), (0, 3), (4, 0), (0, 5), (0, 6), (0, 7), (2, 1), (1, 3), (1, 5), (2, 3), (4, 2), (2, 5), (2, 6), (2, 7), (5, 3), (6, 3), (7, 3), (4, 5), (4, 6), (4, 7), (6, 5), (5, 7), (6, 7)], [(1, 0), (0, 3), (4, 0), (1, 5), (5, 2), (6, 2), (2, 7), (3, 5), (3, 6), (3, 7), (4, 5), (4, 6)], [(1, 0), (1, 5), (3, 0), (3, 2), (3, 4), (3, 6), (3, 7), (4, 0), (4, 6), (5, 2), (5, 3), (5, 4), (5, 7), (6, 2), (7, 2), (7, 6)]], [[(0, 1), (0, 2), (0, 4), (0, 5), (0, 6), (2, 1), (2, 3), (2, 4), (2, 5), (2, 6), (2, 7), (3, 1), (3, 4), (3, 5), (3, 6), (3, 7), (4, 1), (4, 5), (5, 1), (6, 4), (6, 5), (6, 7), (7, 1), (7, 4), (7, 5)], [(1, 0), (2, 6), (2, 7), (3, 4), (3, 5), (4, 1), (4, 7), (5, 1), (5, 7), (6, 0), (7, 6)], [(1, 0), (1, 4), (1, 5), (2, 6), (2, 7), (3, 4), (4, 7), (5, 3), (5, 7), (6, 0), (7, 6)], [(0, 1), (0, 4), (0, 5), (0, 6), (0, 7), (3, 1), (1, 4), (1, 5), (6, 1), (7, 1), (3, 2), (2, 4), (2, 5), (2, 6), (7, 2), (3, 4), (3, 5), (3, 7), (4, 5), (7, 4), (6, 5), (7, 5), (7, 6)], [(1, 0), (6, 0), (1, 4), (5, 1), (2, 6), (2, 7), (3, 4), (5, 3), (4, 7), (5, 7), (7, 6)], [(0, 1), (0, 4), (0, 7), (1, 2), (1, 4), (1, 5), (2, 4), (2, 7), (3, 1), (3, 4), (3, 5), (3, 7), (5, 2), (5, 4), (5, 7), (6, 0), (6, 1), (6, 2), (6, 4), (6, 5), (6, 7), (7, 4)]], [[(0, 1), (0, 3), (0, 4), (2, 1), (2, 4), (2, 5), (4, 1), (4, 3), (4, 5), (5, 1), (5, 3), (6, 0), (6, 2), (6, 4), (7, 0), (7, 2), (7, 3), (7, 4), (7, 5)], [(1, 0), (1, 2), (3, 4), (4, 1), (4, 5), (5, 1), (6, 2), (6, 4), (7, 0), (7, 2), (7, 5)], [(1, 2), (1, 4), (1, 5), (2, 7), (4, 3), (4, 5), (4, 6), (6, 2), (7, 0), (7, 5)], [(1, 0), (0, 4), (0, 6), (0, 7), (1, 2), (3, 1), (1, 4), (1, 5), (1, 6), (1, 7), (3, 2), (2, 6), (7, 2), (3, 4), (3, 6), (3, 7), (5, 4), (6, 4), (7, 4), (6, 5), (7, 5), (7, 6)], [(1, 0), (7, 0), (1, 2), (4, 1), (5, 1), (6, 2), (7, 2), (4, 3), (5, 4), (4, 6), (7, 5)], [(0, 1), (0, 4), (0, 5), (0, 7), (1, 4), (1, 5), (2, 1), (2, 3), (2, 4), (2, 6), (3, 1), (3, 4), (3, 5), (4, 5), (4, 6), (7, 2), (7, 4), (7, 5), (7, 6)]], [[(0, 1), (0, 2), (0, 4), (0, 6), (0, 7), (1, 4), (1, 6), (1, 7), (2, 4), (2, 7), (3, 2), (3, 4), (3, 5), (3, 6), (3, 7), (5, 2), (5, 4), (6, 2), (6, 5), (6, 7), (7, 4)], [(0, 1), (0, 2), (0, 4), (1, 7), (2, 3), (4, 7), (5, 3), (6, 3), (6, 7)], [(0, 1), (0, 2), (0, 4), (1, 7), (2, 3), (3, 6), (5, 3), (5, 7), (6, 7), (7, 4)], [(0, 1), (0, 2), (0, 3), (0, 4), (2, 1), (1, 4), (1, 6), (7, 1), (2, 3), (2, 4), (7, 2), (3, 4), (5, 3), (3, 6), (7, 3), (5, 4), (7, 4), (7, 5), (7, 6)], [(1, 0), (0, 2), (4, 0), (1, 7), (2, 3), (5, 3), (3, 6), (4, 7), (7, 6)], [(0, 2), (1, 0), (1, 7), (3, 2), (3, 5), (3, 6), (4, 0), (4, 2), (4, 6), (4, 7), (5, 2), (5, 6), (5, 7), (6, 7)]], [[(2, 1), (2, 5), (3, 0), (3, 2), (3, 4), (3, 5), (4, 2), (4, 7), (5, 0), (5, 1), (6, 2), (6, 4), (6, 5), (6, 7), (7, 2)], [(0, 4), (0, 5), (2, 1), (2, 3), (2, 5), (3, 4), (5, 1), (6, 2), (6, 4), (7, 4), (7, 6)], [(0, 4), (1, 2), (1, 5), (2, 3), (2, 5), (2, 6), (4, 3), (4, 7), (5, 0), (5, 3), (6, 4), (6, 7)], [(3, 0), (5, 0), (1, 2), (1, 3), (5, 1), (3, 2), (2, 4), (5, 2), (2, 6), (3, 4), (3, 6), (3, 7), (6, 4), (5, 6), (5, 7), (6, 7)], [(0, 4), (0, 5), (2, 1), (5, 1), (2, 3), (5, 2), (6, 2), (4, 3), (6, 4), (4, 7), (6, 7)], [(0, 3), (0, 4), (0, 5), (2, 1), (2, 6), (3, 2), (4, 2), (4, 3), (4, 6), (5, 1), (5, 2), (5, 3), (5, 6), (7, 2), (7, 3), (7, 4), (7, 6)]], [[(0, 1), (0, 6), (0, 7), (1, 3), (2, 1), (2, 3), (2, 5), (2, 6), (2, 7), (4, 1), (4, 3), (4, 5), (4, 6), (4, 7), (5, 3), (5, 6), (5, 7), (6, 1), (6, 7), (7, 3)], [(0, 1), (0, 6), (0, 7), (1, 3), (1, 6), (2, 3), (2, 6), (4, 1), (4, 7), (5, 6), (5, 7)], [(0, 1), (0, 6), (0, 7), (1, 3), (2, 3), (4, 1), (5, 6), (5, 7), (6, 1), (6, 2), (7, 2), (7, 4)], [(0, 1), (0, 6), (0, 7), (1, 2), (1, 3), (4, 1), (5, 1), (1, 6), (2, 3), (4, 2), (5, 2), (2, 6), (2, 7), (4, 3), (6, 3), (3, 7), (5, 4), (4, 7), (5, 6), (5, 7), (6, 7)], [(0, 1), (0, 6), (0, 7), (1, 3), (4, 1), (6, 1), (2, 3), (6, 2), (7, 4), (5, 6), (5, 7)], [(0, 1), (2, 5), (2, 6), (2, 7), (3, 0), (3, 1), (3, 2), (3, 6), (3, 7), (4, 0), (4, 1), (4, 5), (4, 6), (4, 7), (5, 0), (5, 6), (6, 1), (7, 0), (7, 5), (7, 6)]], [[(0, 1), (0, 2), (0, 5), (0, 7), (1, 2), (1, 6), (1, 7), (3, 5), (3, 7), (4, 1), (4, 2), (4, 3), (4, 5), (5, 2), (6, 2), (6, 3), (6, 7), (7, 2), (7, 5)], [(0, 1), (0, 5), (0, 7), (1, 4), (1, 6), (2, 4), (2, 7), (3, 7), (4, 5), (5, 3), (5, 6), (6, 3), (6, 7)], [(0, 5), (0, 7), (1, 0), (1, 2), (1, 4), (3, 5), (3, 6), (3, 7), (4, 2), (5, 2), (5, 4), (6, 1), (6, 7), (7, 2)], [(1, 0), (0, 2), (0, 4), (0, 5), (0, 7), (1, 2), (3, 1), (1, 4), (6, 1), (1, 7), (3, 2), (4, 2), (2, 5), (6, 2), (7, 2), (3, 4), (3, 5), (6, 3), (3, 7), (4, 5), (6, 4), (6, 7)], [(0, 1), (0, 5), (0, 7), (4, 1), (6, 1), (2, 4), (7, 2), (3, 5), (6, 3), (3, 7), (5, 4), (6, 5), (6, 7)], [(0, 5), (0, 7), (1, 0), (1, 6), (2, 5), (2, 6), (2, 7), (3, 1), (3, 2), (3, 5), (3, 6), (3, 7), (4, 0), (4, 1), (4, 2), (4, 3), (4, 5), (4, 6), (4, 7), (6, 7)]], [[(1, 0), (1, 2), (1, 3), (1, 5), (2, 0), (2, 3), (2, 5), (3, 0), (4, 2), (6, 0), (6, 3), (6, 5), (7, 3), (7, 5)], [(0, 3), (1, 2), (1, 3), (1, 5), (2, 5), (4, 2), (6, 0), (6, 5), (7, 3), (7, 5)], [(0, 3), (0, 6), (1, 2), (1, 3), (1, 5), (2, 5), (3, 7), (4, 2), (6, 5), (7, 5)], [(1, 0), (2, 0), (3, 0), (6, 0), (2, 1), (3, 1), (4, 1), (5, 1), (6, 1), (4, 2), (2, 5), (2, 6), (2, 7), (4, 3), (3, 5), (3, 7), (4, 5), (5, 6), (5, 7), (6, 7)], [(3, 0), (0, 6), (1, 2), (1, 3), (1, 5), (4, 2), (2, 5), (7, 3), (6, 5), (7, 5)], [(0, 3), (1, 0), (1, 2), (1, 3), (1, 5), (2, 0), (2, 5), (4, 2), (6, 0), (6, 5), (7, 0), (7, 3), (7, 5)]], [[(1, 0), (1, 3), (2, 1), (2, 3), (3, 0), (4, 2), (4, 5), (5, 0), (5, 1), (5, 3), (6, 1), (6, 3), (6, 4), (6, 5), (7, 0), (7, 3), (7, 4), (7, 5)], [(0, 1), (0, 3), (1, 5), (1, 6), (2, 1), (2, 3), (2, 4), (3, 1), (4, 6), (5, 6), (7, 0), (7, 4), (7, 5)], [(0, 1), (0, 3), (0, 7), (1, 3), (2, 1), (2, 3), (4, 2), (5, 1), (6, 1), (6, 4), (6, 5), (7, 4), (7, 5)], [(1, 0), (3, 0), (0, 4), (5, 0), (0, 7), (2, 1), (3, 1), (5, 1), (1, 6), (1, 7), (3, 2), (2, 4), (2, 6), (3, 4), (5, 3), (3, 6), (5, 4), (4, 6), (4, 7), (5, 6), (5, 7), (6, 7)], [(1, 0), (0, 3), (7, 0), (2, 1), (1, 3), (5, 1), (6, 1), (2, 3), (4, 2), (4, 6), (7, 4), (5, 6), (7, 5)], [(1, 0), (1, 2), (1, 3), (1, 5), (1, 6), (2, 4), (3, 0), (3, 2), (3, 5), (3, 7), (5, 0), (5, 4), (6, 2), (6, 4), (6, 5), (7, 0), (7, 4), (7, 5)]], [[(0, 1), (0, 2), (0, 4), (0, 6), (1, 2), (1, 3), (1, 4), (1, 6), (1, 7), (2, 3), (2, 4), (2, 6), (2, 7), (4, 3), (5, 4), (5, 6), (6, 7), (7, 3)], [(0, 4), (1, 2), (1, 3), (1, 4), (2, 3), (2, 7), (3, 4), (3, 7), (4, 6), (6, 5), (6, 7)], [(0, 4), (1, 2), (1, 3), (1, 4), (2, 3), (2, 7), (4, 3), (5, 6), (6, 7), (7, 3)], [(1, 0), (0, 4), (0, 6), (1, 3), (1, 4), (1, 6), (3, 2), (4, 2), (7, 2), (4, 3), (7, 3), (5, 4), (4, 7), (5, 6), (6, 7)], [(0, 4), (1, 2), (1, 3), (1, 4), (2, 3), (7, 2), (4, 3), (7, 3), (4, 6), (6, 5), (7, 6)], [(0, 5), (1, 0), (1, 3), (1, 4), (1, 5), (3, 2), (4, 0), (4, 2), (4, 3), (4, 5), (4, 6), (6, 5), (7, 2), (7, 3), (7, 6)]], [[(0, 3), (0, 4), (0, 5), (1, 5), (3, 1), (3, 5), (4, 3), (4, 5), (6, 0), (6, 1), (6, 3), (6, 4), (6, 5), (7, 0), (7, 1), (7, 4), (7, 5)], [(0, 4), (0, 5), (1, 3), (4, 3), (4, 6), (5, 3), (5, 6), (6, 1), (7, 0), (7, 5)], [(0, 5), (0, 7), (1, 3), (1, 6), (3, 5), (4, 3), (4, 7), (6, 4), (6, 5), (7, 5)], [(1, 0), (0, 3), (5, 0), (0, 7), (6, 1), (1, 7), (4, 3), (5, 3), (7, 3), (4, 6), (4, 7), (5, 6), (5, 7)], [(0, 4), (0, 5), (0, 7), (3, 1), (6, 1), (3, 4), (3, 5), (4, 6), (6, 5), (5, 7)], [(0, 1), (0, 3), (0, 4), (0, 5), (0, 6), (3, 4), (4, 1), (4, 6), (5, 1), (5, 3), (5, 6), (6, 1), (7, 0), (7, 1), (7, 4), (7, 5), (7, 6)]], [[(0, 1), (0, 3), (0, 4), (2, 4), (3, 1), (3, 2), (3, 4), (3, 5), (3, 6), (4, 1), (5, 1), (5, 2), (5, 6), (6, 1), (7, 1), (7, 5)], [(0, 4), (1, 4), (1, 7), (2, 3), (2, 7), (3, 0), (3, 5), (5, 1), (5, 7), (6, 1), (6, 5)], [(0, 3), (0, 4), (1, 4), (1, 5), (1, 6), (1, 7), (3, 2), (3, 5), (3, 6), (6, 5), (7, 2), (7, 5)], [(0, 1), (3, 0), (0, 4), (3, 1), (4, 1), (5, 1), (6, 1), (7, 1), (2, 3), (2, 4), (6, 2), (3, 4), (5, 3), (6, 3), (3, 7), (6, 5), (5, 7)], [(3, 0), (4, 0), (4, 1), (1, 5), (1, 6), (7, 1), (3, 2), (7, 2), (3, 5), (6, 5), (7, 5)], [(0, 1), (0, 3), (0, 4), (2, 4), (2, 5), (3, 1), (3, 2), (3, 4), (3, 5), (3, 6), (4, 1), (5, 1), (5, 6), (6, 1), (7, 1), (7, 2), (7, 5)]], [[(0, 1), (0, 2), (0, 3), (0, 4), (0, 6), (1, 2), (1, 4), (3, 2), (3, 5), (4, 3), (4, 5), (5, 2), (6, 2), (6, 3), (6, 5), (7, 2), (7, 3), (7, 4), (7, 5)], [(0, 6), (1, 0), (1, 2), (3, 4), (3, 5), (4, 1), (6, 5), (7, 2), (7, 3)], [(0, 6), (1, 0), (2, 1), (2, 7), (3, 4), (3, 5), (4, 1), (6, 5), (7, 3)], [(1, 0), (2, 0), (3, 0), (6, 0), (2, 1), (4, 1), (1, 6), (1, 7), (3, 2), (2, 5), (2, 6), (2, 7), (4, 3), (3, 5), (3, 6), (3, 7), (4, 5), (4, 6), (4, 7), (5, 6), (7, 6)], [(1, 0), (0, 6), (2, 1), (4, 1), (7, 2), (3, 4), (3, 5), (7, 3), (6, 5)], [(0, 3), (0, 5), (0, 6), (1, 0), (1, 2), (1, 3), (1, 4), (2, 3), (2, 6), (3, 4), (5, 2), (5, 3), (5, 4), (5, 6), (6, 3), (6, 4), (7, 2), (7, 4), (7, 5), (7, 6)]], [[(0, 2), (1, 0), (1, 4), (1, 5), (1, 6), (3, 0), (3, 2), (3, 4), (3, 5), (4, 0), (4, 5), (4, 7), (5, 2), (6, 0), (6, 4), (6, 5), (6, 7), (7, 0), (7, 2), (7, 5)], [(0, 3), (0, 4), (1, 4), (2, 0), (2, 3), (2, 5), (5, 4), (6, 1), (6, 2), (7, 4), (7, 5), (7, 6)], [(0, 2), (0, 3), (0, 4), (1, 6), (3, 2), (4, 5), (5, 2), (6, 7), (7, 4), (7, 5)], [(1, 0), (2, 0), (3, 0), (0, 4), (5, 0), (0, 6), (1, 6), (1, 7), (3, 2), (2, 5), (2, 7), (3, 4), (3, 6), (3, 7), (5, 4), (7, 4), (5, 6), (7, 5), (7, 6)], [(2, 0), (3, 0), (4, 0), (1, 4), (6, 1), (3, 2), (2, 5), (6, 2), (5, 4), (4, 7), (5, 7), (6, 7)], [(0, 4), (0, 6), (1, 0), (1, 6), (1, 7), (2, 0), (2, 3), (2, 5), (2, 7), (3, 0), (3, 4), (3, 6), (3, 7), (5, 0), (5, 4), (5, 6), (7, 4), (7, 5), (7, 6)]], [[(0, 1), (0, 3), (0, 4), (0, 6), (0, 7), (1, 4), (2, 3), (2, 6), (2, 7), (4, 3), (4, 5), (6, 4), (6, 5), (6, 7), (7, 1), (7, 3), (7, 4)], [(0, 7), (1, 4), (1, 7), (2, 4), (3, 0), (3, 7), (4, 5), (5, 6), (6, 7)], [(2, 4), (3, 0), (3, 7), (4, 1), (4, 5), (6, 5), (7, 0), (7, 1), (7, 6)], [(0, 1), (0, 3), (0, 4), (0, 6), (0, 7), (1, 4), (1, 6), (7, 1), (2, 3), (2, 6), (2, 7), (4, 3), (7, 3), (4, 5), (4, 6), (6, 5), (7, 6)], [(3, 0), (7, 0), (4, 1), (7, 1), (4, 2), (7, 3), (4, 5), (6, 5), (7, 6)], [(0, 2), (0, 7), (1, 2), (1, 3), (1, 6), (1, 7), (2, 7), (3, 0), (3, 2), (3, 7), (4, 0), (4, 1), (4, 2), (4, 5), (4, 6), (6, 5), (6, 7)]], [[(0, 1), (0, 3), (0, 5), (1, 2), (1, 5), (2, 3), (2, 5), (4, 0), (4, 2), (4, 3), (4, 5), (4, 6), (5, 3), (6, 0), (6, 1), (6, 3), (7, 1), (7, 3), (7, 5), (7, 6)], [(0, 3), (0, 5), (0, 6), (1, 2), (2, 3), (2, 4), (4, 6), (5, 3), (7, 3), (7, 6)], [(0, 3), (0, 5), (0, 6), (1, 2), (1, 4), (1, 7), (2, 3), (2, 4), (4, 6), (5, 1), (5, 3), (6, 7), (7, 3)], [(0, 1), (0, 2), (0, 3), (5, 0), (0, 6), (0, 7), (2, 1), (4, 1), (5, 1), (1, 7), (2, 3), (2, 4), (2, 6), (2, 7), (4, 3), (5, 3), (6, 3), (7, 3), (4, 6), (5, 7), (7, 6)], [(0, 3), (0, 5), (0, 6), (1, 2), (2, 3), (4, 2), (5, 3), (7, 3), (4, 6), (6, 7)], [(0, 3), (0, 4), (0, 5), (0, 6), (1, 0), (1, 2), (1, 3), (1, 5), (1, 6), (1, 7), (3, 2), (4, 2), (4, 3), (5, 3), (6, 3), (6, 4), (7, 0), (7, 2), (7, 3), (7, 4), (7, 6)]], [[(0, 3), (0, 6), (1, 2), (1, 3), (2, 3), (2, 6), (4, 2), (4, 3), (4, 5), (4, 6), (4, 7), (5, 0), (5, 1), (5, 2), (5, 3), (7, 0), (7, 1)], [(0, 3), (0, 5), (0, 7), (1, 2), (1, 7), (2, 6), (3, 2), (3, 4), (4, 5), (4, 7)], [(0, 3), (1, 2), (1, 3), (1, 5), (1, 7), (2, 3), (2, 6), (4, 3), (4, 5), (4, 7), (5, 0), (7, 0), (7, 6)], [(1, 0), (2, 0), (3, 0), (4, 0), (5, 0), (0, 6), (0, 7), (2, 1), (1, 3), (4, 1), (5, 1), (1, 7), (2, 3), (2, 5), (2, 6), (4, 3), (4, 5), (4, 6), (4, 7), (5, 7)], [(0, 3), (0, 5), (0, 7), (2, 1), (1, 7), (3, 2), (2, 6), (4, 3), (4, 5), (4, 7)], [(0, 3), (1, 2), (1, 3), (2, 3), (4, 2), (4, 3), (4, 5), (5, 0), (5, 1), (5, 2), (5, 3), (6, 1), (6, 2), (7, 0), (7, 1), (7, 4), (7, 6)]], [[(0, 2), (0, 5), (0, 7), (1, 0), (1, 2), (1, 4), (1, 5), (1, 6), (1, 7), (2, 5), (3, 5), (3, 6), (3, 7), (4, 0), (4, 5), (4, 6), (4, 7), (6, 0), (7, 2), (7, 5)], [(0, 5), (1, 0), (1, 6), (2, 0), (2, 1), (3, 5), (3, 6), (4, 5), (6, 0), (7, 3), (7, 5)], [(0, 1), (0, 2), (0, 4), (0, 5), (0, 6), (1, 2), (1, 6), (3, 5), (3, 7), (4, 5), (6, 3), (6, 7), (7, 5)], [(0, 1), (0, 2), (0, 3), (0, 4), (5, 0), (0, 6), (0, 7), (1, 2), (1, 3), (1, 4), (1, 6), (1, 7), (3, 2), (2, 7), (4, 3), (5, 3), (6, 3), (6, 4), (5, 6), (5, 7)], [(1, 0), (0, 2), (0, 5), (6, 0), (1, 2), (1, 6), (3, 5), (3, 6), (7, 3), (5, 4), (7, 5)], [(0, 6), (0, 7), (1, 0), (1, 2), (1, 6), (1, 7), (2, 0), (2, 5), (2, 7), (3, 0), (3, 2), (3, 4), (3, 5), (3, 6), (4, 6), (5, 0), (5, 4), (5, 7)]], [[(0, 1), (0, 2), (0, 3), (0, 5), (0, 6), (0, 7), (1, 2), (1, 4), (1, 5), (1, 7), (3, 2), (3, 4), (3, 6), (3, 7), (4, 2), (5, 2), (5, 3), (5, 7), (6, 2), (6, 4), (6, 7), (7, 4)], [(1, 0), (1, 5), (2, 0), (2, 4), (2, 7), (3, 5), (3, 6), (4, 0), (4, 1), (6, 7), (7, 1), (7, 4)], [(0, 1), (0, 2), (1, 4), (1, 5), (1, 7), (3, 4), (3, 6), (4, 2), (5, 3), (5, 6), (7, 2), (7, 4), (7, 6)], [(1, 0), (2, 0), (0, 3), (0, 4), (0, 6), (0, 7), (2, 1), (1, 3), (1, 4), (5, 1), (1, 6), (1, 7), (2, 3), (2, 4), (5, 2), (2, 6), (3, 4), (5, 3), (3, 6), (4, 6), (4, 7), (5, 6), (5, 7), (6, 7)], [(1, 0), (2, 0), (4, 0), (1, 4), (1, 5), (7, 1), (4, 2), (7, 2), (5, 3), (3, 6), (7, 4), (7, 6)], [(0, 1), (0, 3), (0, 4), (0, 6), (0, 7), (1, 4), (1, 5), (1, 6), (1, 7), (2, 0), (2, 1), (2, 4), (2, 5), (2, 6), (3, 4), (4, 7), (5, 3), (5, 6), (5, 7), (6, 3), (6, 4), (6, 7)]], [[(0, 1), (0, 2), (0, 3), (0, 4), (0, 5), (0, 6), (2, 1), (3, 1), (3, 2), (3, 4), (3, 7), (4, 2), (5, 1), (5, 2), (5, 4), (5, 6), (5, 7), (6, 1), (6, 2), (6, 4), (7, 1), (7, 2), (7, 6)], [(0, 1), (0, 6), (1, 2), (1, 5), (1, 7), (2, 6), (3, 4), (3, 7), (5, 7), (6, 4), (7, 2)], [(1, 0), (1, 7), (2, 5), (2, 6), (2, 7), (3, 0), (4, 3), (4, 5), (5, 1), (5, 7), (6, 0), (6, 4), (7, 3)], [(0, 1), (0, 3), (0, 4), (0, 5), (0, 6), (7, 0), (1, 2), (1, 5), (1, 6), (7, 1), (2, 3), (4, 2), (2, 5), (2, 6), (7, 2), (4, 3), (3, 5), (3, 6), (7, 3), (4, 5), (5, 6), (7, 5), (7, 6)], [(1, 0), (0, 6), (1, 2), (5, 1), (1, 7), (6, 2), (7, 2), (3, 4), (3, 7), (6, 4), (5, 7)], [(0, 1), (0, 3), (0, 4), (0, 5), (0, 6), (2, 1), (2, 6), (3, 4), (3, 6), (3, 7), (4, 2), (5, 1), (5, 2), (5, 4), (5, 6), (5, 7), (6, 1), (7, 1), (7, 2), (7, 6)]], [[(0, 4), (0, 5), (0, 6), (0, 7), (1, 3), (1, 5), (1, 6), (3, 2), (3, 4), (4, 2), (5, 2), (5, 4), (6, 2), (6, 3), (6, 4), (6, 5), (7, 1), (7, 2), (7, 4), (7, 6)], [(0, 4), (0, 5), (1, 5), (1, 6), (1, 7), (2, 0), (2, 1), (2, 7), (3, 6), (4, 6), (4, 7)], [(1, 2), (2, 0), (2, 7), (3, 0), (3, 4), (3, 6), (4, 0), (4, 6), (4, 7), (5, 0), (5, 1), (6, 1), (6, 5)], [(2, 0), (3, 0), (0, 4), (5, 0), (0, 6), (0, 7), (2, 1), (5, 1), (1, 6), (1, 7), (2, 4), (2, 6), (2, 7), (3, 4), (5, 3), (3, 6), (5, 4), (6, 4), (7, 4), (5, 6), (5, 7), (6, 7)], [(2, 0), (4, 0), (5, 0), (2, 1), (5, 1), (1, 6), (7, 1), (2, 7), (3, 6), (4, 6), (4, 7)], [(0, 4), (0, 6), (1, 4), (1, 6), (1, 7), (2, 0), (2, 1), (2, 4), (2, 6), (2, 7), (3, 0), (3, 6), (4, 6), (5, 0), (5, 1), (5, 3), (5, 4), (5, 6), (5, 7), (7, 4), (7, 6)]], [[(1, 0), (1, 2), (1, 4), (1, 5), (1, 7), (2, 6), (3, 4), (4, 0), (4, 2), (4, 5), (4, 6), (4, 7), (5, 2), (5, 6), (6, 0), (7, 2), (7, 6)], [(0, 1), (0, 4), (1, 4), (1, 6), (2, 4), (2, 6), (2, 7), (3, 4), (3, 7), (5, 1), (5, 6)], [(0, 1), (0, 4), (1, 4), (1, 5), (1, 6), (2, 6), (3, 4), (3, 7), (4, 2), (4, 5), (5, 2), (5, 6), (7, 2)], [(0, 1), (0, 2), (0, 4), (1, 2), (1, 3), (4, 1), (1, 5), (6, 1), (1, 7), (4, 2), (5, 2), (6, 2), (7, 2), (4, 3), (4, 5), (6, 4), (4, 7), (6, 5), (7, 5), (6, 7)], [(0, 1), (0, 4), (4, 1), (5, 1), (1, 6), (4, 2), (2, 6), (7, 2), (3, 4), (7, 3), (5, 6)], [(0, 1), (0, 4), (1, 3), (1, 5), (2, 1), (2, 4), (2, 5), (2, 6), (4, 1), (4, 3), (4, 5), (6, 1), (6, 5), (7, 1), (7, 2), (7, 4)]], [[(0, 1), (0, 2), (0, 4), (0, 5), (0, 6), (0, 7), (1, 2), (1, 3), (1, 6), (1, 7), (2, 3), (4, 1), (4, 2), (4, 3), (4, 6), (5, 1), (5, 2), (5, 3), (5, 6), (5, 7), (6, 3), (7, 6)], [(0, 5), (0, 6), (1, 5), (1, 6), (1, 7), (2, 0), (2, 1), (2, 6), (3, 5), (3, 6), (4, 3)], [(0, 2), (0, 4), (0, 5), (0, 6), (1, 2), (1, 5), (1, 7), (2, 7), (4, 3), (5, 3), (6, 1), (6, 2), (6, 3)], [(1, 0), (0, 2), (3, 0), (4, 0), (0, 5), (0, 6), (0, 7), (1, 2), (1, 3), (1, 5), (1, 6), (1, 7), (3, 2), (4, 2), (5, 2), (6, 2), (4, 3), (3, 5), (3, 6), (4, 6), (4, 7), (5, 6), (5, 7), (6, 7)], [(0, 2), (0, 5), (6, 0), (1, 2), (1, 5), (1, 6), (7, 1), (6, 2), (4, 3), (5, 3), (6, 3)], [(1, 2), (1, 3), (1, 5), (1, 6), (2, 0), (2, 3), (2, 6), (4, 0), (4, 3), (5, 0), (5, 2), (5, 3), (6, 0), (6, 3), (7, 0), (7, 1), (7, 2)]], [[(0, 7), (1, 0), (1, 2), (1, 3), (1, 4), (1, 5), (1, 7), (2, 0), (2, 3), (2, 5), (2, 6), (3, 0), (3, 5), (3, 7), (4, 0), (4, 3), (4, 5), (4, 7), (5, 0), (6, 3), (6, 4), (6, 5)], [(0, 4), (1, 3), (1, 4), (2, 1), (3, 0), (5, 0), (5, 1), (5, 2), (6, 2), (7, 0), (7, 3), (7, 4)], [(0, 3), (0, 4), (0, 7), (1, 4), (1, 5), (2, 1), (2, 5), (2, 6), (3, 1), (3, 7), (6, 5), (7, 4)], [(1, 0), (2, 0), (3, 0), (0, 4), (0, 5), (0, 7), (2, 1), (3, 1), (1, 4), (1, 5), (6, 1), (1, 7), (2, 4), (2, 5), (2, 6), (3, 4), (3, 5), (3, 6), (3, 7), (6, 4), (4, 7), (6, 5)], [(3, 0), (0, 4), (5, 0), (7, 0), (2, 1), (1, 3), (1, 4), (5, 1), (5, 2), (6, 2), (7, 3), (7, 4)], [(0, 2), (0, 3), (0, 4), (0, 5), (0, 7), (1, 2), (1, 3), (1, 5), (1, 6), (2, 5), (3, 5), (4, 1), (4, 2), (4, 6), (4, 7), (6, 2), (6, 3), (6, 5), (6, 7), (7, 3)]], [[(0, 2), (0, 3), (0, 4), (0, 6), (0, 7), (1, 7), (2, 4), (2, 5), (3, 2), (3, 4), (4, 5), (6, 1), (6, 2), (6, 3), (6, 7), (7, 3), (7, 4)], [(2, 3), (3, 1), (4, 1), (4, 3), (5, 4), (6, 0), (6, 1), (7, 1), (7, 3)], [(1, 6), (2, 3), (3, 1), (3, 7), (4, 3), (4, 5), (5, 2), (6, 0), (7, 1)], [(0, 1), (0, 4), (0, 6), (2, 1), (3, 1), (1, 6), (1, 7), (3, 2), (2, 4), (2, 5), (2, 6), (3, 4), (3, 7), (4, 5), (7, 4)], [(6, 0), (3, 1), (4, 1), (1, 6), (1, 7), (2, 3), (4, 3), (3, 7), (4, 5)], [(0, 3), (0, 6), (1, 2), (1, 3), (1, 7), (2, 3), (2, 5), (3, 7), (4, 1), (4, 3), (4, 5), (6, 1), (6, 2), (6, 4)]], [[(0, 1), (0, 2), (0, 7), (2, 1), (3, 0), (3, 1), (3, 2), (3, 4), (3, 7), (4, 0), (4, 1), (4, 7), (5, 0), (5, 1), (5, 2), (5, 3), (5, 4), (6, 0), (6, 1), (6, 2), (6, 3), (6, 7), (7, 2)], [(0, 6), (2, 1), (3, 6), (3, 7), (4, 1), (4, 5), (5, 1), (5, 2), (6, 1), (6, 7), (7, 4)], [(1, 2), (1, 4), (1, 5), (1, 6), (3, 6), (3, 7), (4, 5), (4, 7), (5, 2), (6, 0), (6, 7)], [(1, 0), (2, 0), (4, 0), (5, 0), (6, 0), (7, 0), (2, 1), (3, 1), (4, 1), (5, 1), (6, 1), (7, 1), (2, 4), (2, 5), (3, 4), (3, 5), (3, 6), (3, 7), (5, 4), (4, 7), (5, 6), (5, 7), (6, 7)], [(6, 0), (2, 1), (4, 1), (1, 5), (6, 1), (2, 5), (6, 3), (3, 7), (4, 5), (4, 7), (6, 7)], [(1, 0), (1, 4), (2, 0), (2, 1), (2, 4), (3, 1), (3, 2), (3, 6), (3, 7), (4, 0), (5, 0), (5, 1), (5, 2), (5, 3), (5, 4), (5, 6), (5, 7), (6, 0), (6, 1), (7, 0), (7, 1), (7, 4), (7, 6)]], [[(0, 2), (0, 4), (0, 6), (0, 7), (1, 2), (1, 7), (2, 3), (2, 7), (4, 1), (4, 2), (4, 3), (4, 6), (4, 7), (5, 1), (5, 2), (5, 4), (5, 6), (5, 7), (6, 1), (6, 7)], [(0, 7), (1, 2), (1, 4), (3, 4), (4, 0), (4, 5), (4, 6), (5, 7), (6, 0)], [(1, 2), (1, 3), (1, 4), (2, 7), (4, 0), (4, 3), (4, 5), (4, 6), (6, 2), (6, 7), (7, 0), (7, 5)], [(1, 0), (0, 2), (4, 0), (0, 5), (0, 6), (0, 7), (1, 2), (4, 1), (1, 5), (1, 6), (1, 7), (2, 3), (2, 5), (2, 7), (4, 3), (4, 5), (4, 6), (4, 7), (5, 6), (5, 7), (6, 7)], [(4, 0), (6, 0), (7, 0), (1, 2), (4, 1), (4, 3), (5, 4), (4, 6), (7, 5)], [(1, 0), (2, 0), (2, 1), (2, 7), (3, 2), (4, 0), (4, 1), (4, 3), (4, 7), (5, 0), (5, 2), (5, 4), (5, 7), (6, 0), (6, 2), (6, 4), (6, 5), (6, 7), (7, 0)]], [[(0, 1), (2, 0), (2, 1), (2, 7), (3, 0), (3, 2), (3, 5), (3, 7), (4, 0), (4, 1), (4, 5), (4, 6), (4, 7), (5, 0), (5, 2), (5, 7), (6, 5), (6, 7), (7, 0), (7, 1)], [(0, 1), (0, 5), (1, 2), (1, 6), (2, 5), (2, 7), (3, 5), (3, 7), (4, 0), (4, 5), (4, 6), (6, 7)], [(0, 1), (0, 3), (0, 4), (0, 5), (2, 1), (2, 7), (3, 5), (3, 7), (4, 5), (4, 6), (5, 2), (6, 1), (6, 7)], [(0, 1), (2, 0), (3, 0), (4, 0), (0, 5), (7, 0), (2, 1), (4, 1), (7, 1), (2, 4), (2, 5), (2, 6), (2, 7), (3, 5), (3, 6), (3, 7), (4, 5), (4, 6), (6, 5), (7, 6)], [(0, 1), (4, 0), (5, 0), (2, 1), (6, 1), (5, 2), (2, 7), (3, 5), (3, 7), (4, 5), (6, 4), (6, 7)], [(0, 1), (0, 4), (0, 5), (0, 7), (2, 1), (2, 5), (2, 7), (3, 0), (3, 4), (3, 5), (3, 7), (4, 1), (4, 2), (4, 5), (4, 7), (6, 0), (6, 4), (6, 5), (6, 7), (7, 1)]], [[(0, 6), (0, 7), (1, 0), (1, 2), (1, 3), (1, 4), (1, 6), (1, 7), (2, 0), (2, 4), (2, 7), (3, 0), (3, 2), (3, 5), (3, 6), (3, 7), (4, 0), (4, 7), (5, 0), (5, 2), (5, 4), (6, 7)], [(0, 1), (0, 4), (1, 2), (3, 1), (4, 2), (4, 7), (5, 2), (5, 3), (6, 0)], [(0, 6), (1, 0), (1, 2), (1, 3), (1, 7), (2, 4), (2, 5), (4, 0), (4, 7), (5, 3)], [(0, 1), (0, 2), (0, 3), (4, 0), (0, 5), (0, 6), (0, 7), (1, 2), (1, 3), (1, 5), (1, 6), (1, 7), (2, 3), (4, 2), (5, 2), (7, 2), (4, 3), (5, 3), (6, 3), (7, 3), (4, 5), (4, 7), (6, 5), (7, 5)], [(1, 0), (4, 0), (0, 6), (1, 2), (3, 1), (2, 4), (5, 2), (5, 3), (4, 7)], [(0, 1), (0, 3), (0, 5), (0, 6), (2, 1), (2, 3), (2, 5), (3, 1), (3, 5), (4, 0), (4, 2), (4, 3), (4, 5), (4, 7), (6, 1), (7, 1)]], [[(0, 1), (0, 2), (0, 4), (1, 2), (1, 4), (3, 0), (3, 4), (3, 6), (4, 2), (5, 0), (5, 1), (5, 2), (5, 4), (5, 6), (6, 0), (6, 1), (6, 2), (6, 4), (6, 7), (7, 0), (7, 1), (7, 2), (7, 4)], [(0, 2), (0, 4), (0, 5), (1, 2), (1, 7), (3, 0), (3, 1), (3, 6), (4, 7), (5, 4), (5, 6), (6, 7)], [(0, 2), (0, 3), (0, 4), (0, 5), (1, 4), (2, 1), (3, 6), (4, 7), (5, 1), (6, 5), (6, 7)], [(0, 1), (0, 2), (3, 0), (0, 4), (5, 0), (0, 6), (0, 7), (1, 4), (5, 1), (6, 1), (7, 1), (2, 4), (2, 6), (2, 7), (3, 4), (3, 6), (3, 7), (5, 4), (6, 4), (7, 4), (5, 6), (5, 7)], [(0, 2), (3, 0), (4, 0), (5, 0), (1, 2), (3, 1), (1, 7), (3, 6), (5, 4), (7, 4), (5, 6), (6, 7)], [(0, 1), (0, 4), (0, 5), (0, 6), (0, 7), (1, 7), (2, 0), (2, 1), (2, 4), (2, 6), (2, 7), (3, 0), (3, 2), (3, 4), (3, 5), (3, 6), (4, 1), (4, 6), (4, 7), (5, 1), (5, 6), (5, 7), (6, 7)]], [[(0, 2), (0, 4), (0, 5), (0, 7), (1, 5), (1, 7), (2, 1), (3, 0), (3, 4), (3, 5), (6, 0), (6, 4), (7, 4)], [(0, 2), (0, 5), (1, 2), (1, 5), (3, 0), (3, 5), (4, 0), (6, 4), (7, 1), (7, 4)], [(0, 3), (0, 4), (0, 5), (1, 2), (1, 5), (1, 7), (2, 0), (3, 5), (4, 6), (4, 7)], [(0, 1), (0, 2), (0, 3), (0, 4), (5, 0), (0, 6), (0, 7), (1, 2), (1, 3), (4, 1), (5, 1), (1, 7), (4, 3), (5, 3), (6, 3), (4, 6), (4, 7), (5, 6), (7, 6)], [(0, 2), (0, 3), (4, 0), (0, 5), (2, 1), (1, 5), (1, 7), (3, 5), (4, 6), (4, 7)], [(0, 1), (0, 2), (0, 4), (0, 5), (0, 6), (0, 7), (1, 2), (1, 5), (3, 0), (3, 4), (3, 5), (3, 6), (4, 6), (7, 1), (7, 4), (7, 6)]], [[(0, 4), (0, 6), (0, 7), (1, 3), (1, 4), (1, 5), (1, 6), (2, 0), (2, 4), (2, 6), (2, 7), (3, 2), (3, 5), (4, 6), (4, 7), (5, 0), (5, 4), (5, 7), (7, 6)], [(0, 4), (0, 6), (1, 3), (1, 4), (1, 6), (2, 6), (2, 7), (3, 2), (4, 7), (5, 0), (5, 3), (7, 6)], [(2, 3), (2, 6), (3, 1), (3, 5), (4, 0), (4, 1), (5, 0), (6, 0), (6, 1), (6, 7), (7, 4)], [(0, 4), (5, 0), (0, 6), (0, 7), (2, 1), (3, 1), (4, 1), (6, 1), (7, 1), (2, 3), (4, 2), (5, 2), (6, 2), (4, 3), (5, 3), (3, 7), (4, 6), (4, 7), (5, 6), (5, 7), (6, 7)], [(0, 4), (5, 0), (0, 6), (3, 1), (1, 4), (1, 6), (3, 2), (2, 6), (2, 7), (5, 3), (4, 7), (7, 6)], [(1, 3), (1, 4), (1, 6), (2, 1), (2, 3), (2, 5), (2, 6), (2, 7), (4, 0), (4, 7), (5, 0), (5, 3), (5, 6), (6, 0), (7, 0), (7, 6)]], [[(2, 1), (2, 3), (2, 5), (2, 6), (3, 4), (3, 5), (5, 0), (5, 4), (6, 0), (6, 1), (6, 7), (7, 0), (7, 1), (7, 3)], [(0, 5), (1, 2), (2, 3), (2, 5), (3, 4), (4, 5), (6, 0), (6, 2), (7, 1), (7, 3)], [(0, 6), (2, 1), (3, 2), (3, 4), (3, 7), (5, 0), (5, 2), (5, 4), (6, 1), (6, 2), (7, 0), (7, 1)], [(0, 1), (0, 3), (0, 5), (0, 6), (0, 7), (1, 2), (3, 1), (5, 1), (1, 7), (3, 2), (5, 2), (6, 2), (7, 2), (4, 3), (5, 3), (3, 7), (4, 5), (5, 6), (5, 7), (6, 7)], [(5, 0), (6, 0), (1, 2), (7, 1), (3, 2), (2, 5), (6, 2), (3, 4), (7, 3), (5, 4)], [(1, 6), (2, 1), (2, 6), (3, 2), (3, 4), (3, 7), (5, 0), (5, 2), (5, 4), (6, 0), (7, 0), (7, 1), (7, 6)]], [[(0, 2), (1, 0), (1, 2), (1, 3), (3, 0), (3, 2), (3, 6), (3, 7), (4, 1), (4, 3), (4, 7), (5, 0), (5, 1), (5, 2), (5, 3), (5, 6), (5, 7), (6, 2), (7, 0), (7, 2), (7, 6)], [(0, 1), (0, 5), (0, 7), (1, 4), (2, 3), (2, 5), (3, 7), (4, 3), (4, 7), (5, 7), (6, 3), (6, 5)], [(0, 1), (0, 5), (0, 7), (1, 4), (2, 3), (3, 6), (4, 3), (4, 7), (5, 6), (5, 7), (7, 3)], [(1, 0), (0, 2), (0, 3), (0, 5), (0, 7), (1, 2), (1, 3), (4, 1), (1, 5), (1, 6), (3, 2), (5, 2), (6, 2), (7, 2), (4, 3), (3, 5), (3, 6), (7, 3), (4, 5), (4, 7), (6, 5), (7, 5)], [(0, 1), (0, 5), (0, 7), (1, 4), (2, 3), (2, 5), (4, 3), (3, 6), (7, 3), (4, 7), (5, 6), (5, 7)], [(0, 1), (0, 3), (0, 5), (0, 6), (1, 4), (1, 6), (1, 7), (2, 3), (2, 4), (2, 5), (2, 6), (2, 7), (4, 3), (5, 3), (5, 7), (6, 3), (6, 4), (6, 5), (6, 7), (7, 3), (7, 4)]], [[(0, 3), (0, 4), (0, 5), (0, 6), (0, 7), (1, 2), (1, 3), (1, 5), (1, 6), (1, 7), (2, 5), (2, 6), (3, 4), (3, 6), (3, 7), (4, 6), (4, 7), (5, 3), (5, 4), (5, 6), (5, 7), (6, 7)], [(0, 4), (0, 5), (0, 6), (2, 1), (3, 1), (4, 3), (5, 1), (5, 3), (6, 1), (7, 4), (7, 6)], [(0, 4), (0, 5), (0, 6), (1, 2), (1, 3), (1, 5), (1, 6), (3, 4), (3, 5), (6, 7), (7, 4)], [(0, 1), (0, 4), (5, 0), (0, 6), (1, 2), (3, 1), (4, 1), (5, 1), (6, 1), (7, 1), (5, 2), (6, 2), (7, 2), (4, 3), (5, 3), (3, 6), (3, 7), (4, 7), (7, 6)], [(4, 0), (0, 5), (0, 6), (1, 2), (3, 1), (1, 5), (1, 6), (4, 3), (3, 5), (4, 7), (6, 7)], [(0, 1), (0, 6), (2, 1), (2, 6), (3, 1), (3, 2), (3, 6), (3, 7), (4, 0), (4, 1), (4, 3), (4, 5), (4, 7), (5, 0), (5, 1), (5, 3), (6, 1), (7, 1), (7, 6)]], [[(0, 6), (1, 0), (1, 6), (2, 0), (2, 1), (2, 7), (3, 1), (3, 6), (4, 0), (4, 1), (4, 3), (4, 6), (5, 0), (5, 3), (5, 6), (5, 7), (7, 1), (7, 3), (7, 4), (7, 6)], [(0, 4), (0, 5), (1, 6), (2, 0), (2, 1), (3, 5), (3, 7), (4, 6), (4, 7), (5, 6)], [(1, 2), (1, 6), (2, 0), (3, 5), (3, 7), (4, 0), (4, 6), (4, 7), (5, 0), (5, 6)], [(0, 2), (0, 4), (0, 5), (0, 6), (0, 7), (2, 1), (1, 5), (1, 6), (1, 7), (3, 2), (2, 5), (3, 4), (3, 5), (3, 6), (3, 7), (5, 4), (6, 4), (7, 4), (6, 5), (7, 5), (7, 6)], [(2, 0), (0, 4), (5, 0), (1, 2), (1, 6), (5, 3), (7, 3), (6, 4), (4, 7), (5, 6)], [(0, 4), (1, 6), (2, 0), (2, 1), (2, 3), (3, 7), (4, 7), (5, 0), (5, 3), (5, 6), (5, 7), (6, 4), (6, 7)]], [[(0, 4), (0, 5), (1, 4), (1, 7), (2, 0), (2, 4), (2, 5), (2, 7), (3, 0), (3, 2), (3, 5), (5, 1), (6, 1), (6, 2), (6, 4), (6, 5)], [(0, 5), (2, 0), (3, 0), (3, 5), (4, 1), (5, 1), (6, 4), (6, 5), (7, 1), (7, 2)], [(0, 2), (0, 3), (1, 4), (1, 5), (1, 7), (2, 7), (4, 6), (5, 0), (5, 3), (5, 6)], [(0, 2), (3, 0), (0, 4), (5, 0), (6, 0), (1, 4), (5, 1), (6, 1), (1, 7), (3, 2), (4, 2), (5, 2), (2, 7), (3, 5), (6, 4), (6, 5)], [(2, 0), (3, 0), (0, 5), (1, 4), (5, 1), (1, 7), (2, 7), (3, 5), (4, 6), (5, 6)], [(0, 5), (1, 0), (1, 5), (1, 7), (2, 0), (2, 1), (2, 3), (2, 7), (4, 0), (4, 1), (4, 6), (5, 3), (6, 0), (6, 1), (6, 2), (6, 3), (6, 5)]], [[(0, 5), (1, 0), (1, 4), (1, 7), (2, 0), (2, 1), (2, 5), (2, 7), (3, 0), (3, 1), (3, 5), (3, 6), (4, 7), (6, 0), (6, 1), (6, 4), (6, 5), (6, 7), (7, 0)], [(0, 2), (0, 3), (0, 6), (1, 3), (1, 4), (1, 6), (2, 7), (4, 7), (5, 2), (6, 7)], [(0, 3), (0, 6), (1, 2), (1, 3), (1, 4), (1, 6), (2, 0), (2, 5), (2, 7), (5, 0), (6, 7), (7, 4)], [(0, 2), (3, 0), (4, 0), (0, 5), (6, 0), (0, 7), (1, 2), (3, 1), (4, 1), (6, 1), (1, 7), (3, 2), (2, 5), (6, 2), (2, 7), (4, 3), (3, 5), (3, 7), (6, 4), (4, 7), (6, 5), (6, 7)], [(0, 2), (0, 3), (0, 6), (1, 3), (4, 1), (1, 6), (2, 5), (7, 2), (7, 4), (7, 6)], [(0, 2), (0, 3), (0, 5), (0, 6), (1, 2), (2, 5), (3, 1), (3, 2), (3, 5), (3, 6), (4, 1), (4, 2), (4, 3), (4, 6), (4, 7), (6, 1), (6, 2), (6, 5), (7, 2), (7, 3), (7, 6)]], [[(0, 2), (1, 0), (1, 2), (1, 4), (3, 0), (3, 1), (3, 2), (3, 7), (4, 0), (5, 0), (5, 1), (5, 4), (5, 6), (5, 7), (6, 0), (6, 2), (6, 4), (6, 7), (7, 0), (7, 4)], [(0, 3), (0, 4), (0, 7), (1, 3), (1, 4), (2, 6), (3, 2), (4, 6), (5, 0), (5, 1), (5, 7), (6, 7)], [(0, 3), (0, 4), (0, 5), (0, 7), (1, 3), (1, 4), (1, 5), (2, 3), (2, 6), (5, 7), (6, 4), (7, 6)], [(0, 2), (0, 3), (4, 0), (0, 5), (0, 6), (0, 7), (1, 2), (3, 1), (4, 1), (5, 1), (6, 1), (1, 7), (3, 2), (6, 2), (3, 6), (3, 7), (4, 5), (4, 6), (4, 7), (6, 5), (5, 7), (6, 7)], [(0, 3), (4, 0), (5, 0), (0, 7), (1, 3), (1, 4), (5, 1), (2, 3), (6, 2), (6, 4), (5, 7), (6, 7)], [(0, 2), (0, 3), (0, 6), (0, 7), (1, 0), (1, 2), (1, 3), (1, 4), (1, 5), (1, 6), (1, 7), (3, 2), (3, 7), (4, 0), (4, 6), (4, 7), (5, 0), (5, 3), (5, 7), (6, 2), (6, 3), (6, 7)]], [[(0, 2), (0, 3), (0, 5), (0, 6), (0, 7), (1, 2), (1, 6), (1, 7), (2, 7), (3, 1), (3, 2), (3, 4), (3, 6), (3, 7), (4, 1), (4, 2), (4, 5), (4, 6), (4, 7), (5, 1), (5, 2), (5, 6), (5, 7)], [(0, 2), (1, 2), (1, 3), (1, 7), (3, 0), (4, 2), (4, 3), (4, 7), (5, 4), (5, 7), (6, 0), (6, 3)], [(0, 2), (0, 3), (0, 6), (1, 2), (1, 7), (3, 1), (3, 4), (3, 6), (4, 2), (4, 5), (4, 7), (5, 7), (7, 2)], [(0, 2), (3, 0), (0, 5), (0, 6), (0, 7), (1, 2), (3, 1), (4, 1), (5, 1), (1, 6), (1, 7), (3, 2), (4, 2), (5, 2), (7, 2), (4, 3), (3, 6), (3, 7), (4, 5), (4, 6), (4, 7), (5, 6), (5, 7)], [(2, 0), (0, 3), (0, 6), (2, 1), (1, 3), (1, 7), (4, 2), (4, 3), (6, 3), (5, 4), (4, 7), (5, 7)], [(1, 2), (1, 3), (1, 6), (1, 7), (2, 0), (2, 4), (3, 0), (4, 3), (5, 4), (5, 7), (6, 0), (6, 2), (6, 3), (6, 5), (7, 0), (7, 2), (7, 4)]], [[(1, 0), (1, 3), (1, 6), (1, 7), (2, 0), (2, 1), (2, 3), (2, 5), (2, 6), (2, 7), (3, 0), (3, 6), (3, 7), (4, 0), (4, 5), (4, 7), (5, 0), (5, 1), (5, 3), (5, 6), (5, 7), (6, 0), (7, 0), (7, 6)], [(0, 1), (0, 4), (0, 6), (1, 2), (1, 3), (1, 7), (2, 3), (2, 6), (3, 5), (4, 5), (4, 7), (5, 7), (6, 7)], [(0, 1), (0, 4), (0, 6), (1, 2), (1, 3), (1, 7), (2, 3), (2, 6), (4, 5), (4, 7), (5, 3), (5, 7), (7, 6)], [(1, 0), (0, 2), (0, 3), (4, 0), (5, 0), (0, 6), (0, 7), (1, 2), (1, 3), (1, 5), (1, 6), (1, 7), (3, 2), (4, 2), (5, 2), (6, 2), (5, 3), (3, 7), (4, 5), (4, 6), (4, 7), (5, 7), (7, 6)], [(1, 0), (4, 0), (6, 0), (2, 1), (3, 1), (1, 7), (3, 2), (6, 2), (5, 3), (5, 4), (4, 7), (5, 7), (6, 7)], [(0, 1), (0, 2), (0, 3), (0, 4), (0, 5), (0, 6), (0, 7), (2, 1), (2, 3), (2, 5), (2, 6), (2, 7), (3, 1), (3, 5), (3, 6), (3, 7), (4, 7), (6, 4), (6, 7), (7, 1), (7, 5)]], [[(0, 2), (0, 3), (0, 4), (0, 7), (1, 2), (1, 7), (3, 6), (5, 3), (5, 4), (6, 2), (6, 4), (7, 6)], [(0, 3), (0, 4), (0, 7), (1, 2), (1, 7), (2, 6), (3, 6), (4, 6), (5, 3), (5, 4)], [(0, 3), (0, 4), (0, 7), (1, 2), (1, 7), (3, 5), (4, 5), (6, 2), (6, 3), (6, 4), (6, 7)], [(0, 2), (0, 3), (0, 4), (0, 7), (1, 2), (1, 7), (6, 2), (4, 3), (5, 3), (3, 6), (3, 7), (5, 4), (4, 6), (6, 7)], [(3, 0), (4, 0), (0, 7), (1, 2), (1, 7), (6, 2), (5, 3), (3, 6), (5, 4), (4, 6)], [(0, 1), (0, 3), (0, 4), (2, 1), (3, 6), (5, 3), (5, 4), (6, 1), (6, 2), (6, 4), (7, 0), (7, 1), (7, 2), (7, 6)]], [[(1, 0), (1, 7), (2, 0), (2, 1), (2, 3), (2, 7), (3, 0), (3, 1), (3, 7), (4, 1), (4, 3), (4, 5), (4, 7), (5, 0), (5, 2), (5, 3), (6, 0), (6, 1), (6, 2), (6, 7), (7, 0)], [(1, 0), (2, 0), (2, 7), (3, 1), (3, 4), (3, 7), (4, 1), (5, 0), (5, 2)], [(0, 1), (0, 2), (0, 5), (0, 6), (1, 3), (1, 4), (2, 7), (3, 4), (3, 7), (5, 2)], [(1, 0), (2, 0), (0, 3), (0, 5), (0, 6), (0, 7), (2, 1), (1, 3), (4, 1), (1, 5), (1, 6), (4, 2), (2, 7), (4, 3), (3, 5), (3, 6), (7, 3), (4, 5), (4, 6), (4, 7), (5, 6), (7, 6)], [(1, 0), (2, 0), (5, 0), (3, 1), (4, 1), (2, 5), (2, 7), (3, 4), (3, 7)], [(0, 1), (0, 2), (0, 3), (1, 2), (1, 3), (4, 0), (4, 1), (4, 2), (5, 0), (5, 1), (5, 3), (5, 4), (6, 0), (6, 1), (6, 3), (7, 1), (7, 2), (7, 3), (7, 4)]], [[(0, 1), (0, 4), (0, 5), (0, 6), (2, 1), (2, 5), (2, 6), (2, 7), (3, 1), (3, 4), (3, 5), (3, 6), (3, 7), (4, 1), (4, 6), (5, 1), (5, 4), (5, 6), (6, 1), (7, 4), (7, 5), (7, 6)], [(0, 4), (0, 6), (2, 6), (2, 7), (3, 4), (4, 1), (4, 7), (5, 0), (5, 1), (5, 4), (5, 6), (6, 7)], [(0, 4), (0, 5), (0, 6), (2, 6), (2, 7), (3, 4), (3, 7), (4, 1), (5, 1), (5, 4), (6, 5), (7, 4), (7, 6)], [(1, 0), (2, 0), (0, 4), (5, 0), (0, 6), (0, 7), (1, 2), (3, 1), (1, 4), (5, 1), (1, 6), (2, 6), (2, 7), (3, 4), (3, 6), (5, 4), (4, 6), (4, 7), (5, 6), (5, 7), (7, 6)], [(0, 4), (0, 5), (0, 6), (4, 1), (5, 1), (2, 6), (2, 7), (3, 4), (5, 4), (4, 7), (6, 5), (6, 7)], [(0, 1), (0, 4), (0, 5), (0, 6), (0, 7), (1, 4), (1, 5), (2, 1), (2, 6), (2, 7), (3, 1), (3, 4), (3, 5), (4, 5), (4, 7), (6, 5), (6, 7)]], [[(0, 1), (0, 3), (2, 0), (2, 1), (2, 6), (2, 7), (3, 1), (4, 1), (4, 2), (4, 3), (4, 6), (4, 7), (5, 1), (5, 2), (5, 3), (5, 6), (5, 7), (6, 0), (6, 1), (6, 3), (6, 7), (7, 0), (7, 1)], [(0, 2), (1, 0), (1, 6), (2, 7), (3, 1), (3, 5), (4, 0), (4, 6), (4, 7), (5, 7), (6, 0)], [(0, 1), (0, 4), (0, 6), (1, 6), (2, 0), (3, 1), (3, 5), (5, 7), (6, 4), (7, 2), (7, 4)], [(1, 0), (2, 0), (3, 0), (4, 0), (6, 0), (0, 7), (1, 3), (1, 5), (1, 6), (1, 7), (2, 3), (2, 4), (2, 5), (2, 6), (2, 7), (3, 5), (6, 3), (4, 5), (6, 4), (4, 7), (6, 5), (7, 5), (6, 7)], [(0, 1), (2, 0), (0, 4), (0, 6), (3, 1), (1, 6), (7, 2), (5, 3), (6, 4), (7, 4), (7, 5)], [(0, 1), (0, 2), (0, 3), (0, 4), (0, 6), (1, 4), (1, 6), (2, 4), (3, 1), (3, 2), (3, 5), (5, 4), (5, 7), (6, 2), (6, 4), (7, 2), (7, 4)]], [[(0, 2), (0, 5), (0, 6), (0, 7), (1, 0), (1, 2), (1, 3), (1, 5), (1, 6), (1, 7), (2, 3), (2, 5), (3, 7), (4, 0), (4, 2), (4, 7), (5, 7), (6, 2), (6, 3), (6, 5), (6, 7)], [(0, 2), (0, 4), (0, 5), (1, 2), (1, 6), (2, 6), (3, 2), (3, 4), (5, 4), (6, 7), (7, 4), (7, 5)], [(0, 2), (0, 4), (0, 5), (2, 1), (2, 3), (2, 6), (3, 4), (4, 5), (4, 7), (6, 1), (6, 7), (7, 5)], [(0, 2), (0, 3), (0, 4), (0, 5), (7, 0), (2, 1), (1, 3), (4, 1), (6, 1), (7, 1), (2, 3), (2, 4), (2, 5), (2, 6), (4, 3), (3, 5), (6, 3), (7, 3), (4, 5), (4, 6), (7, 4), (7, 5), (7, 6)], [(2, 0), (0, 4), (0, 5), (1, 2), (1, 6), (3, 2), (2, 6), (3, 4), (5, 4), (7, 4), (7, 5), (6, 7)], [(0, 1), (0, 2), (0, 4), (0, 5), (0, 7), (1, 2), (1, 3), (1, 4), (1, 6), (2, 3), (2, 4), (2, 6), (2, 7), (3, 6), (3, 7), (4, 6), (4, 7), (5, 4), (5, 7), (7, 6)]], [[(0, 3), (0, 4), (0, 7), (1, 0), (1, 3), (1, 4), (2, 0), (2, 3), (2, 4), (2, 6), (2, 7), (3, 6), (4, 6), (5, 0), (5, 3), (5, 4), (5, 7), (7, 3), (7, 4), (7, 6)], [(0, 1), (0, 2), (0, 3), (0, 7), (1, 3), (1, 4), (2, 4), (2, 7), (4, 7), (5, 3), (5, 4), (6, 4), (6, 5), (6, 7)], [(0, 1), (0, 2), (0, 3), (0, 5), (0, 7), (2, 4), (3, 1), (4, 1), (4, 6), (5, 3), (5, 4), (7, 2), (7, 4), (7, 6)], [(1, 0), (0, 2), (3, 0), (0, 5), (0, 7), (1, 3), (1, 4), (1, 5), (3, 2), (4, 2), (5, 2), (6, 2), (7, 2), (4, 3), (3, 5), (3, 7), (4, 5), (6, 4), (4, 7), (6, 5), (5, 7), (6, 7)], [(1, 0), (2, 0), (3, 0), (0, 7), (3, 1), (4, 1), (2, 4), (2, 7), (5, 3), (5, 4), (6, 4), (4, 7), (6, 5), (6, 7)], [(1, 0), (1, 3), (1, 4), (1, 5), (1, 7), (2, 0), (2, 4), (3, 0), (3, 4), (3, 5), (3, 7), (4, 0), (4, 7), (5, 0), (5, 4), (5, 7), (6, 3), (6, 4), (6, 5), (6, 7), (7, 0)]], [[(0, 1), (0, 3), (0, 7), (1, 2), (1, 3), (1, 6), (1, 7), (2, 4), (3, 4), (5, 1), (5, 2), (5, 3), (5, 4), (5, 6), (6, 4), (7, 2), (7, 3), (7, 4), (7, 6)], [(0, 3), (0, 4), (1, 2), (1, 6), (2, 6), (3, 1), (3, 7), (4, 2), (4, 5), (5, 7), (7, 1)], [(1, 2), (1, 3), (1, 6), (1, 7), (2, 4), (2, 6), (3, 5), (3, 7), (4, 5), (7, 5)], [(1, 0), (0, 4), (0, 5), (0, 7), (1, 2), (1, 3), (1, 4), (1, 5), (6, 1), (1, 7), (3, 2), (4, 2), (6, 2), (7, 2), (4, 3), (3, 5), (7, 3), (4, 5), (6, 4), (7, 4), (6, 5), (7, 5), (6, 7)], [(0, 3), (0, 4), (1, 2), (3, 1), (1, 6), (7, 1), (2, 4), (6, 2), (7, 3), (4, 5), (7, 5)], [(0, 1), (0, 3), (0, 6), (1, 2), (2, 4), (3, 1), (3, 4), (5, 1), (5, 2), (5, 3), (5, 4), (5, 6), (6, 1), (6, 3), (6, 4), (7, 1), (7, 2), (7, 4), (7, 5), (7, 6)]], [[(0, 2), (0, 4), (0, 7), (1, 0), (1, 4), (1, 6), (1, 7), (3, 0), (3, 4), (3, 7), (5, 4), (5, 7), (6, 0), (6, 2), (6, 3), (6, 7), (7, 4)], [(0, 1), (0, 2), (0, 7), (1, 4), (2, 6), (3, 4), (3, 6), (5, 7), (6, 7)], [(0, 1), (0, 2), (0, 3), (0, 7), (3, 4), (4, 1), (5, 7), (6, 2), (6, 3), (6, 7)], [(1, 0), (2, 0), (3, 0), (0, 4), (0, 7), (2, 1), (1, 3), (1, 4), (2, 3), (6, 2), (3, 4), (6, 3), (3, 7), (6, 4), (4, 7), (5, 7), (6, 7)], [(0, 1), (0, 2), (0, 7), (4, 1), (6, 2), (3, 4), (3, 6), (5, 7), (7, 6)], [(0, 2), (0, 6), (0, 7), (1, 0), (1, 6), (3, 1), (3, 4), (3, 6), (3, 7), (4, 0), (4, 1), (4, 6), (4, 7), (5, 7), (6, 2), (6, 7)]], [[(0, 2), (1, 0), (1, 4), (1, 5), (4, 0), (5, 0), (5, 2), (6, 3), (7, 0), (7, 2), (7, 3), (7, 4), (7, 5)], [(0, 2), (0, 5), (1, 4), (1, 5), (4, 0), (4, 2), (4, 7), (5, 7), (6, 3), (7, 3)], [(0, 2), (0, 4), (0, 5), (1, 5), (2, 4), (4, 1), (4, 7), (5, 7), (6, 3), (7, 3)], [(0, 2), (4, 0), (0, 5), (1, 4), (1, 5), (5, 2), (7, 2), (6, 3), (7, 3), (4, 5), (7, 4), (7, 5)], [(0, 2), (4, 0), (0, 5), (4, 1), (1, 5), (4, 2), (6, 3), (7, 3), (4, 7), (5, 7)], [(0, 4), (1, 0), (1, 2), (1, 4), (1, 5), (2, 0), (2, 5), (2, 7), (5, 0), (5, 4), (5, 7), (6, 3), (7, 3), (7, 4)]], [[(0, 1), (0, 4), (0, 5), (1, 3), (1, 6), (2, 1), (2, 3), (2, 7), (4, 1), (4, 2), (4, 3), (4, 5), (4, 6), (4, 7), (5, 1), (5, 6), (6, 3), (6, 7), (7, 3)], [(0, 4), (1, 0), (1, 4), (2, 1), (2, 4), (3, 1), (3, 4), (5, 4), (6, 1), (6, 5), (7, 2)], [(1, 0), (1, 2), (1, 6), (2, 7), (3, 1), (3, 4), (3, 7), (4, 0), (4, 1), (4, 2), (4, 5), (5, 6), (7, 6)], [(1, 0), (0, 3), (0, 4), (1, 2), (1, 3), (1, 4), (5, 1), (1, 6), (1, 7), (4, 2), (2, 7), (3, 4), (5, 3), (3, 6), (3, 7), (5, 4), (6, 4), (4, 7), (5, 6), (6, 7)], [(1, 0), (0, 4), (2, 1), (1, 3), (1, 4), (1, 6), (2, 4), (7, 2), (4, 3), (4, 5), (5, 6)], [(0, 4), (1, 0), (1, 2), (1, 3), (1, 4), (1, 7), (2, 7), (3, 7), (4, 2), (4, 3), (4, 7), (5, 4), (6, 1), (6, 3), (6, 4), (6, 5), (6, 7)]], [[(1, 0), (1, 5), (1, 7), (2, 0), (3, 0), (3, 2), (3, 5), (3, 6), (4, 0), (4, 2), (4, 3), (4, 5), (4, 6), (5, 0), (5, 2), (6, 0), (6, 2), (7, 0), (7, 2), (7, 3), (7, 5), (7, 6)], [(0, 4), (0, 5), (1, 0), (1, 7), (2, 5), (2, 7), (3, 5), (4, 5), (6, 3), (6, 4), (7, 3)], [(0, 4), (0, 5), (1, 0), (3, 4), (3, 5), (3, 6), (3, 7), (4, 5), (4, 6), (5, 2), (7, 1), (7, 6)], [(1, 0), (3, 0), (4, 0), (5, 0), (0, 6), (0, 7), (1, 3), (1, 5), (1, 6), (1, 7), (3, 2), (2, 5), (2, 6), (2, 7), (4, 3), (3, 5), (3, 6), (3, 7), (4, 5), (4, 6), (4, 7), (7, 6)], [(1, 0), (4, 0), (0, 5), (7, 1), (2, 5), (7, 2), (3, 5), (3, 6), (7, 3), (4, 5), (6, 4)], [(0, 1), (0, 2), (0, 4), (0, 5), (0, 6), (0, 7), (1, 2), (1, 4), (1, 6), (1, 7), (2, 5), (2, 7), (3, 5), (4, 3), (4, 5), (6, 3), (6, 7), (7, 3)]], [[(0, 7), (1, 0), (1, 2), (1, 3), (1, 5), (1, 6), (2, 3), (2, 4), (2, 6), (2, 7), (3, 0), (3, 5), (3, 6), (3, 7), (4, 0), (4, 5), (4, 6), (4, 7), (5, 0), (5, 7), (6, 5)], [(0, 5), (0, 6), (1, 0), (1, 3), (2, 3), (2, 6), (3, 6), (3, 7), (4, 0), (4, 5), (4, 7), (5, 6), (5, 7)], [(1, 0), (1, 2), (1, 3), (2, 3), (2, 4), (2, 6), (3, 6), (3, 7), (4, 0), (5, 0), (5, 4), (5, 7), (6, 5), (7, 4)], [(0, 1), (0, 3), (0, 4), (0, 5), (2, 1), (3, 1), (1, 4), (1, 5), (1, 6), (2, 3), (2, 4), (2, 6), (3, 5), (3, 6), (3, 7), (5, 4), (7, 4), (5, 6), (5, 7)], [(1, 0), (4, 0), (0, 5), (0, 6), (1, 3), (2, 3), (2, 6), (3, 6), (3, 7), (4, 5), (4, 7), (6, 5), (5, 7)], [(1, 0), (2, 1), (2, 3), (2, 4), (2, 5), (2, 6), (3, 0), (3, 1), (4, 0), (5, 0), (5, 1), (5, 3), (5, 4), (5, 6), (5, 7), (6, 1), (6, 3), (6, 7), (7, 3), (7, 4)]], [[(0, 2), (0, 6), (1, 0), (1, 2), (1, 3), (1, 4), (1, 5), (1, 6), (1, 7), (2, 6), (3, 0), (3, 4), (3, 6), (4, 0), (4, 2), (4, 6), (5, 0), (5, 2), (5, 3), (5, 6), (7, 2), (7, 3), (7, 4), (7, 6)], [(0, 2), (0, 4), (0, 6), (2, 3), (2, 5), (3, 6), (3, 7), (4, 7), (5, 6), (7, 1)], [(0, 2), (0, 4), (0, 6), (1, 5), (2, 3), (2, 5), (3, 7), (4, 7), (5, 6), (7, 1)], [(0, 1), (2, 0), (0, 4), (0, 5), (0, 6), (3, 1), (1, 4), (1, 5), (1, 6), (1, 7), (3, 2), (2, 4), (2, 5), (2, 6), (3, 4), (3, 5), (3, 7), (5, 4), (6, 4), (4, 7), (5, 6), (5, 7), (6, 7)], [(2, 0), (4, 0), (0, 6), (7, 1), (3, 2), (5, 2), (3, 6), (3, 7), (4, 7), (5, 6)], [(1, 0), (1, 4), (1, 6), (1, 7), (2, 0), (2, 1), (2, 3), (2, 4), (3, 0), (4, 0), (5, 0), (5, 1), (5, 2), (5, 3), (5, 6), (6, 0), (6, 3), (6, 4), (7, 3), (7, 4), (7, 6)]], [[(0, 5), (0, 6), (1, 4), (1, 5), (1, 6), (1, 7), (2, 1), (2, 4), (2, 6), (2, 7), (3, 0), (3, 1), (3, 4), (3, 5), (3, 6), (4, 0), (4, 5), (6, 5), (7, 0), (7, 4), (7, 5), (7, 6)], [(0, 5), (1, 4), (1, 5), (2, 6), (2, 7), (3, 1), (3, 5), (3, 6), (4, 0), (4, 7), (5, 7), (6, 7)], [(0, 4), (0, 5), (1, 3), (2, 1), (2, 4), (4, 1), (5, 1), (5, 3), (5, 4), (5, 7), (6, 3), (7, 2), (7, 4), (7, 6)], [(0, 1), (0, 4), (0, 5), (0, 6), (1, 2), (3, 1), (4, 1), (5, 1), (6, 1), (7, 1), (3, 2), (4, 2), (6, 2), (7, 2), (3, 5), (3, 6), (3, 7), (5, 4), (4, 7), (6, 5), (5, 7), (6, 7)], [(4, 0), (5, 0), (3, 1), (1, 4), (1, 5), (2, 6), (2, 7), (3, 5), (3, 6), (4, 7), (7, 5), (6, 7)], [(0, 1), (0, 2), (0, 4), (0, 5), (1, 4), (1, 5), (2, 5), (2, 6), (2, 7), (3, 1), (3, 4), (3, 6), (3, 7), (4, 7), (5, 7), (6, 4), (6, 5), (6, 7)]], [[(0, 3), (0, 4), (0, 5), (0, 6), (0, 7), (1, 2), (1, 6), (2, 4), (2, 6), (3, 1), (4, 5), (4, 7), (6, 4), (6, 5), (6, 7)], [(0, 4), (0, 5), (1, 3), (2, 1), (2, 4), (3, 0), (4, 5), (6, 1), (6, 5), (6, 7), (7, 2), (7, 4)], [(0, 3), (0, 4), (0, 5), (0, 7), (1, 2), (1, 6), (2, 4), (2, 6), (3, 1), (4, 5), (4, 7), (6, 5), (6, 7)], [(1, 0), (0, 2), (0, 3), (4, 0), (5, 0), (0, 7), (1, 2), (1, 3), (1, 6), (4, 2), (6, 2), (5, 4), (4, 6), (4, 7), (5, 6), (6, 7)], [(3, 0), (0, 4), (0, 5), (2, 1), (1, 3), (6, 1), (2, 4), (7, 2), (4, 5), (7, 4), (6, 5), (7, 6)], [(0, 1), (0, 2), (0, 3), (0, 4), (0, 5), (0, 7), (1, 3), (2, 1), (4, 2), (4, 5), (4, 7), (6, 1), (6, 2), (6, 5), (6, 7)]], [[(0, 1), (0, 2), (0, 6), (1, 2), (1, 6), (3, 1), (3, 2), (3, 4), (3, 7), (4, 0), (4, 1), (4, 6), (5, 1), (5, 2), (5, 6), (5, 7), (7, 0), (7, 4), (7, 6)], [(0, 1), (0, 7), (1, 4), (2, 5), (3, 2), (4, 3), (4, 6), (4, 7), (5, 6), (5, 7)], [(1, 0), (2, 0), (2, 3), (2, 5), (3, 4), (4, 1), (4, 6), (4, 7), (5, 6), (5, 7), (7, 0), (7, 6)], [(0, 1), (0, 2), (0, 5), (0, 6), (0, 7), (1, 2), (4, 1), (1, 5), (1, 6), (3, 2), (5, 2), (4, 3), (3, 5), (3, 7), (4, 5), (4, 6), (4, 7), (5, 6), (5, 7), (7, 6)], [(1, 0), (7, 0), (4, 1), (3, 2), (5, 2), (4, 3), (4, 6), (4, 7), (5, 6), (5, 7)], [(0, 1), (0, 2), (0, 3), (1, 2), (1, 3), (1, 4), (2, 3), (2, 5), (3, 4), (5, 3), (5, 4), (6, 3), (6, 4), (6, 5), (7, 0), (7, 1), (7, 2), (7, 3), (7, 4), (7, 5), (7, 6)]], [[(0, 1), (0, 2), (0, 3), (0, 4), (0, 6), (2, 1), (3, 1), (3, 2), (3, 4), (4, 7), (5, 1), (5, 2), (5, 3), (5, 4), (5, 7), (6, 1), (6, 2), (6, 3), (7, 2)], [(0, 3), (0, 6), (1, 2), (1, 6), (2, 3), (2, 5), (2, 7), (4, 3), (4, 5), (4, 7), (6, 3), (7, 5)], [(0, 6), (2, 1), (2, 7), (3, 0), (3, 2), (3, 4), (3, 6), (4, 0), (5, 1), (5, 2), (5, 4), (5, 7), (6, 1), (7, 4)], [(0, 2), (0, 3), (0, 4), (6, 0), (0, 7), (2, 1), (1, 3), (5, 1), (6, 1), (2, 3), (5, 2), (6, 2), (2, 7), (3, 4), (5, 3), (6, 3), (5, 4), (7, 4), (5, 7)], [(0, 3), (0, 6), (2, 1), (6, 1), (3, 2), (5, 2), (7, 2), (4, 3), (3, 6), (4, 5), (7, 4), (7, 5)], [(0, 6), (1, 6), (2, 1), (2, 6), (3, 0), (3, 2), (3, 6), (4, 0), (4, 3), (4, 7), (5, 1), (5, 2), (5, 4), (5, 6), (5, 7), (7, 2)]], [[(0, 4), (0, 7), (1, 0), (1, 2), (1, 3), (1, 4), (1, 6), (1, 7), (2, 0), (2, 7), (3, 0), (3, 4), (3, 5), (3, 7), (5, 0), (5, 4), (5, 6), (5, 7), (6, 4), (7, 4), (7, 6)], [(1, 2), (1, 6), (1, 7), (2, 0), (2, 7), (3, 1), (3, 4), (3, 5), (3, 7), (4, 7), (5, 4), (5, 6), (6, 4)], [(1, 2), (1, 3), (1, 6), (1, 7), (2, 0), (2, 7), (3, 4), (3, 5), (3, 7), (4, 7), (5, 4), (5, 6), (6, 4)], [(0, 1), (0, 2), (0, 3), (0, 5), (0, 7), (1, 2), (1, 3), (4, 1), (1, 6), (1, 7), (2, 3), (4, 2), (2, 5), (7, 2), (4, 3), (3, 5), (6, 3), (7, 3), (4, 5), (4, 6), (4, 7), (6, 5), (7, 5), (6, 7)], [(2, 0), (1, 2), (3, 1), (1, 6), (1, 7), (2, 7), (3, 4), (5, 3), (3, 7), (5, 4), (6, 4), (4, 7), (5, 6)], [(0, 3), (0, 4), (1, 2), (1, 3), (1, 4), (1, 5), (1, 7), (2, 0), (2, 3), (2, 7), (3, 4), (5, 3), (5, 4), (6, 1), (6, 4), (6, 5), (6, 7), (7, 3), (7, 4)]], [[(0, 1), (0, 2), (0, 4), (0, 5), (0, 6), (2, 1), (2, 4), (2, 5), (3, 1), (3, 2), (3, 4), (3, 5), (4, 5), (5, 1), (6, 7), (7, 1), (7, 2), (7, 4)], [(0, 1), (0, 5), (0, 6), (1, 2), (1, 4), (2, 5), (3, 1), (4, 2), (7, 4), (7, 6)], [(0, 1), (0, 5), (0, 6), (1, 2), (3, 1), (4, 2), (5, 2), (6, 7), (7, 4)], [(1, 0), (0, 2), (0, 3), (0, 4), (5, 0), (0, 6), (1, 2), (1, 3), (1, 4), (2, 3), (4, 2), (5, 2), (4, 3), (7, 3), (5, 4), (7, 4), (6, 7)], [(0, 1), (0, 5), (0, 6), (2, 1), (1, 3), (1, 4), (2, 4), (2, 5), (4, 7), (7, 6)], [(0, 1), (0, 4), (0, 5), (1, 2), (2, 4), (3, 1), (3, 4), (3, 5), (5, 2), (5, 4), (6, 0), (6, 7), (7, 2), (7, 4)]], [[(0, 2), (0, 4), (1, 0), (1, 2), (1, 3), (1, 6), (1, 7), (2, 3), (2, 4), (4, 3), (5, 0), (5, 2), (5, 3), (5, 4), (6, 2), (6, 3), (6, 4), (6, 5), (6, 7), (7, 0), (7, 2), (7, 4), (7, 5)], [(0, 1), (0, 2), (0, 4), (1, 3), (1, 7), (2, 3), (2, 4), (4, 5), (5, 3), (5, 7), (6, 2)], [(0, 1), (0, 2), (0, 6), (1, 3), (1, 7), (2, 3), (2, 4), (4, 3), (5, 4), (6, 2), (7, 5)], [(1, 0), (0, 2), (3, 0), (0, 5), (0, 6), (3, 1), (4, 1), (1, 5), (1, 6), (1, 7), (3, 2), (4, 2), (2, 5), (2, 6), (2, 7), (4, 3), (3, 5), (3, 7), (4, 5), (6, 5), (7, 5)], [(1, 0), (0, 2), (0, 4), (1, 3), (7, 1), (2, 3), (2, 4), (6, 2), (5, 3), (5, 4), (7, 5)], [(0, 1), (0, 2), (3, 1), (3, 2), (3, 4), (3, 6), (3, 7), (4, 0), (4, 2), (4, 5), (4, 7), (5, 0), (5, 1), (5, 2), (6, 0), (6, 2), (6, 5), (7, 0), (7, 1), (7, 5)]], [[(0, 1), (0, 4), (0, 5), (0, 7), (1, 2), (1, 3), (1, 4), (3, 2), (3, 4), (3, 5), (4, 2), (5, 2), (5, 4), (6, 1), (6, 3), (6, 4), (7, 1), (7, 3), (7, 5)], [(0, 3), (0, 4), (0, 5), (1, 2), (1, 4), (2, 4), (2, 5), (3, 4), (5, 3), (6, 3), (6, 4), (7, 1)], [(0, 1), (0, 3), (0, 4), (0, 5), (1, 2), (1, 4), (1, 6), (1, 7), (2, 4), (2, 5), (2, 7), (3, 4), (3, 5), (3, 6), (4, 6)], [(0, 3), (4, 0), (5, 0), (6, 0), (7, 0), (1, 3), (1, 4), (1, 5), (7, 1), (2, 3), (4, 2), (2, 5), (6, 2), (7, 2), (4, 3), (5, 3), (6, 3), (7, 3), (4, 5), (6, 4), (7, 5)], [(3, 0), (4, 0), (5, 0), (1, 2), (1, 4), (7, 1), (2, 4), (5, 2), (3, 4), (3, 5), (6, 3), (6, 4)], [(1, 4), (2, 1), (2, 4), (3, 0), (3, 1), (3, 4), (3, 5), (4, 0), (5, 0), (5, 1), (5, 2), (6, 0), (6, 1), (6, 3), (6, 4), (7, 1), (7, 2), (7, 5)]], [[(0, 1), (0, 2), (0, 4), (0, 5), (0, 6), (1, 3), (1, 4), (1, 5), (1, 6), (1, 7), (3, 2), (3, 4), (3, 5), (3, 6), (3, 7), (4, 2), (5, 2), (5, 4), (5, 6), (5, 7), (6, 2), (6, 4), (7, 4)], [(0, 2), (0, 5), (1, 5), (2, 6), (3, 5), (3, 6), (4, 0), (4, 1), (6, 5), (7, 5)], [(0, 2), (0, 4), (1, 6), (3, 2), (4, 1), (4, 2), (5, 1), (5, 2), (5, 3), (5, 6), (5, 7), (6, 2), (6, 3)], [(0, 2), (0, 4), (0, 5), (0, 6), (0, 7), (4, 1), (5, 1), (6, 1), (5, 2), (2, 6), (3, 4), (3, 5), (3, 6), (3, 7), (4, 5), (4, 6), (5, 6), (7, 5), (7, 6)], [(0, 2), (4, 0), (5, 0), (4, 1), (5, 1), (6, 2), (5, 3), (6, 3), (5, 6), (7, 5)], [(0, 4), (1, 0), (1, 4), (1, 5), (2, 0), (2, 4), (3, 0), (3, 1), (3, 2), (3, 4), (3, 5), (3, 6), (3, 7), (5, 2), (5, 4), (6, 0), (6, 2), (6, 4), (6, 5), (7, 1), (7, 4), (7, 5), (7, 6)]], [[(0, 3), (0, 7), (1, 0), (1, 3), (1, 5), (1, 7), (2, 0), (2, 3), (2, 6), (2, 7), (4, 0), (4, 2), (4, 3), (4, 5), (4, 6), (5, 0), (5, 2), (5, 3), (5, 7), (6, 0), (6, 3), (6, 7), (7, 3)], [(0, 1), (0, 3), (0, 5), (1, 3), (1, 5), (2, 5), (4, 2), (4, 5), (6, 2), (6, 4), (7, 0), (7, 3)], [(0, 1), (0, 3), (1, 3), (2, 4), (2, 5), (2, 6), (4, 5), (5, 0), (5, 1), (6, 4), (7, 0), (7, 3)], [(0, 1), (0, 2), (3, 0), (4, 0), (5, 0), (6, 0), (0, 7), (2, 1), (3, 1), (4, 1), (5, 1), (6, 1), (4, 2), (5, 2), (6, 2), (7, 2), (3, 5), (3, 7), (4, 5), (4, 6), (5, 6), (5, 7), (6, 7)], [(0, 1), (0, 3), (0, 5), (7, 0), (1, 3), (1, 5), (4, 2), (5, 2), (2, 6), (7, 3), (4, 5), (4, 6)], [(1, 0), (1, 3), (1, 5), (1, 7), (2, 0), (2, 6), (3, 0), (3, 7), (4, 0), (4, 2), (4, 5), (4, 6), (4, 7), (5, 0), (5, 2), (6, 0), (7, 0)]], [[(0, 1), (0, 4), (0, 5), (0, 6), (2, 0), (2, 1), (2, 3), (2, 4), (2, 6), (3, 0), (3, 1), (3, 5), (3, 6), (4, 1), (5, 1), (5, 4), (5, 6), (6, 1), (6, 4), (7, 1), (7, 3), (7, 4), (7, 5)], [(0, 3), (0, 4), (1, 3), (1, 4), (2, 0), (2, 4), (5, 0), (5, 3), (6, 4), (7, 3)], [(0, 2), (0, 3), (0, 4), (0, 5), (1, 3), (3, 5), (3, 7), (4, 1), (4, 2), (6, 4)], [(2, 0), (3, 0), (0, 4), (0, 5), (0, 6), (3, 1), (1, 4), (5, 1), (1, 6), (2, 3), (2, 4), (2, 6), (3, 4), (3, 5), (3, 6), (7, 3), (5, 4), (6, 4), (7, 4), (5, 6), (7, 5)], [(2, 0), (3, 0), (0, 4), (0, 5), (3, 1), (1, 4), (2, 4), (3, 5), (7, 3), (4, 6)], [(1, 0), (1, 2), (1, 3), (1, 4), (1, 5), (1, 7), (2, 0), (3, 0), (4, 0), (4, 2), (4, 6), (5, 0), (5, 3), (5, 4), (6, 0), (7, 2), (7, 3)]], [[(0, 1), (0, 2), (0, 3), (0, 4), (0, 5), (0, 6), (1, 2), (1, 4), (2, 4), (3, 1), (5, 1), (5, 2), (5, 3), (5, 6), (5, 7), (6, 1), (6, 3), (6, 4), (7, 1), (7, 2), (7, 6)], [(1, 4), (1, 5), (1, 6), (1, 7), (2, 5), (2, 6), (2, 7), (3, 5), (6, 3), (6, 5)], [(0, 3), (1, 4), (1, 7), (2, 5), (2, 7), (4, 0), (5, 1), (5, 3), (5, 6), (6, 1), (6, 3), (6, 7)], [(0, 1), (0, 2), (0, 3), (4, 0), (0, 5), (0, 7), (1, 3), (4, 1), (5, 1), (6, 1), (1, 7), (2, 5), (2, 6), (2, 7), (5, 3), (6, 3), (7, 3), (4, 5), (4, 6), (5, 6), (5, 7), (6, 7)], [(1, 4), (5, 1), (6, 1), (1, 7), (5, 2), (6, 2), (2, 7), (5, 3), (6, 3), (6, 5)], [(0, 6), (1, 0), (1, 4), (1, 5), (1, 6), (1, 7), (2, 4), (2, 5), (2, 7), (3, 0), (3, 1), (3, 2), (3, 5), (3, 6), (3, 7), (4, 0), (5, 0), (5, 4), (5, 6), (7, 6)]], [[(0, 1), (0, 2), (0, 3), (0, 4), (0, 5), (0, 7), (1, 6), (1, 7), (2, 1), (2, 6), (3, 1), (3, 2), (3, 7), (4, 1), (4, 2), (4, 3), (4, 7), (5, 1), (5, 3), (5, 6), (5, 7), (7, 6)], [(0, 3), (0, 4), (1, 2), (1, 5), (1, 7), (2, 3), (2, 4), (3, 4), (3, 5), (4, 7), (6, 2), (6, 4)], [(1, 2), (1, 5), (1, 7), (2, 0), (2, 4), (2, 6), (3, 0), (3, 2), (3, 4), (3, 5), (4, 0), (4, 6), (4, 7)], [(0, 1), (2, 0), (0, 3), (4, 0), (2, 1), (1, 5), (1, 6), (1, 7), (2, 3), (4, 2), (2, 5), (2, 6), (4, 3), (5, 3), (7, 3), (4, 5), (4, 7), (5, 6), (7, 6)], [(3, 0), (4, 0), (2, 1), (5, 1), (1, 7), (3, 2), (4, 2), (6, 2), (4, 3), (5, 3), (6, 4), (4, 7)], [(0, 4), (2, 0), (2, 1), (2, 4), (3, 0), (3, 2), (3, 4), (3, 5), (5, 1), (5, 4), (6, 1), (6, 2), (6, 5), (7, 1), (7, 4), (7, 5)]], [[(0, 1), (0, 2), (0, 3), (0, 6), (0, 7), (1, 2), (2, 7), (4, 1), (4, 2), (4, 3), (4, 5), (4, 7), (5, 1), (5, 2), (5, 6), (5, 7), (6, 2), (6, 3), (6, 7)], [(0, 1), (0, 3), (0, 7), (1, 2), (1, 4), (2, 7), (3, 4), (4, 7), (5, 1), (5, 4), (6, 0), (6, 3)], [(0, 1), (0, 3), (0, 6), (0, 7), (1, 2), (2, 7), (4, 1), (4, 3), (4, 5), (4, 7), (5, 1), (6, 3), (6, 7)], [(0, 1), (0, 2), (0, 3), (0, 6), (0, 7), (1, 2), (4, 1), (5, 1), (1, 7), (6, 2), (7, 2), (4, 3), (6, 3), (5, 4), (4, 7), (5, 6), (5, 7), (6, 7)], [(0, 1), (0, 3), (6, 0), (7, 0), (1, 2), (1, 4), (5, 1), (7, 2), (4, 3), (6, 3), (5, 4), (7, 4)], [(0, 1), (0, 2), (0, 3), (0, 7), (2, 1), (2, 5), (2, 7), (4, 1), (4, 3), (4, 5), (4, 7), (5, 1), (6, 0), (6, 3), (6, 7), (7, 5)]], [[(1, 0), (1, 2), (1, 4), (3, 2), (3, 4), (3, 5), (3, 6), (4, 2), (5, 1), (5, 2), (5, 4), (6, 1), (6, 4), (7, 2), (7, 4), (7, 5), (7, 6)], [(1, 0), (1, 4), (2, 1), (3, 2), (3, 4), (3, 5), (5, 2), (6, 4), (7, 5), (7, 6)], [(0, 1), (1, 2), (1, 4), (2, 3), (2, 5), (3, 4), (5, 3), (6, 4), (6, 7), (7, 5)], [(1, 0), (1, 2), (1, 3), (4, 1), (5, 1), (6, 1), (3, 2), (4, 2), (5, 2), (7, 2), (4, 3), (5, 3), (6, 3), (7, 3), (4, 6), (5, 6), (5, 7), (6, 7)], [(1, 0), (1, 2), (1, 4), (3, 2), (2, 5), (3, 4), (3, 5), (6, 4), (5, 7), (7, 6)], [(1, 0), (2, 1), (2, 3), (2, 4), (4, 1), (4, 3), (5, 2), (5, 4), (5, 7), (6, 3), (6, 4), (6, 5), (6, 7), (7, 3)]], [[(1, 2), (1, 7), (2, 0), (2, 5), (2, 7), (3, 0), (3, 1), (3, 2), (3, 4), (3, 6), (3, 7), (4, 1), (4, 2), (6, 0), (6, 1), (6, 2), (6, 5), (6, 7), (7, 5)], [(0, 6), (1, 4), (1, 7), (2, 0), (2, 5), (3, 2), (3, 4), (3, 6), (4, 2), (5, 6), (7, 3), (7, 6)], [(0, 6), (1, 7), (2, 0), (2, 3), (2, 4), (2, 5), (3, 6), (3, 7), (4, 1), (4, 3), (5, 6), (5, 7), (6, 7)], [(2, 0), (0, 3), (0, 6), (2, 1), (3, 1), (4, 1), (1, 6), (1, 7), (2, 3), (4, 2), (2, 5), (2, 6), (2, 7), (4, 3), (3, 6), (3, 7), (6, 5), (7, 5), (6, 7)], [(2, 0), (0, 6), (4, 1), (1, 7), (2, 3), (2, 4), (5, 2), (3, 4), (3, 6), (3, 7), (5, 6), (6, 7)], [(0, 2), (1, 4), (2, 1), (2, 4), (2, 5), (3, 2), (3, 4), (6, 0), (6, 1), (6, 3), (6, 5), (6, 7), (7, 1), (7, 3), (7, 5)]], [[(0, 2), (0, 7), (1, 4), (3, 6), (3, 7), (4, 0), (4, 2), (5, 0), (6, 2), (6, 4), (6, 7), (7, 2)], [(0, 2), (0, 5), (2, 6), (2, 7), (3, 6), (3, 7), (4, 1), (4, 2), (7, 6)], [(0, 2), (0, 5), (2, 4), (2, 6), (2, 7), (3, 6), (3, 7), (4, 1), (6, 7)], [(1, 0), (2, 0), (0, 3), (0, 4), (5, 0), (1, 2), (1, 4), (1, 6), (2, 4), (5, 2), (2, 6), (2, 7), (6, 3), (7, 3), (5, 4), (7, 4), (5, 7), (7, 6)], [(2, 0), (5, 0), (4, 1), (4, 2), (2, 6), (7, 2), (6, 3), (7, 3), (7, 6)], [(0, 2), (0, 5), (0, 7), (3, 7), (4, 0), (4, 1), (4, 2), (4, 5), (4, 6), (6, 1), (6, 2), (6, 3), (6, 7), (7, 2)]], [[(0, 2), (0, 3), (0, 5), (0, 6), (2, 1), (2, 3), (2, 4), (3, 1), (4, 5), (4, 6), (5, 1), (5, 3), (5, 6), (6, 3), (7, 2), (7, 3), (7, 4), (7, 5), (7, 6)], [(1, 0), (2, 0), (3, 1), (4, 2), (5, 0), (5, 1), (5, 4), (6, 3), (6, 4), (7, 2), (7, 3)], [(0, 1), (0, 2), (0, 5), (1, 3), (2, 4), (3, 6), (4, 5), (4, 6), (5, 1), (5, 6), (7, 2), (7, 3)], [(0, 1), (0, 2), (0, 5), (3, 1), (1, 5), (3, 2), (2, 4), (2, 5), (2, 6), (7, 2), (3, 5), (3, 6), (7, 3), (5, 4), (6, 4)], [(0, 1), (0, 2), (0, 5), (3, 1), (1, 5), (2, 4), (7, 2), (6, 3), (7, 3), (4, 5), (4, 6)], [(0, 3), (0, 7), (2, 0), (2, 1), (2, 4), (2, 5), (2, 6), (2, 7), (3, 1), (3, 6), (3, 7), (5, 0), (5, 1), (5, 3), (5, 4), (6, 4)]], [[(0, 3), (0, 4), (0, 6), (1, 2), (1, 3), (1, 5), (1, 6), (1, 7), (2, 3), (2, 5), (2, 6), (2, 7), (3, 6), (3, 7), (4, 1), (4, 2), (4, 3), (5, 3), (5, 6), (5, 7)], [(0, 3), (0, 4), (0, 6), (1, 2), (1, 7), (3, 4), (3, 5), (3, 7), (4, 2), (4, 7), (5, 1), (5, 2), (5, 6), (5, 7)], [(0, 3), (0, 6), (1, 2), (1, 5), (1, 7), (2, 4), (2, 5), (2, 7), (3, 7), (4, 0), (4, 3), (5, 3), (5, 6), (5, 7)], [(1, 0), (3, 0), (4, 0), (0, 5), (6, 0), (0, 7), (1, 2), (3, 1), (1, 5), (1, 7), (3, 2), (4, 2), (2, 5), (2, 6), (2, 7), (4, 3), (3, 5), (3, 6), (3, 7), (4, 5), (4, 6), (6, 5), (7, 5), (6, 7)], [(3, 0), (4, 0), (0, 6), (1, 2), (5, 1), (1, 7), (4, 2), (5, 2), (3, 4), (5, 3), (3, 7), (4, 7), (5, 6), (5, 7)], [(1, 0), (2, 0), (2, 1), (2, 5), (2, 7), (3, 0), (3, 1), (3, 5), (3, 7), (4, 1), (4, 2), (4, 3), (4, 5), (4, 7), (5, 0), (5, 6), (5, 7), (6, 0), (7, 1)]], [[(0, 2), (1, 0), (1, 3), (1, 4), (1, 6), (3, 0), (4, 0), (4, 2), (5, 2), (6, 0), (6, 3), (6, 5), (6, 7), (7, 2), (7, 3), (7, 4)], [(0, 1), (0, 2), (3, 6), (3, 7), (4, 1), (4, 2), (5, 2), (5, 6), (6, 0), (6, 7), (7, 2)], [(0, 1), (0, 2), (0, 6), (4, 1), (4, 2), (5, 2), (6, 3), (6, 5), (6, 7), (7, 2), (7, 3)], [(0, 1), (0, 2), (0, 6), (0, 7), (3, 1), (4, 1), (7, 1), (2, 3), (4, 2), (2, 5), (7, 2), (4, 3), (3, 5), (3, 6), (7, 3), (4, 5), (4, 7), (5, 6), (7, 6)], [(0, 1), (0, 2), (0, 6), (4, 1), (4, 2), (2, 5), (2, 7), (6, 3), (3, 7), (5, 6), (6, 7)], [(0, 1), (0, 2), (0, 3), (0, 6), (0, 7), (3, 1), (3, 6), (3, 7), (4, 1), (4, 2), (4, 3), (5, 2), (6, 5), (7, 1), (7, 2), (7, 6)]], [[(0, 4), (0, 6), (1, 2), (1, 4), (1, 6), (2, 4), (3, 2), (3, 5), (3, 6), (5, 0), (5, 1), (5, 2), (5, 4), (5, 6), (6, 4), (7, 0), (7, 1), (7, 2), (7, 4), (7, 5), (7, 6)], [(0, 2), (0, 4), (0, 7), (1, 2), (1, 4), (1, 6), (2, 3), (2, 5), (3, 4), (3, 5), (3, 6), (4, 6), (5, 7), (6, 7)], [(0, 2), (0, 4), (0, 7), (1, 2), (1, 4), (1, 6), (2, 5), (3, 2), (3, 4), (3, 5), (3, 6), (6, 4), (7, 1), (7, 5), (7, 6)], [(0, 3), (4, 0), (0, 5), (0, 7), (1, 2), (1, 3), (4, 1), (1, 6), (1, 7), (3, 2), (4, 2), (5, 2), (6, 2), (7, 2), (4, 3), (3, 5), (3, 6), (7, 3), (4, 5), (4, 6), (5, 6), (7, 5), (7, 6)], [(0, 2), (0, 4), (0, 7), (1, 2), (1, 4), (1, 6), (3, 2), (5, 2), (3, 4), (5, 3), (3, 6), (6, 4), (5, 7), (7, 6)], [(0, 4), (0, 5), (1, 2), (1, 4), (1, 5), (1, 7), (2, 4), (3, 1), (3, 2), (3, 6), (3, 7), (5, 2), (5, 4), (6, 1), (6, 4), (6, 5), (6, 7), (7, 0), (7, 2), (7, 4), (7, 5)]], [[(0, 1), (0, 2), (0, 3), (0, 4), (0, 5), (1, 5), (1, 7), (2, 4), (3, 1), (3, 5), (3, 7), (5, 7), (6, 2), (6, 3), (6, 4), (6, 5), (6, 7), (7, 2), (7, 4)], [(0, 2), (0, 3), (0, 5), (1, 6), (1, 7), (2, 4), (2, 7), (3, 6), (3, 7), (4, 6), (5, 1), (5, 6)], [(0, 2), (0, 3), (1, 5), (2, 4), (5, 0), (6, 3), (6, 4), (6, 5), (7, 2), (7, 3), (7, 6)], [(1, 0), (2, 0), (0, 3), (4, 0), (0, 5), (7, 0), (1, 2), (1, 3), (1, 5), (1, 6), (1, 7), (4, 2), (2, 5), (2, 6), (2, 7), (6, 3), (7, 3), (4, 5), (4, 6), (5, 6), (7, 6)], [(0, 2), (0, 3), (0, 5), (5, 1), (6, 1), (1, 7), (2, 4), (7, 2), (6, 3), (3, 7), (6, 4), (6, 5)], [(0, 1), (0, 2), (0, 4), (0, 5), (0, 6), (1, 5), (3, 0), (3, 1), (3, 6), (4, 2), (6, 2), (6, 4), (6, 5), (7, 0), (7, 2), (7, 3), (7, 4), (7, 5)]], [[(1, 0), (1, 2), (1, 3), (1, 4), (1, 5), (1, 7), (2, 3), (4, 0), (4, 3), (4, 5), (5, 3), (6, 0), (6, 2), (6, 5), (7, 0), (7, 2), (7, 5), (7, 6)], [(0, 1), (0, 7), (1, 4), (1, 5), (1, 7), (3, 4), (3, 5), (5, 7), (6, 0), (6, 2), (6, 5)], [(0, 7), (1, 4), (3, 2), (3, 4), (3, 5), (5, 1), (5, 6), (5, 7), (6, 0), (6, 2), (6, 7), (7, 1)], [(0, 2), (3, 0), (0, 4), (0, 6), (0, 7), (2, 1), (3, 1), (1, 4), (1, 5), (1, 6), (1, 7), (2, 4), (2, 5), (2, 6), (2, 7), (3, 4), (3, 5), (3, 6), (3, 7), (6, 5), (7, 5), (7, 6)], [(0, 1), (6, 0), (7, 0), (1, 4), (5, 1), (7, 1), (6, 2), (3, 4), (5, 3), (5, 6), (7, 5)], [(0, 5), (0, 6), (1, 3), (1, 5), (1, 7), (2, 0), (2, 1), (2, 5), (2, 6), (2, 7), (3, 0), (3, 5), (4, 0), (4, 1), (4, 2), (4, 3), (5, 6), (7, 0), (7, 3), (7, 5), (7, 6)]], [[(0, 1), (0, 2), (0, 4), (0, 6), (1, 3), (1, 6), (2, 1), (2, 3), (2, 4), (2, 5), (2, 6), (2, 7), (3, 7), (4, 1), (4, 3), (4, 5), (4, 7), (5, 1), (5, 3), (5, 6), (5, 7)], [(0, 1), (0, 2), (1, 3), (1, 5), (2, 1), (2, 4), (3, 4), (4, 5), (6, 0), (7, 4), (7, 5)], [(0, 1), (0, 5), (0, 6), (1, 2), (1, 3), (1, 5), (2, 4), (4, 3), (5, 4), (5, 7), (7, 4)], [(1, 0), (0, 2), (0, 5), (0, 6), (1, 2), (3, 1), (1, 5), (1, 6), (3, 2), (2, 4), (5, 2), (2, 6), (3, 4), (3, 5), (5, 4), (7, 4), (5, 6), (5, 7)], [(1, 0), (2, 0), (0, 6), (2, 1), (3, 1), (5, 1), (2, 4), (3, 4), (5, 4), (7, 4), (7, 5)], [(0, 1), (0, 5), (0, 6), (1, 2), (1, 3), (2, 4), (3, 2), (3, 4), (5, 1), (5, 2), (5, 3), (5, 4), (5, 7), (6, 1), (6, 2), (6, 3), (6, 5), (7, 4)]], [[(0, 1), (0, 4), (0, 6), (0, 7), (1, 5), (2, 4), (2, 5), (2, 7), (3, 1), (3, 5), (3, 7), (5, 4), (7, 1), (7, 5)], [(0, 1), (0, 6), (2, 4), (3, 1), (4, 7), (5, 1), (5, 4), (5, 7), (7, 0)], [(0, 1), (0, 6), (0, 7), (1, 5), (2, 4), (3, 1), (5, 4), (5, 7)], [(1, 0), (2, 0), (3, 0), (0, 4), (0, 6), (7, 0), (1, 3), (1, 5), (1, 7), (2, 4), (2, 5), (2, 7), (3, 5), (5, 4), (7, 5)], [(0, 1), (0, 6), (0, 7), (3, 1), (1, 5), (2, 4), (5, 4), (4, 7), (5, 7)], [(0, 1), (0, 2), (0, 5), (0, 6), (0, 7), (2, 7), (3, 1), (3, 7), (4, 0), (4, 2), (4, 5), (5, 1), (5, 7)]], [[(0, 7), (1, 0), (1, 2), (1, 5), (1, 6), (1, 7), (2, 0), (2, 5), (2, 6), (2, 7), (3, 6), (3, 7), (4, 0), (4, 2), (4, 3), (4, 5), (4, 6), (5, 0), (5, 3), (5, 7), (6, 0)], [(0, 1), (0, 4), (0, 6), (1, 5), (2, 1), (2, 5), (3, 4), (3, 5), (3, 6), (6, 4), (7, 1)], [(0, 1), (0, 4), (0, 6), (1, 7), (2, 1), (2, 4), (2, 5), (3, 4), (3, 6), (5, 1), (5, 3), (6, 4)], [(1, 0), (2, 0), (4, 0), (5, 0), (6, 0), (7, 0), (1, 2), (1, 5), (1, 6), (1, 7), (3, 2), (4, 2), (5, 2), (6, 2), (2, 7), (4, 3), (5, 3), (3, 6), (3, 7), (4, 5), (4, 6), (4, 7), (5, 7)], [(0, 1), (0, 4), (0, 6), (2, 1), (5, 1), (1, 7), (5, 2), (3, 4), (5, 3), (3, 6), (6, 4)], [(0, 1), (0, 2), (0, 3), (0, 4), (0, 7), (2, 1), (2, 7), (3, 1), (3, 4), (4, 1), (4, 2), (4, 7), (5, 1), (5, 2), (5, 3), (6, 0), (6, 1), (6, 3), (6, 4), (6, 7), (7, 1)]], [[(0, 3), (0, 4), (0, 5), (0, 7), (1, 3), (1, 4), (1, 6), (1, 7), (2, 1), (2, 3), (2, 4), (2, 5), (2, 6), (3, 6), (4, 6), (5, 1), (5, 3), (5, 4), (5, 6), (5, 7), (7, 3)], [(0, 3), (0, 4), (0, 7), (1, 2), (1, 4), (1, 5), (2, 3), (4, 5), (5, 7), (6, 2), (6, 5), (7, 3)], [(0, 3), (0, 5), (0, 7), (1, 2), (1, 4), (1, 5), (2, 3), (4, 0), (4, 5), (5, 6), (5, 7), (6, 2), (7, 3)], [(0, 2), (3, 0), (0, 4), (0, 7), (1, 2), (4, 1), (1, 5), (6, 1), (1, 7), (3, 2), (4, 2), (6, 2), (3, 4), (3, 5), (3, 7), (4, 5), (6, 4), (6, 5), (5, 7), (6, 7)], [(0, 3), (0, 4), (0, 7), (1, 2), (1, 4), (5, 1), (2, 3), (6, 2), (7, 3), (5, 4), (5, 6), (5, 7)], [(0, 1), (0, 2), (0, 3), (0, 4), (0, 5), (0, 7), (1, 5), (2, 1), (3, 1), (3, 2), (3, 5), (3, 7), (4, 1), (4, 5), (6, 2), (6, 5), (6, 7), (7, 4), (7, 5)]], [[(0, 2), (0, 4), (0, 6), (0, 7), (1, 3), (1, 4), (1, 6), (1, 7), (2, 3), (2, 5), (2, 6), (2, 7), (3, 7), (4, 3), (4, 7), (5, 1), (5, 3), (5, 7), (6, 3), (6, 4), (6, 7)], [(0, 7), (1, 7), (2, 4), (2, 7), (3, 1), (3, 4), (4, 0), (5, 1), (5, 3), (6, 1)], [(0, 7), (1, 3), (1, 5), (1, 6), (1, 7), (2, 7), (3, 4), (3, 5), (4, 0)], [(0, 1), (4, 0), (0, 6), (7, 0), (2, 1), (3, 1), (4, 1), (5, 1), (6, 1), (7, 1), (2, 4), (2, 6), (2, 7), (3, 4), (3, 5), (3, 6), (3, 7), (4, 5), (4, 6), (6, 5), (7, 6)], [(4, 0), (0, 7), (3, 1), (1, 5), (1, 6), (1, 7), (2, 4), (2, 7), (3, 4), (3, 5)], [(0, 6), (1, 2), (1, 3), (1, 4), (1, 6), (2, 3), (2, 6), (4, 0), (4, 3), (4, 6), (5, 1), (5, 3), (7, 0), (7, 1), (7, 2), (7, 3), (7, 4), (7, 6)]], [[(0, 1), (0, 2), (0, 4), (0, 5), (0, 6), (1, 4), (1, 5), (1, 6), (1, 7), (2, 1), (2, 3), (2, 4), (2, 6), (2, 7), (3, 1), (3, 4), (3, 5), (3, 6), (3, 7), (4, 6), (4, 7), (5, 6), (7, 5), (7, 6)], [(0, 4), (1, 2), (1, 4), (3, 1), (3, 5), (4, 7), (5, 2), (6, 2), (7, 2), (7, 6)], [(0, 4), (1, 3), (1, 4), (2, 5), (2, 6), (2, 7), (3, 5), (6, 7), (7, 1), (7, 4)], [(2, 0), (3, 0), (0, 4), (5, 0), (0, 6), (7, 0), (1, 2), (1, 3), (1, 4), (1, 5), (1, 6), (7, 1), (3, 2), (2, 5), (2, 6), (7, 2), (3, 5), (3, 6), (4, 6), (7, 4), (5, 6), (7, 6)], [(0, 4), (2, 1), (3, 1), (1, 4), (5, 2), (6, 2), (7, 2), (5, 3), (7, 4), (7, 6)], [(1, 0), (1, 3), (1, 4), (2, 0), (2, 1), (2, 3), (3, 0), (4, 0), (4, 3), (5, 0), (5, 1), (5, 2), (5, 3), (5, 4), (6, 0), (6, 2), (6, 7), (7, 2), (7, 3), (7, 4)]], [[(0, 2), (1, 0), (1, 2), (1, 3), (1, 4), (1, 6), (3, 0), (3, 4), (3, 5), (3, 7), (4, 0), (4, 2), (4, 5), (4, 6), (5, 0), (5, 7), (6, 0), (6, 2), (6, 5), (6, 7), (7, 2)], [(0, 4), (0, 5), (0, 7), (1, 0), (2, 4), (2, 6), (3, 7), (4, 3), (5, 4), (6, 1), (6, 3)], [(0, 1), (0, 4), (0, 5), (0, 7), (1, 6), (2, 4), (4, 3), (5, 4), (6, 2), (6, 3), (7, 3)], [(0, 1), (0, 3), (0, 4), (0, 5), (0, 6), (2, 1), (1, 3), (1, 6), (2, 3), (2, 4), (2, 6), (2, 7), (3, 5), (6, 3), (3, 7), (4, 5), (4, 6), (4, 7), (6, 5), (7, 5), (6, 7)], [(1, 0), (0, 4), (0, 5), (7, 0), (6, 1), (2, 4), (6, 2), (4, 3), (6, 3), (7, 3), (5, 4)], [(0, 3), (0, 4), (0, 5), (1, 0), (1, 2), (1, 3), (1, 4), (1, 6), (2, 4), (5, 3), (5, 4), (6, 2), (6, 3), (6, 4), (7, 0), (7, 2), (7, 3)]], [[(0, 3), (0, 7), (1, 0), (1, 4), (1, 6), (2, 7), (3, 7), (4, 0), (4, 2), (4, 7), (5, 2), (5, 3), (6, 0), (6, 2), (6, 3)], [(0, 3), (0, 4), (0, 6), (1, 4), (1, 6), (2, 7), (3, 7), (4, 7), (5, 3), (6, 2)], [(0, 4), (1, 4), (2, 6), (2, 7), (3, 0), (3, 5), (3, 7), (4, 7), (6, 0), (6, 1), (7, 5)], [(0, 1), (0, 2), (0, 3), (4, 0), (0, 6), (0, 7), (4, 1), (6, 1), (2, 5), (2, 6), (2, 7), (5, 3), (6, 3), (3, 7), (4, 6), (4, 7), (6, 5)], [(0, 3), (0, 4), (0, 6), (1, 4), (1, 6), (6, 2), (2, 7), (3, 5), (7, 3), (4, 7)], [(0, 3), (0, 7), (1, 0), (1, 4), (1, 6), (2, 7), (3, 7), (4, 0), (4, 7), (5, 2), (5, 3), (6, 0), (6, 2), (6, 3)]], [[(0, 2), (0, 3), (0, 5), (0, 6), (1, 0), (1, 2), (1, 3), (1, 5), (1, 6), (3, 6), (4, 2), (5, 2), (5, 3), (5, 4), (5, 6), (6, 2), (6, 4), (7, 0), (7, 2), (7, 4), (7, 5), (7, 6)], [(0, 2), (0, 3), (0, 7), (1, 0), (1, 3), (1, 6), (2, 6), (3, 5), (4, 2), (4, 7), (5, 4), (5, 6), (5, 7), (7, 6)], [(0, 1), (0, 2), (0, 3), (0, 7), (1, 3), (2, 6), (4, 2), (4, 5), (4, 7), (5, 3), (5, 6), (6, 1), (7, 5), (7, 6)], [(1, 0), (2, 0), (0, 3), (4, 0), (0, 5), (0, 7), (2, 1), (1, 3), (1, 6), (1, 7), (2, 3), (4, 2), (2, 6), (2, 7), (5, 3), (3, 6), (3, 7), (4, 5), (4, 6), (4, 7), (5, 6), (5, 7), (6, 7)], [(0, 1), (0, 2), (0, 3), (0, 7), (1, 3), (6, 1), (4, 2), (2, 6), (5, 3), (4, 5), (4, 7), (5, 6), (7, 5), (7, 6)], [(0, 2), (0, 3), (0, 7), (1, 0), (1, 3), (1, 4), (1, 6), (2, 6), (4, 0), (4, 2), (4, 5), (4, 7), (5, 3), (5, 6), (6, 3), (7, 3), (7, 5), (7, 6)]], [[(0, 1), (0, 2), (0, 3), (0, 4), (0, 7), (2, 1), (3, 2), (3, 4), (4, 2), (5, 1), (5, 2), (5, 3), (5, 4), (5, 6), (6, 1), (6, 3), (6, 4), (7, 1), (7, 2), (7, 3), (7, 4), (7, 5)], [(0, 7), (1, 5), (1, 7), (2, 0), (2, 1), (2, 3), (3, 4), (3, 7), (4, 5), (5, 7), (6, 1), (6, 4)], [(1, 5), (2, 0), (2, 1), (2, 3), (4, 3), (4, 5), (4, 6), (6, 1), (7, 0), (7, 1), (7, 3), (7, 5)], [(2, 0), (0, 3), (0, 4), (0, 7), (2, 1), (4, 1), (6, 1), (1, 7), (2, 3), (5, 2), (4, 3), (5, 3), (6, 3), (7, 3), (5, 4), (6, 4), (4, 7), (6, 5), (5, 7), (6, 7)], [(2, 0), (0, 7), (2, 1), (1, 5), (6, 1), (1, 7), (2, 3), (4, 3), (7, 3), (4, 5), (6, 4), (7, 5)], [(0, 1), (0, 2), (0, 4), (0, 5), (0, 7), (2, 1), (2, 3), (2, 4), (2, 5), (2, 7), (3, 4), (3, 5), (5, 1), (5, 4), (6, 1), (6, 3), (6, 4), (6, 5), (7, 1), (7, 3), (7, 4), (7, 5)]], [[(0, 4), (1, 0), (1, 3), (1, 4), (1, 5), (1, 6), (1, 7), (2, 0), (2, 4), (2, 5), (2, 6), (2, 7), (3, 0), (3, 2), (3, 5), (5, 0), (5, 4), (5, 6), (6, 0), (6, 4), (7, 4), (7, 5), (7, 6)], [(0, 4), (0, 6), (1, 0), (1, 6), (2, 4), (2, 6), (3, 1), (3, 5), (5, 4), (5, 6), (7, 2), (7, 5)], [(1, 0), (1, 3), (1, 6), (1, 7), (2, 4), (2, 6), (2, 7), (3, 5), (4, 0), (5, 4), (5, 6), (6, 0), (7, 5)], [(1, 0), (2, 0), (0, 3), (0, 4), (0, 6), (1, 3), (1, 5), (1, 6), (1, 7), (2, 4), (2, 5), (2, 6), (2, 7), (4, 3), (3, 5), (3, 6), (4, 5), (4, 6), (6, 5), (7, 5)], [(0, 1), (4, 0), (6, 0), (3, 1), (6, 1), (2, 4), (2, 6), (7, 2), (3, 5), (5, 4), (5, 6), (7, 5)], [(0, 1), (1, 5), (1, 7), (2, 4), (2, 5), (2, 7), (3, 1), (3, 4), (3, 5), (4, 0), (4, 5), (6, 0), (6, 1), (6, 2), (6, 3), (6, 4), (6, 5), (7, 5)]], [[(0, 2), (0, 3), (0, 4), (0, 5), (0, 6), (1, 2), (1, 5), (1, 6), (3, 2), (3, 7), (4, 2), (4, 3), (4, 5), (4, 6), (5, 2), (5, 3), (5, 7), (7, 2), (7, 6)], [(0, 4), (1, 2), (1, 6), (2, 3), (2, 4), (3, 0), (3, 6), (4, 6), (5, 0), (5, 7), (6, 7)], [(0, 3), (0, 4), (0, 5), (1, 2), (3, 2), (3, 6), (4, 2), (4, 3), (4, 6), (5, 2), (7, 5), (7, 6)], [(0, 2), (0, 3), (0, 4), (5, 0), (0, 6), (2, 1), (3, 1), (1, 4), (1, 6), (7, 1), (3, 2), (2, 4), (5, 2), (2, 6), (7, 2), (3, 4), (3, 7), (5, 4), (6, 4), (5, 7), (7, 6)], [(3, 0), (4, 0), (0, 5), (1, 2), (1, 6), (3, 2), (2, 4), (3, 6), (6, 4), (5, 7), (6, 7)], [(0, 2), (0, 3), (1, 2), (1, 3), (1, 6), (2, 3), (4, 2), (4, 3), (4, 6), (4, 7), (5, 0), (5, 3), (5, 6), (6, 0), (7, 2), (7, 3), (7, 5), (7, 6)]], [[(0, 1), (2, 0), (2, 4), (2, 7), (3, 1), (3, 2), (3, 6), (3, 7), (4, 0), (4, 1), (4, 7), (5, 0), (5, 6), (5, 7), (6, 0), (6, 2), (6, 4), (6, 7), (7, 0), (7, 1)], [(0, 2), (1, 7), (2, 1), (3, 1), (3, 6), (3, 7), (4, 0), (4, 2), (5, 0), (6, 0), (6, 2), (6, 4)], [(0, 2), (0, 4), (0, 5), (0, 6), (1, 2), (1, 3), (1, 5), (1, 7), (2, 4), (2, 6), (3, 7), (4, 6), (6, 3), (6, 5)], [(0, 1), (0, 2), (3, 0), (0, 4), (0, 5), (0, 6), (3, 1), (4, 1), (7, 1), (2, 4), (2, 5), (2, 6), (2, 7), (3, 4), (3, 5), (3, 6), (3, 7), (4, 5), (7, 4), (6, 5), (7, 5), (7, 6)], [(2, 0), (4, 0), (5, 0), (6, 0), (2, 1), (3, 1), (1, 7), (2, 4), (2, 6), (3, 6), (3, 7), (6, 4)], [(0, 2), (0, 4), (0, 5), (0, 6), (1, 4), (2, 6), (3, 0), (3, 1), (3, 2), (3, 4), (3, 6), (3, 7), (4, 2), (4, 5), (5, 6), (7, 2), (7, 4), (7, 6)]]]

