Number of nodes=8
Number of samples=1000
Cut of limit used=0.01
total_score_ges=-406160.3494928519
total_score_pc=-430676.67959912115
total_score_mmhc=-420893.3796064895
total_score_gis=-406682.78082092997
total_score_ske=-419993.0810587536
total_score_true=-405745.9063270253
shd dist ges to true=[16, 0, 1, 7, 9, 4, 0, 3, 18, 12, 15, 0, 4, 9, 17, 15, 6, 0, 9, 9, 10, 16, 0, 0, 0, 6, 13, 0, 14, 0, 0, 0, 0, 0, 0, 0, 12, 6, 0, 4, 11, 13, 12, 0, 4, 10, 12, 5, 6, 0, 14, 3, 8, 0, 0, 11, 0, 17, 17, 6, 15, 15, 12, 17, 6, 0, 8, 9, 7, 17, 7, 10, 16, 0, 14, 4, 15, 2, 14, 0, 9, 14, 3, 18, 3, 2, 0, 0, 0, 7, 5, 11, 6, 7, 0, 12, 17, 4, 14, 0]
shd dist pc to true=[13, 7, 7, 5, 6, 0, 0, 9, 12, 4, 10, 11, 7, 10, 10, 14, 0, 7, 7, 8, 7, 6, 10, 4, 3, 12, 8, 2, 9, 2, 12, 5, 11, 0, 4, 3, 7, 9, 4, 6, 11, 4, 10, 6, 0, 12, 10, 1, 9, 2, 12, 11, 4, 11, 6, 8, 4, 10, 15, 6, 10, 4, 10, 14, 6, 2, 5, 6, 8, 10, 9, 6, 6, 6, 4, 6, 11, 1, 10, 0, 11, 11, 3, 7, 7, 11, 5, 0, 4, 7, 10, 8, 3, 9, 5, 5, 10, 0, 10, 0]
shd dist mmhc to true=[10, 4, 6, 4, 2, 2, 0, 6, 11, 9, 13, 14, 7, 5, 14, 14, 2, 15, 7, 17, 11, 10, 1, 5, 2, 7, 5, 0, 15, 4, 9, 0, 10, 7, 0, 5, 5, 7, 2, 5, 15, 13, 7, 5, 3, 10, 10, 5, 5, 5, 8, 7, 11, 10, 6, 9, 3, 8, 16, 4, 8, 7, 13, 18, 3, 2, 5, 10, 9, 15, 10, 9, 9, 7, 6, 6, 8, 3, 10, 0, 13, 11, 3, 15, 6, 6, 3, 0, 4, 7, 5, 7, 0, 3, 1, 5, 7, 2, 12, 5]
shd dist gis to true=[14, 11, 17, 17, 0, 4, 0, 11, 14, 7, 11, 20, 13, 7, 8, 6, 2, 21, 13, 15, 11, 16, 14, 7, 8, 8, 18, 12, 14, 0, 13, 4, 19, 13, 0, 0, 12, 11, 18, 10, 5, 16, 0, 11, 4, 13, 19, 11, 12, 0, 18, 3, 0, 15, 4, 17, 0, 8, 15, 13, 4, 0, 16, 23, 16, 12, 0, 6, 6, 11, 11, 3, 11, 12, 5, 9, 19, 3, 4, 0, 19, 8, 3, 6, 15, 17, 12, 9, 0, 15, 15, 19, 0, 0, 7, 12, 14, 14, 12, 0]
shd dist ske to true=[9, 4, 8, 4, 5, 0, 0, 2, 14, 5, 12, 13, 7, 12, 10, 10, 0, 4, 7, 9, 5, 0, 11, 5, 3, 8, 10, 0, 9, 5, 11, 0, 10, 0, 0, 0, 8, 7, 2, 10, 13, 7, 9, 4, 0, 9, 12, 3, 10, 0, 7, 14, 11, 7, 6, 10, 4, 7, 14, 1, 6, 7, 13, 15, 9, 2, 2, 4, 9, 10, 9, 7, 7, 1, 6, 8, 13, 1, 12, 0, 12, 7, 3, 7, 2, 9, 3, 0, 4, 6, 8, 6, 4, 6, 1, 9, 10, 0, 11, 0]

score_vector_ges=[-4029.9250212917423, -4078.7652511092656, -3944.8576873501434, -3898.5578168114484, -4035.4003259827527, -3953.270544669453, -4064.5532091358637, -4029.7148563916044, -4107.7999931489285, -4026.593298737636, -4122.024468741209, -4001.289841412348, -4066.806570017218, -3988.8129897563567, -4134.224419087207, -4086.4684500480344, -3954.439129331142, -4137.623964592503, -3987.778677465213, -4068.8924378772235, -4075.054962683979, -4203.896668293582, -4086.4464317133998, -4170.90174051043, -4047.624453605531, -4090.982580563098, -4086.758122431532, -4135.5392074062465, -4073.1494528463045, -4042.803698885275, -4078.6126015058726, -4018.828809920531, -4108.986758173016, -3966.2955836955466, -4148.254225754144, -4127.3006220336665, -4099.313623297299, -4007.8072004680216, -4048.1070952629066, -4019.860675331968, -4181.998241643727, -4075.6465629947934, -4078.0734976646636, -4092.3270019708516, -4094.2126431065717, -4084.664941446179, -4034.434955390635, -3985.0094757911056, -4005.2331551212837, -4032.5297005983593, -4078.457521820354, -4133.880402544181, -4129.145536753246, -4088.7602478301314, -4014.9177555723472, -4094.7362322715453, -4135.362206682331, -3991.6913335012437, -4087.7739316122215, -4020.277568807721, -4071.142122877737, -4098.9558363662645, -3966.2097097894757, -4038.41207783925, -4102.633285159634, -3956.219741900364, -4035.0689988716786, -4144.3187370345695, -4005.297625057853, -4080.194264121236, -4030.2002827092424, -4119.825495970171, -4002.995228931808, -4043.4484125454183, -4011.7986371561174, -3935.1700719010614, -4089.432709707731, -4157.3826736177025, -4117.771472980367, -4064.6174350987453, -4141.022035388716, -4033.436874060649, -4011.1197732810037, -4046.2518677156527, -4131.835714711889, -4084.971493910775, -4052.280475479097, -4037.3803951203636, -4023.3637235516076, -4076.628462180198, -4004.1105797316172, -4154.433338519138, -4051.3521569949608, -4147.365312621533, -4079.214814598131, -4005.677502522966, -4091.245666228841, -4080.6087868516192, -4155.316418693721, -3888.182900589893]

score_vector_pc=[-4412.983759170994, -4294.931230055374, -4096.102309041652, -4061.4603761559274, -4183.050786368581, -3951.911953637541, -4064.5532091358637, -4344.8402037779915, -4526.886224847606, -4179.123813230589, -4471.479121803233, -4391.907366022994, -4230.60163500803, -4213.026074362839, -4480.155091486571, -4328.299118284854, -3951.6277067471747, -4329.61267556172, -4340.2891181618115, -4761.59905496789, -4709.85254358545, -4296.723538832541, -4520.936903787103, -4453.259621172503, -4059.700233367712, -4434.526468013485, -4258.340502239557, -4156.978366478877, -4192.7921692305645, -4322.590159683508, -4396.320690267424, -4212.109505081049, -4394.9851650184055, -3966.295583695547, -4347.008443698264, -4190.052974773993, -4187.66479917648, -4455.655189659564, -4190.412476349131, -4126.063965746224, -5038.4423058762395, -4232.347739592936, -4467.6747881667325, -4406.513535088748, -4095.097536843717, -4459.020504194184, -4235.807492183808, -4069.8787634040705, -4268.176435668941, -4221.504079269085, -4612.209599808612, -4401.992712366721, -4230.469426856189, -4448.617164034415, -4197.020766045701, -4278.190870336747, -4296.9363615150905, -4212.089345439966, -4375.530236723931, -4104.755399004838, -4612.005168425351, -4272.788712439167, -4203.144845406329, -4427.54241938891, -4249.107460330933, -3956.630962196833, -4354.856399070234, -4257.299936567086, -4123.180371000396, -4249.868457299871, -4376.36020469689, -4327.213111674169, -4119.111695894422, -4477.368536340811, -4179.850542921183, -4300.045464602266, -4566.794651865181, -4206.549590155558, -4440.563670327624, -4064.6174350987453, -4530.033515318542, -4383.234284586682, -4011.1197732810037, -5300.342238429977, -4360.6748999417605, -4580.853219665501, -4238.800392319246, -4037.3803951203636, -4091.04905184395, -4269.074559874962, -4576.308492668191, -4376.488347585918, -4189.480909396325, -4558.967802052065, -4195.335037994992, -4035.123122528294, -4380.135883789519, -4073.9125395332712, -4696.297406791378, -3888.182900589893]

score_vector_mmhc=[-4105.27411789513, -4250.874623643298, -4003.558794312622, -3940.3167423952855, -4090.264307477342, -3958.7268564365477, -4064.5532091358637, -4118.3591932841055, -4221.906671098611, -4131.68074958567, -4389.990381196565, -4253.429429445576, -4230.60163500803, -4105.5930222935285, -4440.931094006938, -4262.755016630468, -3949.9989175603196, -4473.511442695293, -4340.2891181618115, -4312.257046015029, -4725.859237295033, -4288.066925626443, -4329.6971823572, -4529.96651492446, -4067.9102278333385, -4304.7999290912, -4310.401066094868, -4135.5392074062465, -4347.004935043022, -4218.023707087632, -4261.322422951701, -4018.828809920531, -4238.173789672854, -4017.531905141229, -4148.254225754144, -4143.95254528252, -4106.814333230761, -4153.45876510829, -4138.324584911543, -4095.8076130704276, -4725.974853359604, -4363.074176380248, -4410.500163870899, -4224.575997830875, -4094.7312690120875, -4218.928530366049, -4173.709830691439, -4044.734503478468, -4216.817794903874, -4045.534859992587, -4312.185121030925, -4312.651111450402, -4185.613835624103, -4370.933759405966, -4197.020766045701, -4259.131016079581, -4238.088967927552, -4034.4547575625406, -4371.6878411963025, -4054.9302231027914, -4310.986395652762, -4323.283831451328, -4237.785368888566, -4342.657923473995, -4122.342119787887, -3956.630962196833, -4116.905282105823, -4359.073880256648, -4109.97210981506, -4221.991218118679, -4302.725709528388, -4156.951775579265, -4093.7496073897064, -4261.599788645577, -4120.891971647605, -4168.175690738622, -4113.582135071642, -4205.43025380578, -4242.1534002239, -4064.6174350987453, -4501.80213858134, -4382.686150165742, -4011.1197732810037, -4141.860662450793, -4349.473518661835, -4230.71463639263, -4167.348751077567, -4037.3803951203636, -4056.7381399173255, -4249.090032421206, -4375.684294802766, -4349.346524174438, -4050.016971435576, -4234.369920422764, -4171.1643779125225, -4035.123122528293, -4194.2142503044315, -4094.0672776831348, -4380.551746904548, -3969.230387381012]

score_vector_gis=[-4040.0127021567187, -4091.3570637292823, -3967.085111097212, -3909.9235023524934, -4022.7855050196927, -3953.270544669453, -4064.5532091358637, -4038.3115168477307, -4102.584879206627, -4018.4476205536093, -4119.572432145065, -4022.282779894508, -4093.5520474088653, -3989.807926219185, -4134.147822488377, -4084.237787857627, -3949.9989175603196, -4159.901058586635, -3990.4601004057763, -4086.2998899900253, -4083.961770501541, -4210.099956060089, -4110.213565940322, -4175.599072320552, -4063.4104110965163, -4093.35808343485, -4088.1991145326965, -4154.118969635361, -4082.6969679507547, -4042.803698885275, -4090.2537815832325, -4023.9062150237182, -4147.106142389133, -3979.4075873620686, -4148.254225754144, -4127.3006220336665, -4102.558663285577, -4013.76805274471, -4070.4119617218635, -4023.2858030724847, -4179.312373132748, -4080.591631876082, -4063.293170668712, -4107.0086690545, -4094.2126431065717, -4095.52450365454, -4045.469972664972, -3997.66838529787, -4022.663516098971, -4032.5297005983593, -4083.2238893445187, -4133.880402544182, -4124.258467878726, -4111.616269691257, -4021.556461999212, -4103.8220771459655, -4135.362206682331, -3982.748407288863, -4092.6231909900825, -4029.4210903774256, -4066.8241710526445, -4079.40935525099, -3974.765547650457, -4030.8748530633034, -4108.002873058149, -3964.0037992242173, -4020.765201335307, -4142.390146495734, -4004.091131815157, -4083.7192697770924, -4036.354686076352, -4115.640729357404, -3991.9501460074985, -4064.336693938387, -4004.4035888297344, -3945.5953913013327, -4097.611320089117, -4156.704363876985, -4102.783816879951, -4064.6174350987453, -4157.693860812108, -4029.22549067507, -4011.1197732810037, -4042.899515509079, -4152.916291478151, -4103.440517640612, -4071.740302532012, -4052.8828983438025, -4023.3637235516076, -4084.5254387736236, -4024.191779522956, -4174.791983700925, -4050.016971435576, -4137.542964549861, -4084.1504625261314, -4006.0529056261203, -4087.735019182656, -4089.255170643629, -4150.114217626879, -3888.182900589893]

score_vector_gis_b=[]

score_vector_ges_gis=[]

score_vector_gis_phased_b=[]

score_vector_ske=[-4123.906138702857, -4250.874623643297, -4038.045216843754, -3940.316742395285, -4070.840983548039, -3951.911953637541, -4064.5532091358637, -4065.1371709730765, -4170.770880748547, -4046.9782299853873, -4423.862442907784, -4218.863758841698, -4230.60163500803, -4050.6317485981294, -4480.155091486572, -4242.063894368011, -3951.6277067471747, -4308.3676029334965, -4340.2891181618115, -4395.759927361173, -4686.504017115127, -4196.119545818882, -4311.481372556832, -4427.017841232585, -4059.700233367712, -4289.533896507175, -4212.1137058101785, -4135.539207406246, -4192.7921692305645, -4248.410479264887, -4338.286969634202, -4018.828809920531, -4238.173789672854, -3966.295583695547, -4148.254225754144, -4127.3006220336665, -4108.177326750054, -4153.458765108289, -4138.324584911543, -4120.775790632493, -4809.118952157795, -4214.7387935648985, -4362.813727315864, -4181.345798740219, -4095.097536843717, -4241.913419677097, -4172.87706661022, -4014.7666289870813, -4321.35535670738, -4032.5297005983593, -4368.513610880083, -4360.3564209629185, -4205.928119540541, -4337.003703402365, -4197.020766045701, -4210.187077840491, -4296.9363615150905, -4092.265968069604, -4263.323765387811, -4041.124877130933, -4302.560229920038, -4323.283831451328, -4237.785368888566, -4414.368125358993, -4151.030051800376, -3956.630962196833, -4130.199482866598, -4143.6061046310415, -4102.082998799203, -4194.693950530484, -4376.220998594543, -4135.614406405862, -4117.3948851872865, -4145.111351017627, -4106.907833079317, -4064.6512857693538, -4507.068115145764, -4206.549590155558, -4236.268937540978, -4064.6174350987453, -4363.295028478262, -4033.0389013694553, -4011.1197732810037, -4521.658590404411, -4234.817428766848, -4139.135592351552, -4167.348751077567, -4037.3803951203636, -4056.738139917325, -4252.516889717142, -4421.1608087765, -4335.9495010695055, -4115.638825045149, -4257.378286403062, -4171.164377912522, -4045.1717730026917, -4232.812075330131, -4073.9125395332712, -4416.149871739217, -3888.182900589893]

score_vector_opt=[]

score_vector_true=[-4016.873645926111, -4078.7652511092656, -3946.0037267966677, -3895.0106950271484, -4022.785505019692, -3951.911953637541, -4064.5532091358637, -4033.3119325507023, -4096.6157165696195, -4021.837856810253, -4115.706022246157, -4001.289841412348, -4069.101610438098, -3994.8350637691806, -4132.535789571428, -4081.6764633517073, -3951.6277067471747, -4137.623964592503, -3974.432130795652, -4063.2679774618, -4072.870697360559, -4196.119545818882, -4086.4464317133998, -4170.90174051043, -4047.624453605531, -4094.0936878416187, -4075.624065437934, -4135.539207406246, -4053.1771712086875, -4042.803698885275, -4078.6126015058717, -4018.828809920531, -4108.986758173016, -3966.295583695547, -4148.254225754144, -4127.3006220336665, -4085.335898333355, -4007.598492357296, -4048.1070952629066, -4024.6334115323243, -4173.346728573516, -4063.3204414270976, -4063.2931706687114, -4092.3270019708516, -4095.097536843717, -4082.116685354549, -4022.7278139185096, -3987.0768789102744, -4006.548644080071, -4032.5297005983593, -4071.4687975152165, -4136.695874652682, -4124.258467878726, -4088.7602478301314, -4014.9177555723472, -4084.4379671613256, -4135.362206682331, -3983.702269379828, -4087.242134302719, -4018.784966035275, -4070.6922228884523, -4079.40935525099, -3953.755658090133, -4013.913994720077, -4092.079239890795, -3956.219741900364, -4020.765201335307, -4141.245203673565, -4002.480083452105, -4071.723735613079, -4030.0460251230684, -4118.588571773484, -3984.9462120005946, -4043.4484125454183, -3994.566688429435, -3934.1698612429045, -4084.4127837675037, -4159.01745208133, -4108.221376704135, -4064.6174350987453, -4145.605359509228, -4020.012276546175, -4012.890258181344, -4041.310399412474, -4131.678309154951, -4086.2433765746964, -4052.280475479097, -4037.3803951203636, -4023.3637235516076, -4067.1508047391294, -4007.0146690409424, -4149.926664223189, -4050.016971435576, -4137.542964549862, -4079.2148145981305, -4002.91445472335, -4074.053475117317, -4073.9125395332712, -4137.956688680801, -3888.182900589893]

step_vector_gis=[30, 34, 34, 32, 34, 15, 35, 24, 34, 36, 26, 33, 41, 32, 50, 37, 19, 29, 27, 40, 34, 22, 31, 29, 25, 36, 26, 26, 36, 41, 37, 32, 28, 23, 28, 31, 18, 43, 24, 13, 39, 30, 42, 31, 21, 33, 26, 29, 29, 22, 28, 28, 27, 41, 29, 23, 28, 32, 30, 27, 30, 36, 31, 35, 32, 19, 36, 37, 31, 35, 38, 21, 34, 34, 25, 33, 33, 28, 44, 20, 28, 34, 28, 39, 33, 29, 28, 31, 30, 30, 32, 35, 42, 33, 43, 17, 26, 24, 39, 21]

step_vector_ske=[9, 4, 8, 8, 5, 2, 3, 4, 4, 3, 3, 4, 3, 2, 1, 6, 2, 4, 2, 3, 5, 10, 4, 4, 5, 5, 1, 4, 6, 4, 5, 6, 4, 4, 6, 2, 2, 6, 3, 1, 1, 4, 4, 5, 2, 6, 2, 3, 4, 1, 1, 2, 4, 4, 2, 3, 1, 5, 5, 6, 4, 5, 3, 5, 3, 3, 7, 5, 6, 7, 5, 1, 2, 7, 3, 4, 5, 5, 6, 2, 5, 7, 1, 1, 5, 3, 4, 4, 5, 2, 3, 4, 7, 3, 3, 1, 2, 4, 6, 3]

step_vector_ges_gis=[]

step_vector_gis_b=[]

step_vector_gis_phased_b=[]

return_dags_vector=[['ges', 'pc', 'mmhc', 'gis', 'ske', 'true'], [[(0, 3), (0, 4), (0, 5), (0, 6), (0, 7), (1, 3), (1, 7), (3, 2), (3, 7), (4, 6), (5, 1), (5, 3), (5, 7), (6, 3), (6, 5), (6, 7), (7, 2)], [(0, 3), (0, 6), (0, 7), (1, 3), (1, 7), (2, 3), (2, 7), (3, 5), (4, 0), (4, 7), (5, 6), (5, 7)], [(0, 3), (1, 3), (1, 7), (3, 2), (4, 0), (4, 7), (5, 0), (5, 3), (5, 6), (6, 0), (7, 0), (7, 2), (7, 5)], [(0, 1), (0, 2), (3, 0), (0, 4), (0, 6), (0, 7), (2, 1), (3, 1), (5, 1), (6, 1), (1, 7), (3, 2), (5, 2), (2, 7), (5, 3), (3, 6), (6, 4), (5, 6), (5, 7), (6, 7)], [(0, 3), (4, 0), (6, 0), (7, 0), (1, 3), (1, 7), (3, 2), (7, 2), (5, 3), (4, 7), (5, 6), (7, 5)], [(0, 4), (1, 0), (3, 0), (3, 1), (3, 2), (3, 5), (5, 1), (5, 6), (6, 0), (6, 4), (7, 0), (7, 2), (7, 5)]], [[(0, 5), (0, 6), (1, 2), (2, 6), (2, 7), (4, 6), (5, 2), (5, 3), (5, 4), (7, 4), (7, 6)], [(0, 5), (0, 6), (1, 2), (2, 5), (2, 7), (4, 6), (5, 3), (5, 4), (6, 7)], [(0, 6), (1, 2), (2, 7), (4, 5), (4, 6), (5, 0), (5, 2), (5, 3), (6, 7)], [(4, 0), (5, 0), (6, 0), (0, 7), (1, 2), (2, 4), (5, 2), (6, 2), (2, 7), (5, 3), (5, 4), (6, 4), (4, 7), (6, 5), (5, 7), (6, 7)], [(5, 0), (0, 6), (1, 2), (5, 2), (2, 7), (5, 3), (5, 4), (4, 6), (6, 7)], [(0, 6), (1, 2), (2, 6), (2, 7), (4, 6), (5, 0), (5, 2), (5, 3), (5, 4), (7, 4), (7, 6)]], [[(0, 7), (2, 3), (4, 2), (4, 3), (4, 5), (4, 6), (5, 1), (5, 6), (6, 1), (6, 2), (6, 3), (7, 1), (7, 2)], [(3, 2), (4, 2), (4, 6), (5, 1), (5, 6), (6, 2), (7, 0), (7, 1), (7, 2), (7, 3)], [(1, 5), (1, 6), (1, 7), (3, 2), (4, 2), (5, 4), (5, 6), (6, 2), (6, 4), (7, 0), (7, 2), (7, 3)], [(0, 1), (0, 2), (0, 4), (0, 7), (2, 1), (1, 5), (6, 1), (1, 7), (2, 3), (2, 4), (6, 2), (2, 7), (3, 4), (6, 3), (4, 5), (6, 4), (4, 7), (6, 5), (7, 5), (6, 7)], [(7, 0), (1, 5), (7, 1), (3, 2), (4, 2), (6, 2), (7, 2), (7, 3), (6, 4), (6, 5)], [(2, 3), (4, 2), (4, 3), (4, 5), (4, 6), (5, 1), (6, 1), (6, 2), (6, 5), (7, 0), (7, 1), (7, 2)]], [[(0, 1), (0, 2), (0, 4), (0, 5), (1, 4), (1, 6), (2, 3), (4, 2), (6, 5), (7, 2), (7, 3), (7, 4), (7, 5)], [(0, 2), (0, 4), (0, 5), (1, 4), (2, 4), (3, 7), (4, 7), (5, 7), (6, 1), (6, 5)], [(0, 4), (0, 5), (1, 6), (2, 0), (2, 4), (3, 7), (4, 1), (6, 5), (7, 4), (7, 5)], [(0, 1), (0, 2), (0, 4), (5, 0), (0, 6), (4, 1), (5, 1), (1, 6), (2, 3), (4, 2), (7, 2), (7, 3), (4, 7), (5, 6), (5, 7), (7, 6)], [(2, 0), (0, 4), (0, 5), (4, 1), (1, 6), (2, 4), (7, 3), (7, 4), (6, 5), (7, 5)], [(0, 4), (0, 5), (1, 4), (1, 6), (2, 0), (2, 1), (2, 3), (2, 4), (3, 7), (6, 5), (7, 4), (7, 5)]], [[(0, 6), (1, 0), (1, 6), (2, 0), (2, 1), (2, 6), (2, 7), (3, 0), (3, 2), (3, 5), (3, 7), (4, 2), (5, 2), (5, 6), (7, 0)], [(0, 1), (0, 6), (1, 6), (2, 1), (2, 5), (3, 0), (3, 2), (3, 5), (4, 2), (5, 6), (7, 0)], [(0, 1), (0, 3), (0, 6), (0, 7), (2, 1), (2, 7), (3, 2), (3, 5), (4, 2), (5, 2), (5, 6), (6, 1)], [(0, 1), (3, 0), (0, 6), (0, 7), (2, 1), (6, 1), (1, 7), (3, 2), (4, 2), (5, 2), (5, 3), (5, 6)], [(1, 0), (3, 0), (0, 6), (7, 0), (2, 1), (1, 6), (3, 2), (4, 2), (5, 2), (5, 3), (5, 6)], [(0, 1), (0, 3), (0, 6), (0, 7), (1, 7), (2, 1), (3, 2), (3, 5), (4, 2), (5, 2), (5, 6), (6, 1)]], [[(1, 2), (2, 5), (3, 0), (3, 6), (4, 0), (4, 1), (7, 1), (7, 2), (7, 5)], [(1, 7), (2, 5), (2, 7), (3, 0), (4, 0), (6, 3), (7, 5)], [(0, 3), (0, 4), (1, 7), (2, 5), (2, 7), (3, 6), (7, 5)], [(3, 0), (4, 0), (1, 2), (4, 1), (7, 1), (2, 5), (7, 2), (6, 3), (7, 5)], [(3, 0), (4, 0), (1, 7), (2, 5), (2, 7), (6, 3), (7, 5)], [(1, 7), (2, 5), (2, 7), (3, 0), (3, 6), (4, 0), (7, 5)]], [[(0, 2), (1, 3), (1, 6), (2, 1), (2, 4), (4, 6), (5, 6), (7, 3), (7, 6)], [(1, 3), (1, 6), (2, 0), (2, 1), (4, 2), (4, 6), (5, 6), (7, 3), (7, 6)], [(1, 2), (1, 3), (1, 6), (2, 0), (2, 4), (4, 6), (5, 6), (7, 3), (7, 6)], [(2, 0), (2, 1), (1, 3), (1, 6), (4, 2), (7, 3), (4, 6), (5, 6), (7, 6)], [(2, 0), (2, 1), (1, 3), (1, 6), (4, 2), (7, 3), (4, 6), (5, 6), (7, 6)], [(1, 3), (1, 6), (2, 0), (2, 1), (2, 4), (4, 6), (5, 6), (7, 3), (7, 6)]], [[(1, 2), (1, 4), (3, 0), (3, 5), (3, 7), (4, 0), (5, 2), (5, 4), (7, 2), (7, 4)], [(1, 4), (2, 5), (2, 7), (3, 0), (3, 5), (3, 7), (4, 5), (4, 7)], [(0, 3), (1, 4), (2, 5), (2, 7), (3, 5), (3, 7), (5, 4), (7, 4)], [(3, 0), (4, 0), (1, 4), (1, 5), (4, 2), (2, 5), (7, 2), (5, 3), (7, 3), (4, 5), (7, 4), (7, 5)], [(3, 0), (1, 4), (5, 2), (7, 2), (3, 5), (7, 3), (5, 4), (7, 4)], [(0, 3), (0, 7), (1, 2), (1, 4), (3, 5), (5, 2), (5, 4), (7, 2), (7, 3), (7, 4)]], [[(1, 0), (1, 2), (1, 3), (1, 7), (3, 2), (4, 1), (4, 2), (4, 7), (5, 1), (5, 2), (5, 3), (5, 4), (5, 7), (6, 4), (7, 2), (7, 3)], [(1, 0), (1, 4), (3, 2), (3, 7), (4, 2), (4, 5), (5, 2), (5, 7), (6, 4), (7, 2)], [(0, 1), (1, 4), (2, 5), (2, 7), (3, 2), (3, 5), (3, 7), (4, 2), (4, 6), (5, 7)], [(1, 0), (1, 2), (1, 3), (4, 1), (3, 2), (4, 2), (5, 2), (2, 7), (3, 5), (3, 7), (4, 5), (6, 4), (6, 5), (5, 7)], [(1, 0), (4, 1), (3, 2), (4, 2), (5, 2), (2, 7), (3, 7), (5, 4), (6, 4), (5, 7)], [(1, 0), (1, 4), (2, 1), (2, 4), (2, 5), (2, 7), (3, 2), (3, 4), (3, 5), (3, 7), (4, 6), (5, 6), (5, 7)]], [[(0, 4), (0, 6), (0, 7), (1, 0), (2, 0), (2, 3), (2, 4), (2, 6), (3, 4), (3, 5), (3, 6), (3, 7), (6, 4), (6, 7), (7, 4)], [(0, 1), (0, 2), (0, 6), (1, 4), (2, 3), (2, 4), (3, 5), (3, 6), (3, 7), (4, 6), (7, 6)], [(0, 1), (0, 2), (0, 6), (2, 3), (3, 5), (3, 6), (3, 7), (4, 1), (4, 2), (4, 6), (7, 6)], [(1, 0), (2, 0), (0, 4), (0, 6), (0, 7), (3, 2), (2, 4), (3, 5), (3, 6), (3, 7), (4, 6), (7, 6)], [(1, 0), (2, 0), (0, 6), (4, 1), (3, 2), (2, 4), (3, 5), (3, 6), (7, 3), (4, 6), (7, 6)], [(0, 1), (0, 4), (0, 6), (2, 0), (2, 1), (2, 3), (2, 4), (3, 5), (3, 6), (3, 7), (4, 6), (7, 6)]], [[(0, 5), (1, 0), (1, 2), (1, 3), (1, 5), (1, 6), (1, 7), (3, 0), (4, 0), (4, 3), (5, 2), (6, 0), (6, 3), (6, 4), (6, 7), (7, 3), (7, 4)], [(0, 4), (1, 5), (2, 5), (3, 6), (3, 7), (4, 6), (4, 7), (5, 0), (7, 6)], [(0, 5), (1, 2), (3, 0), (3, 6), (3, 7), (4, 0), (4, 6), (4, 7), (5, 1), (5, 2), (6, 7)], [(1, 0), (3, 0), (4, 0), (0, 5), (6, 0), (1, 2), (3, 1), (4, 1), (1, 5), (6, 1), (5, 2), (3, 6), (3, 7), (4, 6), (4, 7), (7, 6)], [(0, 4), (5, 0), (1, 5), (2, 5), (3, 6), (7, 3), (4, 6), (7, 4), (7, 6)], [(0, 2), (0, 3), (0, 4), (0, 5), (0, 6), (1, 0), (1, 3), (1, 4), (1, 5), (2, 5), (3, 7), (4, 7), (6, 3), (6, 4), (6, 7)]], [[(0, 1), (0, 6), (0, 7), (2, 1), (2, 5), (2, 7), (3, 4), (5, 4), (5, 7), (6, 1), (6, 3), (6, 4), (7, 1), (7, 3), (7, 4)], [(0, 6), (1, 0), (1, 7), (2, 7), (4, 3), (4, 6), (4, 7), (5, 2), (5, 7), (6, 3)], [(1, 0), (1, 2), (2, 5), (3, 4), (3, 6), (4, 6), (4, 7), (6, 0), (7, 1), (7, 2), (7, 5)], [(0, 1), (0, 2), (3, 0), (0, 5), (0, 6), (1, 2), (4, 1), (1, 5), (1, 6), (1, 7), (4, 2), (5, 2), (2, 7), (4, 3), (3, 5), (3, 6), (4, 5), (4, 6), (4, 7), (5, 6), (5, 7)], [(1, 0), (6, 0), (7, 1), (5, 2), (7, 2), (4, 3), (6, 3), (4, 6), (4, 7), (5, 7)], [(0, 1), (0, 7), (2, 1), (2, 5), (2, 7), (3, 4), (5, 4), (5, 7), (6, 0), (6, 1), (6, 3), (6, 4), (7, 1), (7, 3), (7, 4)]], [[(0, 4), (1, 4), (2, 3), (2, 4), (2, 5), (3, 1), (3, 4), (5, 4), (5, 7), (6, 1), (6, 4), (7, 4)], [(0, 4), (1, 4), (2, 3), (3, 1), (3, 4), (5, 2), (6, 1), (7, 4), (7, 5)], [(0, 4), (1, 4), (2, 3), (2, 5), (3, 1), (3, 4), (5, 7), (6, 1), (7, 4)], [(1, 0), (2, 0), (3, 0), (4, 0), (5, 0), (6, 0), (7, 0), (3, 1), (1, 4), (1, 6), (2, 3), (2, 4), (5, 2), (2, 6), (3, 4), (3, 6), (5, 4), (4, 6), (7, 4), (7, 5), (7, 6)], [(0, 4), (3, 1), (1, 4), (6, 1), (2, 3), (5, 2), (3, 4), (7, 4), (7, 5)], [(0, 4), (1, 4), (1, 6), (2, 4), (3, 1), (3, 2), (3, 4), (3, 5), (3, 6), (5, 2), (5, 4), (5, 7), (6, 4), (7, 4)]], [[(0, 1), (0, 5), (0, 7), (1, 2), (1, 4), (1, 5), (2, 3), (3, 7), (4, 2), (4, 6), (5, 4), (6, 2)], [(0, 7), (1, 0), (2, 1), (2, 3), (3, 7), (4, 1), (4, 2), (5, 4), (6, 2), (6, 4)], [(0, 1), (0, 7), (1, 2), (1, 4), (2, 3), (2, 4), (2, 6), (3, 7), (4, 5), (6, 4)], [(1, 0), (4, 0), (0, 5), (0, 7), (2, 1), (1, 4), (2, 3), (2, 4), (6, 2), (3, 7), (4, 5), (6, 4)], [(0, 1), (0, 7), (1, 2), (4, 1), (2, 3), (4, 2), (6, 2), (3, 7), (4, 5), (6, 4)], [(0, 5), (0, 7), (1, 0), (1, 2), (1, 4), (1, 5), (2, 3), (2, 4), (2, 6), (3, 7), (5, 2), (5, 4), (5, 6), (6, 4)]], [[(1, 2), (1, 4), (1, 6), (1, 7), (2, 3), (2, 6), (4, 0), (4, 3), (4, 7), (5, 2), (5, 4), (5, 6), (5, 7), (6, 4), (7, 3)], [(1, 4), (4, 0), (4, 6), (5, 2), (5, 6), (6, 2), (7, 3), (7, 5)], [(2, 5), (2, 6), (4, 0), (4, 1), (5, 7), (6, 4), (6, 5), (7, 3), (7, 4)], [(4, 0), (4, 1), (1, 5), (2, 4), (2, 5), (2, 6), (7, 2), (3, 4), (7, 3), (4, 5), (4, 6), (7, 4), (5, 6), (7, 5)], [(4, 0), (4, 1), (5, 2), (6, 2), (7, 3), (4, 6), (5, 6), (7, 5)], [(1, 5), (2, 3), (2, 5), (2, 6), (2, 7), (3, 7), (4, 0), (4, 1), (4, 2), (4, 5), (4, 6), (4, 7), (5, 6), (7, 5)]], [[(0, 1), (0, 2), (1, 2), (3, 0), (3, 1), (3, 2), (3, 4), (3, 5), (3, 7), (5, 0), (5, 1), (5, 2), (6, 0), (6, 7), (7, 1), (7, 5)], [(1, 0), (2, 3), (2, 5), (3, 0), (3, 4), (3, 5), (5, 7), (6, 0), (6, 7), (7, 1)], [(0, 1), (2, 3), (2, 5), (3, 0), (3, 4), (5, 0), (5, 1), (5, 3), (5, 7), (6, 0), (7, 1), (7, 6)], [(0, 1), (3, 0), (0, 5), (0, 6), (1, 2), (1, 5), (1, 7), (3, 2), (2, 5), (3, 4), (3, 5), (3, 6), (3, 7), (5, 7), (7, 6)], [(1, 0), (3, 0), (6, 0), (7, 1), (3, 2), (5, 2), (3, 4), (3, 5), (7, 5), (7, 6)], [(0, 1), (0, 3), (0, 5), (0, 6), (0, 7), (1, 5), (1, 7), (2, 5), (3, 2), (3, 4), (3, 5), (3, 6), (7, 2), (7, 5), (7, 6)]], [[(0, 2), (0, 4), (0, 6), (1, 2), (1, 3), (1, 4), (2, 4), (2, 5), (3, 7), (5, 4), (7, 6)], [(0, 4), (1, 2), (3, 1), (4, 2), (5, 2), (5, 4), (6, 0), (7, 3)], [(0, 4), (0, 6), (1, 2), (1, 3), (3, 7), (4, 2), (5, 2), (5, 4), (7, 6)], [(0, 4), (0, 6), (1, 2), (3, 1), (4, 2), (5, 2), (7, 3), (5, 4), (7, 6)], [(0, 4), (6, 0), (1, 2), (3, 1), (4, 2), (5, 2), (7, 3), (5, 4)], [(0, 4), (0, 6), (1, 2), (3, 1), (3, 7), (4, 2), (5, 2), (5, 4)]], [[(1, 5), (1, 6), (2, 1), (2, 7), (3, 0), (3, 1), (3, 4), (4, 0), (4, 6), (4, 7), (5, 6), (6, 0), (7, 0), (7, 6)], [(1, 2), (1, 3), (1, 5), (1, 6), (2, 7), (3, 0), (3, 4), (4, 6), (4, 7), (5, 0), (5, 6), (7, 0)], [(0, 3), (0, 5), (0, 7), (1, 2), (1, 3), (4, 3), (5, 1), (5, 6), (6, 1), (6, 4), (7, 2), (7, 4)], [(0, 2), (0, 3), (0, 4), (5, 0), (0, 7), (1, 2), (1, 3), (1, 4), (5, 1), (6, 1), (2, 4), (5, 2), (6, 2), (2, 7), (3, 4), (3, 7), (5, 4), (6, 4), (7, 4), (6, 5), (6, 7)], [(3, 0), (5, 0), (7, 0), (2, 1), (3, 1), (1, 5), (1, 6), (2, 7), (4, 3), (4, 6), (4, 7), (5, 6)], [(1, 5), (1, 6), (2, 1), (2, 7), (3, 0), (3, 1), (3, 4), (4, 0), (4, 6), (4, 7), (5, 6), (6, 0), (7, 0), (7, 6)]], [[(1, 2), (1, 4), (1, 5), (1, 6), (2, 0), (2, 6), (3, 0), (3, 2), (3, 4), (4, 0), (4, 2), (4, 6), (5, 0), (5, 2)], [(0, 4), (0, 5), (1, 2), (2, 5), (3, 4), (4, 6), (6, 2)], [(0, 4), (0, 5), (1, 2), (2, 5), (3, 4), (4, 6), (6, 2)], [(0, 2), (0, 4), (0, 5), (2, 1), (4, 1), (5, 1), (6, 1), (3, 2), (2, 5), (6, 2), (3, 4), (3, 6), (4, 5), (4, 6), (6, 5)], [(0, 4), (0, 5), (1, 2), (2, 5), (6, 2), (3, 4), (4, 6)], [(0, 1), (0, 2), (0, 4), (0, 5), (1, 2), (1, 6), (2, 4), (2, 6), (3, 4), (4, 6), (5, 2)]], [[(0, 1), (0, 5), (1, 5), (1, 7), (2, 0), (2, 1), (2, 4), (2, 5), (3, 5), (3, 7), (4, 3), (4, 5), (4, 6), (5, 7), (6, 0), (6, 5), (6, 7)], [(0, 5), (0, 6), (1, 0), (1, 5), (2, 4), (2, 5), (4, 3), (4, 6), (7, 2), (7, 5)], [(0, 6), (1, 0), (1, 7), (2, 0), (2, 4), (2, 5), (4, 3), (5, 0), (5, 1), (5, 7), (6, 4)], [(1, 0), (0, 4), (0, 5), (0, 6), (7, 0), (2, 1), (1, 4), (1, 5), (3, 2), (2, 5), (7, 2), (3, 4), (3, 5), (3, 6), (7, 3), (5, 4), (6, 4), (5, 6), (7, 5), (7, 6)], [(0, 1), (0, 5), (6, 0), (5, 1), (4, 2), (2, 5), (2, 7), (4, 3), (6, 4), (5, 7)], [(0, 1), (0, 5), (1, 5), (2, 1), (2, 5), (3, 5), (4, 2), (4, 3), (4, 5), (4, 6), (4, 7), (6, 0), (7, 0), (7, 2), (7, 5)]], [[(0, 3), (1, 0), (1, 7), (2, 1), (2, 3), (2, 7), (4, 0), (4, 6), (4, 7), (5, 0), (5, 1), (5, 3), (6, 0), (6, 3), (7, 0)], [(0, 7), (1, 2), (1, 3), (2, 7), (3, 0), (4, 7), (5, 1), (6, 0), (6, 3), (6, 4)], [(0, 3), (0, 6), (0, 7), (1, 2), (1, 5), (3, 6), (4, 7), (5, 7), (6, 4), (7, 2)], [(0, 1), (0, 3), (5, 0), (0, 6), (0, 7), (2, 1), (5, 1), (6, 1), (2, 3), (2, 7), (5, 3), (3, 6), (6, 4), (4, 7), (5, 7), (6, 7)], [(3, 0), (6, 0), (0, 7), (2, 1), (1, 3), (5, 1), (2, 7), (6, 3), (6, 4), (4, 7)], [(0, 7), (1, 0), (1, 3), (2, 0), (2, 1), (2, 7), (3, 0), (4, 6), (4, 7), (5, 0), (5, 1), (5, 7), (6, 0), (6, 3), (6, 7)]], [[(0, 6), (1, 2), (1, 3), (1, 7), (2, 4), (3, 2), (3, 4), (3, 5), (5, 2), (5, 4), (5, 6), (6, 2), (6, 4), (7, 4), (7, 5), (7, 6)], [(1, 3), (1, 7), (2, 3), (3, 4), (3, 5), (4, 7), (5, 7), (6, 2), (6, 4), (6, 5)], [(1, 3), (1, 7), (3, 2), (3, 4), (3, 5), (6, 2), (6, 4), (6, 5), (7, 4), (7, 5)], [(6, 0), (1, 2), (1, 3), (1, 4), (1, 7), (3, 2), (4, 2), (5, 2), (6, 2), (4, 3), (3, 5), (6, 3), (7, 3), (4, 5), (6, 4), (4, 7), (6, 5), (7, 5)], [(3, 1), (7, 1), (2, 3), (6, 2), (4, 3), (5, 3), (6, 4), (4, 7), (6, 5), (5, 7)], [(2, 3), (3, 1), (4, 3), (4, 7), (5, 3), (5, 7), (6, 2), (6, 4), (6, 5), (7, 1)]], [[(0, 1), (0, 2), (0, 4), (0, 6), (0, 7), (1, 2), (1, 7), (5, 2), (6, 2), (6, 3), (7, 3), (7, 4), (7, 5)], [(0, 1), (0, 2), (0, 6), (1, 7), (2, 5), (3, 7), (4, 0), (4, 7), (5, 7), (6, 2), (6, 3)], [(0, 1), (0, 2), (0, 4), (0, 6), (0, 7), (4, 7), (5, 2), (6, 2), (6, 3), (7, 1), (7, 3), (7, 5)], [(1, 0), (0, 2), (3, 0), (0, 4), (0, 6), (0, 7), (1, 2), (1, 4), (1, 5), (1, 7), (5, 2), (6, 2), (2, 7), (3, 4), (3, 6), (3, 7), (4, 5), (4, 7), (5, 7)], [(1, 0), (2, 0), (0, 4), (0, 6), (1, 7), (2, 5), (2, 6), (6, 3), (7, 3), (4, 7), (7, 5)], [(0, 2), (0, 4), (0, 6), (0, 7), (1, 0), (1, 2), (1, 7), (5, 2), (6, 2), (6, 3), (7, 3), (7, 4), (7, 5)]], [[(0, 1), (0, 3), (0, 5), (1, 7), (2, 1), (2, 4), (2, 5), (2, 7), (3, 1), (3, 7), (5, 7), (6, 5)], [(0, 1), (0, 5), (0, 7), (1, 7), (2, 1), (2, 4), (2, 5), (3, 1), (5, 7), (6, 5)], [(0, 5), (1, 0), (1, 2), (1, 3), (1, 7), (2, 4), (2, 5), (3, 0), (5, 7), (6, 5)], [(0, 1), (0, 5), (0, 7), (2, 1), (1, 3), (1, 7), (2, 3), (2, 4), (2, 5), (5, 3), (7, 3), (6, 5), (5, 7)], [(0, 1), (0, 5), (0, 7), (2, 1), (3, 1), (7, 1), (2, 4), (2, 5), (6, 5), (5, 7)], [(0, 1), (0, 3), (0, 5), (1, 7), (2, 1), (2, 4), (2, 5), (2, 7), (3, 1), (3, 7), (5, 7), (6, 5)]], [[(1, 0), (3, 2), (3, 6), (4, 7), (5, 2), (6, 0), (6, 5), (7, 2), (7, 5)], [(1, 0), (2, 5), (3, 2), (3, 6), (5, 6), (6, 0), (7, 2), (7, 4), (7, 5)], [(0, 1), (0, 6), (3, 2), (4, 7), (5, 2), (6, 3), (6, 5), (7, 2), (7, 5)], [(0, 1), (2, 0), (3, 0), (0, 6), (6, 1), (3, 2), (2, 5), (7, 2), (3, 5), (3, 6), (7, 4), (6, 5), (7, 5)], [(1, 0), (6, 0), (3, 2), (2, 5), (7, 2), (3, 6), (7, 4), (5, 6), (7, 5)], [(1, 0), (3, 2), (3, 6), (4, 7), (5, 2), (6, 0), (6, 5), (7, 2), (7, 5)]], [[(1, 3), (1, 6), (2, 0), (2, 4), (3, 5), (3, 6), (5, 0), (5, 6), (5, 7), (6, 0), (6, 7), (7, 0)], [(0, 1), (0, 5), (0, 7), (1, 3), (1, 6), (2, 0), (2, 4), (3, 5), (5, 6), (6, 7)], [(1, 3), (1, 6), (2, 0), (2, 4), (3, 5), (5, 0), (5, 6), (6, 7), (7, 0)], [(2, 0), (5, 0), (6, 0), (0, 7), (3, 1), (1, 6), (2, 4), (2, 7), (5, 3), (3, 6), (5, 6), (6, 7)], [(1, 0), (2, 0), (5, 0), (7, 0), (3, 1), (1, 6), (4, 2), (5, 3), (5, 6), (6, 7)], [(1, 3), (1, 5), (2, 0), (4, 2), (5, 0), (5, 3), (5, 7), (6, 0), (6, 1), (6, 3), (6, 5), (6, 7), (7, 0)]], [[(0, 3), (0, 5), (1, 0), (1, 4), (1, 5), (1, 6), (1, 7), (2, 4), (2, 7), (4, 0), (5, 7), (6, 0), (6, 4), (6, 5), (6, 7)], [(0, 2), (0, 3), (0, 4), (0, 5), (1, 4), (1, 7), (2, 4), (4, 6), (5, 6), (5, 7)], [(0, 3), (0, 4), (0, 5), (0, 7), (1, 4), (4, 2), (6, 4), (6, 5), (7, 1), (7, 5)], [(1, 0), (0, 3), (4, 0), (5, 0), (7, 0), (1, 2), (4, 1), (1, 7), (4, 2), (6, 2), (2, 7), (5, 4), (6, 4), (6, 5), (5, 7), (6, 7)], [(2, 0), (0, 3), (4, 0), (0, 5), (1, 4), (1, 7), (2, 4), (4, 6), (5, 6), (5, 7)], [(0, 3), (0, 4), (0, 5), (0, 7), (1, 4), (2, 0), (2, 1), (2, 4), (6, 1), (6, 4), (6, 5), (7, 1), (7, 5)]], [[(1, 2), (1, 5), (1, 7), (2, 0), (4, 0), (5, 3), (5, 6), (5, 7), (6, 4)], [(1, 2), (2, 0), (4, 0), (4, 6), (5, 1), (5, 3), (5, 6), (7, 1), (7, 5)], [(1, 2), (1, 5), (1, 7), (2, 0), (4, 0), (5, 3), (5, 6), (5, 7), (6, 4)], [(1, 0), (0, 2), (0, 4), (0, 6), (1, 2), (1, 5), (1, 6), (7, 1), (2, 4), (5, 3), (6, 4), (6, 5), (7, 5), (7, 6)], [(2, 0), (4, 0), (1, 2), (5, 1), (7, 1), (5, 3), (6, 4), (5, 6), (7, 5)], [(1, 2), (1, 5), (2, 0), (4, 0), (5, 3), (5, 6), (6, 4), (7, 1), (7, 5)]], [[(0, 3), (0, 5), (0, 6), (1, 3), (1, 4), (1, 7), (2, 1), (2, 3), (2, 5), (2, 7), (3, 7), (4, 3), (4, 5), (4, 7), (6, 1), (6, 3), (6, 4), (6, 5), (6, 7), (7, 5)], [(0, 3), (0, 5), (0, 6), (1, 2), (1, 4), (1, 7), (2, 5), (3, 7), (4, 3), (5, 7), (6, 5), (6, 7)], [(1, 2), (1, 4), (3, 0), (3, 2), (3, 4), (3, 7), (5, 0), (5, 2), (5, 4), (5, 6), (5, 7), (6, 0), (6, 7), (7, 1)], [(0, 2), (0, 3), (0, 4), (0, 5), (0, 6), (1, 2), (1, 3), (1, 4), (1, 6), (7, 1), (3, 2), (4, 2), (5, 2), (6, 2), (7, 2), (3, 4), (5, 3), (7, 3), (5, 4), (5, 6), (7, 5), (7, 6)], [(0, 3), (0, 5), (6, 0), (2, 1), (1, 4), (1, 7), (2, 5), (4, 3), (3, 7), (6, 5), (5, 7), (6, 7)], [(0, 3), (0, 5), (0, 6), (1, 2), (1, 4), (1, 7), (2, 3), (2, 5), (2, 6), (4, 3), (4, 5), (5, 6), (7, 3), (7, 5), (7, 6)]], [[(0, 1), (0, 2), (1, 2), (1, 6), (3, 2), (3, 4), (3, 5), (3, 6), (4, 5), (4, 6), (5, 6), (7, 2), (7, 5)], [(0, 2), (1, 0), (1, 2), (1, 6), (3, 2), (3, 6), (4, 3), (4, 5), (5, 6), (7, 2), (7, 5)], [(0, 2), (1, 0), (1, 2), (1, 6), (3, 2), (3, 4), (3, 6), (4, 5), (5, 7), (6, 5), (7, 2)], [(1, 0), (0, 2), (1, 2), (1, 6), (3, 2), (7, 2), (4, 3), (3, 5), (3, 6), (4, 5), (4, 6), (5, 6), (7, 5)], [(1, 0), (0, 2), (1, 2), (1, 6), (3, 2), (7, 2), (3, 4), (3, 6), (5, 4), (5, 6), (7, 5)], [(0, 2), (1, 0), (1, 2), (1, 6), (3, 2), (3, 5), (3, 6), (4, 3), (4, 5), (4, 6), (5, 6), (7, 2), (7, 5)]], [[(0, 1), (0, 4), (1, 2), (1, 3), (1, 4), (1, 7), (2, 3), (2, 7), (3, 7), (4, 7), (5, 6), (5, 7), (6, 2), (6, 3), (6, 7)], [(1, 0), (1, 3), (3, 2), (4, 0), (6, 2), (6, 5), (7, 2), (7, 3), (7, 4)], [(1, 0), (2, 7), (3, 1), (3, 2), (3, 7), (4, 0), (4, 7), (5, 6), (5, 7), (6, 2)], [(1, 0), (0, 4), (0, 7), (1, 2), (1, 3), (1, 4), (2, 3), (2, 4), (6, 2), (2, 7), (4, 3), (5, 3), (7, 3), (5, 4), (6, 4), (7, 4), (6, 5), (5, 7), (6, 7)], [(1, 0), (4, 0), (3, 1), (3, 2), (6, 2), (7, 2), (3, 7), (4, 7), (6, 5)], [(0, 4), (1, 0), (1, 2), (1, 3), (1, 4), (1, 7), (2, 7), (3, 2), (3, 7), (4, 7), (5, 7), (6, 2), (6, 3), (6, 5), (6, 7)]], [[(0, 1), (0, 3), (1, 4), (3, 2), (4, 2), (5, 4), (6, 1), (6, 2), (7, 4)], [(0, 1), (1, 4), (1, 6), (2, 4), (2, 6), (3, 0), (3, 2), (5, 4), (7, 4)], [(0, 1), (1, 4), (3, 0), (3, 2), (4, 2), (5, 4), (6, 1), (6, 2), (7, 4)], [(0, 1), (0, 3), (0, 7), (1, 4), (6, 1), (1, 7), (3, 2), (4, 2), (6, 2), (5, 4), (4, 7), (5, 7)], [(0, 1), (0, 3), (1, 4), (6, 1), (3, 2), (4, 2), (6, 2), (5, 4), (7, 4)], [(0, 1), (0, 3), (1, 4), (3, 2), (4, 2), (5, 4), (6, 1), (6, 2), (7, 4)]], [[(0, 3), (1, 3), (1, 5), (1, 6), (1, 7), (2, 6), (4, 3), (5, 7), (6, 0), (6, 3), (7, 3), (7, 4), (7, 6)], [(0, 3), (1, 3), (1, 5), (1, 7), (2, 6), (3, 4), (6, 0), (6, 7), (7, 4), (7, 5)], [(0, 3), (0, 6), (1, 3), (1, 5), (1, 7), (4, 3), (6, 2), (6, 7), (7, 4), (7, 5)], [(0, 1), (3, 0), (0, 4), (6, 0), (2, 1), (3, 1), (4, 1), (5, 1), (6, 1), (7, 1), (2, 6), (2, 7), (3, 4), (3, 5), (3, 6), (4, 5), (6, 4), (7, 4), (7, 5), (6, 7)], [(0, 3), (6, 0), (1, 3), (1, 5), (1, 7), (6, 2), (4, 3), (7, 4), (7, 5), (6, 7)], [(0, 3), (1, 3), (1, 5), (1, 6), (2, 6), (4, 3), (6, 0), (6, 3), (7, 1), (7, 3), (7, 4), (7, 5), (7, 6)]], [[(1, 0), (2, 4), (2, 7), (4, 1), (4, 6), (6, 0), (7, 1), (7, 5)], [(1, 0), (2, 4), (4, 1), (4, 6), (6, 0), (7, 1), (7, 2), (7, 5)], [(0, 1), (0, 6), (1, 4), (1, 7), (4, 2), (6, 4), (7, 2), (7, 5)], [(1, 0), (0, 4), (0, 6), (1, 4), (5, 1), (1, 6), (1, 7), (4, 2), (7, 2), (5, 4), (4, 6), (4, 7), (5, 7)], [(1, 0), (6, 0), (4, 1), (7, 1), (2, 4), (7, 2), (4, 6), (7, 5)], [(1, 0), (2, 4), (4, 1), (4, 6), (6, 0), (7, 1), (7, 2), (7, 5)]], [[(0, 2), (0, 4), (2, 1), (2, 6), (3, 1), (4, 1), (4, 6), (7, 6)], [(0, 2), (1, 2), (1, 4), (2, 6), (3, 1), (4, 0), (4, 6), (7, 6)], [(0, 2), (0, 4), (2, 1), (2, 6), (3, 1), (4, 1), (4, 6), (7, 6)], [(0, 2), (4, 0), (2, 1), (3, 1), (4, 1), (2, 6), (4, 6), (7, 6)], [(0, 2), (4, 0), (2, 1), (3, 1), (4, 1), (2, 6), (4, 6), (7, 6)], [(0, 2), (0, 4), (2, 1), (2, 6), (3, 1), (4, 1), (4, 6), (7, 6)]], [[(0, 1), (0, 2), (0, 4), (2, 1), (2, 5), (2, 7), (3, 7), (4, 7), (5, 1), (6, 4), (6, 7)], [(0, 1), (0, 2), (0, 4), (2, 1), (2, 7), (3, 7), (4, 7), (5, 1), (5, 2), (6, 4), (6, 7)], [(0, 1), (0, 2), (0, 4), (1, 2), (1, 5), (2, 7), (3, 7), (4, 7), (5, 2), (6, 4), (6, 7)], [(0, 1), (0, 2), (0, 4), (2, 1), (5, 1), (2, 5), (2, 7), (3, 7), (6, 4), (4, 7), (6, 7)], [(0, 1), (0, 2), (0, 4), (2, 1), (5, 1), (2, 5), (2, 7), (3, 7), (6, 4), (4, 7), (6, 7)], [(0, 1), (0, 4), (2, 0), (2, 1), (2, 5), (2, 7), (3, 7), (4, 7), (5, 1), (6, 4), (6, 7)]], [[(0, 1), (0, 2), (0, 6), (1, 7), (2, 5), (2, 6), (2, 7), (3, 1), (3, 2), (3, 7), (4, 2), (4, 7), (5, 1), (6, 5)], [(0, 6), (1, 0), (1, 5), (2, 3), (2, 4), (2, 5), (2, 6), (3, 7), (4, 7), (5, 6)], [(0, 1), (0, 6), (1, 3), (2, 3), (2, 4), (5, 1), (5, 2), (6, 2), (6, 5), (7, 3), (7, 4)], [(0, 1), (0, 2), (0, 5), (6, 0), (1, 3), (1, 5), (1, 7), (2, 3), (2, 4), (5, 2), (6, 2), (2, 7), (3, 4), (3, 7), (4, 7), (6, 5)], [(1, 0), (0, 6), (5, 1), (3, 2), (4, 2), (2, 5), (2, 6), (3, 7), (4, 7), (5, 6)], [(0, 6), (1, 0), (1, 3), (2, 3), (2, 4), (2, 6), (5, 1), (5, 2), (5, 6), (7, 3), (7, 4)]], [[(0, 1), (0, 5), (3, 1), (3, 2), (3, 4), (4, 5), (4, 6), (4, 7), (6, 7), (7, 1), (7, 2), (7, 5)], [(0, 5), (2, 7), (3, 1), (3, 2), (4, 6), (4, 7), (5, 7), (7, 1), (7, 6)], [(0, 5), (3, 1), (3, 2), (6, 4), (6, 7), (7, 1), (7, 2), (7, 4), (7, 5)], [(0, 1), (0, 4), (0, 5), (3, 1), (7, 1), (3, 2), (7, 2), (3, 4), (7, 3), (5, 4), (6, 4), (7, 4), (6, 5), (7, 5), (7, 6)], [(0, 5), (3, 1), (7, 1), (3, 2), (7, 2), (6, 4), (7, 4), (7, 5), (7, 6)], [(0, 1), (0, 5), (0, 7), (3, 1), (3, 2), (4, 3), (4, 6), (4, 7), (5, 7), (6, 5), (6, 7), (7, 1), (7, 2)]], [[(0, 3), (0, 7), (1, 3), (1, 5), (1, 6), (2, 3), (2, 5), (2, 7), (4, 6), (7, 3), (7, 5)], [(0, 3), (0, 7), (1, 3), (1, 5), (1, 6), (2, 3), (2, 7), (4, 6), (5, 7)], [(0, 3), (0, 7), (1, 3), (1, 5), (1, 6), (2, 3), (2, 7), (4, 6), (7, 5)], [(0, 2), (0, 3), (0, 5), (1, 2), (3, 1), (1, 4), (5, 1), (6, 1), (1, 7), (3, 2), (5, 2), (7, 2), (5, 3), (6, 3), (3, 7), (6, 4), (6, 5), (5, 7)], [(0, 3), (0, 7), (1, 3), (1, 5), (1, 6), (2, 3), (2, 7), (4, 6), (7, 5)], [(0, 3), (0, 7), (1, 3), (1, 5), (1, 6), (2, 3), (2, 5), (2, 7), (4, 6), (7, 3), (7, 5)]], [[(0, 4), (1, 2), (1, 3), (1, 4), (1, 6), (1, 7), (2, 6), (2, 7), (4, 6), (5, 4), (5, 7)], [(0, 4), (0, 6), (1, 3), (1, 4), (1, 6), (1, 7), (2, 1), (2, 6), (5, 7)], [(0, 4), (0, 6), (1, 2), (1, 3), (1, 4), (1, 6), (1, 7), (2, 6), (2, 7), (5, 7)], [(0, 1), (0, 4), (6, 0), (1, 2), (1, 3), (4, 1), (5, 1), (6, 1), (1, 7), (4, 2), (6, 2), (2, 7), (5, 7)], [(0, 4), (0, 6), (2, 1), (1, 3), (1, 4), (1, 6), (7, 1), (2, 6), (7, 5)], [(1, 0), (1, 2), (1, 3), (1, 6), (1, 7), (2, 6), (2, 7), (4, 0), (4, 1), (4, 6), (5, 7)]], [[(0, 2), (0, 3), (0, 6), (1, 2), (1, 3), (1, 5), (2, 3), (2, 6), (3, 6), (4, 0), (4, 2), (4, 3), (4, 5), (4, 6), (5, 2), (5, 3), (7, 0), (7, 2), (7, 5), (7, 6)], [(0, 2), (0, 4), (1, 3), (1, 5), (1, 6), (2, 3), (2, 5), (2, 6), (4, 5), (7, 2), (7, 3)], [(0, 2), (0, 4), (1, 3), (1, 5), (1, 6), (2, 3), (2, 5), (2, 6), (2, 7), (4, 5), (5, 7)], [(0, 2), (4, 0), (7, 0), (1, 2), (1, 3), (1, 5), (1, 6), (3, 2), (4, 2), (5, 2), (6, 2), (7, 2), (3, 5), (3, 6), (7, 3), (4, 5), (5, 6), (7, 5), (7, 6)], [(2, 0), (0, 4), (1, 3), (1, 5), (1, 6), (2, 3), (2, 5), (2, 6), (7, 2), (7, 3), (4, 5)], [(0, 2), (1, 2), (1, 3), (1, 5), (1, 6), (3, 2), (4, 0), (4, 2), (4, 5), (4, 6), (5, 2), (6, 2), (6, 3), (6, 5), (7, 0), (7, 2), (7, 3), (7, 6)]], [[(1, 2), (1, 5), (1, 6), (1, 7), (2, 0), (2, 5), (3, 0), (3, 4), (3, 5), (3, 6), (4, 2), (4, 5), (4, 6), (6, 0), (6, 5), (6, 7), (7, 0)], [(1, 2), (1, 6), (2, 5), (3, 0), (3, 4), (4, 6), (5, 4), (6, 0), (7, 0), (7, 1)], [(0, 3), (0, 6), (0, 7), (1, 2), (1, 7), (2, 5), (4, 3), (4, 5), (6, 1), (6, 4), (6, 7)], [(1, 0), (0, 2), (3, 0), (6, 0), (7, 0), (1, 2), (1, 5), (1, 6), (1, 7), (4, 2), (2, 5), (6, 2), (7, 2), (4, 3), (3, 5), (3, 6), (4, 5), (4, 6), (6, 5), (6, 7)], [(3, 0), (6, 0), (7, 0), (1, 2), (1, 6), (7, 1), (2, 5), (4, 3), (4, 5), (4, 6)], [(1, 6), (1, 7), (2, 0), (2, 1), (2, 5), (2, 6), (3, 0), (3, 4), (5, 4), (5, 6), (6, 0), (6, 4), (7, 0)]], [[(0, 7), (1, 0), (1, 7), (2, 0), (2, 1), (2, 7), (3, 5), (4, 0), (4, 2), (4, 7), (5, 0), (5, 1), (5, 4), (5, 7), (6, 0), (6, 2), (6, 7)], [(0, 2), (0, 5), (0, 7), (1, 5), (1, 7), (2, 4), (2, 7), (3, 5), (5, 4), (6, 2)], [(0, 7), (1, 7), (2, 0), (2, 7), (4, 2), (4, 5), (5, 0), (5, 1), (5, 3), (6, 2)], [(0, 1), (0, 2), (5, 0), (7, 0), (5, 1), (7, 1), (4, 2), (5, 2), (6, 2), (7, 2), (5, 3), (5, 4)], [(0, 2), (0, 5), (0, 7), (1, 5), (1, 7), (4, 2), (6, 2), (2, 7), (5, 3), (5, 4)], [(0, 1), (0, 2), (4, 2), (4, 5), (5, 0), (5, 1), (5, 2), (5, 3), (6, 2), (7, 0), (7, 1), (7, 2)]], [[(1, 4), (2, 0), (3, 2), (3, 6), (4, 0), (4, 7), (5, 2), (5, 7), (6, 2), (7, 6)], [(2, 0), (2, 3), (2, 7), (3, 6), (4, 0), (4, 1), (4, 7), (5, 2), (5, 7), (6, 7)], [(0, 2), (0, 4), (2, 3), (2, 5), (2, 6), (3, 6), (4, 1), (4, 7), (5, 7), (7, 6)], [(2, 0), (0, 4), (4, 1), (2, 3), (5, 2), (2, 7), (5, 3), (6, 3), (7, 3), (5, 4), (4, 7), (5, 7), (7, 6)], [(2, 0), (4, 0), (4, 1), (2, 3), (5, 2), (7, 2), (6, 3), (4, 7), (5, 7), (7, 6)], [(2, 0), (3, 2), (3, 6), (4, 0), (4, 1), (4, 7), (5, 2), (5, 7), (6, 2), (7, 6)]], [[(1, 5), (1, 6), (2, 0), (2, 4), (2, 7), (3, 7), (4, 0), (4, 6), (7, 4)], [(1, 5), (1, 6), (2, 0), (2, 4), (2, 7), (3, 7), (4, 0), (4, 6)], [(0, 2), (0, 4), (1, 5), (1, 6), (2, 4), (2, 7), (3, 7), (4, 6), (7, 4)], [(2, 0), (4, 0), (1, 5), (1, 6), (2, 4), (2, 7), (3, 7), (4, 6), (7, 4)], [(2, 0), (4, 0), (1, 5), (1, 6), (2, 4), (2, 7), (3, 7), (4, 6)], [(1, 5), (1, 6), (2, 0), (2, 7), (3, 7), (4, 0), (4, 2), (4, 6)]], [[(0, 2), (0, 3), (0, 4), (0, 5), (0, 6), (1, 3), (1, 4), (1, 6), (2, 3), (2, 4), (3, 4), (5, 2), (5, 3), (5, 4), (7, 3), (7, 5), (7, 6)], [(0, 4), (0, 5), (1, 3), (1, 4), (1, 6), (2, 4), (2, 5), (3, 5), (4, 3), (5, 7), (6, 7)], [(0, 4), (0, 6), (1, 3), (1, 4), (1, 6), (2, 4), (3, 4), (5, 0), (5, 2), (5, 3), (5, 7), (7, 6)], [(0, 1), (3, 0), (4, 0), (0, 5), (1, 2), (3, 1), (4, 1), (5, 1), (6, 1), (7, 1), (3, 2), (4, 2), (5, 2), (6, 2), (4, 3), (3, 5), (3, 6), (4, 6), (6, 5), (7, 5), (7, 6)], [(0, 4), (0, 5), (1, 3), (1, 4), (1, 6), (2, 4), (2, 5), (3, 4), (5, 3), (7, 5), (7, 6)], [(0, 3), (0, 4), (0, 5), (0, 6), (1, 2), (1, 4), (1, 5), (1, 6), (3, 1), (3, 2), (3, 4), (3, 5), (4, 2), (5, 2), (7, 5), (7, 6)]], [[(0, 1), (0, 5), (2, 0), (2, 4), (2, 5), (3, 1), (3, 2), (3, 4), (3, 5), (3, 6), (4, 0), (5, 1), (6, 0), (6, 2), (6, 4), (6, 5), (7, 6)], [(1, 0), (1, 5), (2, 0), (2, 5), (3, 1), (3, 5), (3, 6), (4, 0), (4, 2), (4, 6), (5, 0), (7, 6)], [(0, 1), (0, 2), (0, 4), (0, 5), (1, 3), (1, 5), (2, 4), (2, 6), (3, 5), (3, 6), (4, 6), (5, 2), (7, 6)], [(1, 0), (2, 0), (0, 3), (0, 4), (0, 5), (0, 6), (0, 7), (1, 3), (1, 5), (2, 4), (2, 5), (2, 6), (2, 7), (3, 4), (3, 5), (3, 6), (7, 3), (6, 4), (6, 5), (7, 6)], [(1, 0), (2, 0), (0, 4), (0, 5), (1, 3), (1, 5), (2, 4), (2, 5), (3, 5), (3, 6), (4, 6), (7, 6)], [(0, 1), (0, 2), (3, 1), (3, 5), (3, 6), (3, 7), (4, 0), (4, 2), (4, 6), (5, 0), (5, 1), (5, 2), (6, 2), (6, 7)]], [[(0, 5), (1, 0), (1, 2), (1, 5), (1, 7), (2, 0), (3, 2), (3, 4), (3, 5), (3, 7), (4, 5), (6, 0), (7, 4)], [(0, 5), (1, 0), (1, 2), (1, 5), (1, 7), (2, 0), (3, 5), (3, 7), (4, 5), (4, 7), (6, 0)], [(0, 1), (0, 2), (0, 5), (0, 6), (1, 2), (1, 5), (1, 7), (3, 5), (3, 7), (4, 5), (7, 4)], [(1, 0), (2, 0), (0, 3), (0, 4), (0, 5), (6, 0), (1, 2), (1, 3), (1, 4), (1, 5), (7, 1), (2, 4), (4, 3), (5, 3), (7, 3), (5, 4), (7, 4)], [(1, 0), (2, 0), (0, 5), (6, 0), (1, 2), (1, 5), (7, 1), (3, 5), (3, 7), (4, 5), (4, 7)], [(0, 5), (1, 0), (1, 4), (1, 5), (1, 7), (2, 0), (2, 1), (3, 5), (3, 7), (4, 5), (4, 7), (6, 0)]], [[(0, 1), (0, 2), (0, 7), (1, 3), (4, 0), (4, 2), (4, 3), (5, 3), (6, 0), (7, 2), (7, 5)], [(0, 1), (0, 4), (0, 6), (0, 7), (1, 3), (2, 4), (2, 6), (2, 7), (4, 3), (5, 3), (5, 7)], [(0, 1), (0, 4), (0, 6), (1, 3), (2, 4), (2, 7), (4, 3), (5, 3), (7, 0), (7, 5)], [(0, 1), (2, 0), (0, 4), (0, 5), (6, 0), (0, 7), (1, 3), (2, 4), (2, 5), (6, 2), (2, 7), (4, 3), (5, 3), (5, 4), (6, 4), (4, 7), (5, 7)], [(1, 0), (4, 0), (6, 0), (0, 7), (1, 3), (4, 2), (2, 6), (2, 7), (3, 4), (5, 3), (5, 7)], [(0, 1), (0, 2), (0, 4), (0, 6), (0, 7), (1, 3), (4, 2), (4, 3), (5, 3), (6, 4), (7, 2), (7, 5)]], [[(1, 6), (4, 5), (5, 0), (5, 2), (5, 3), (6, 5)], [(2, 5), (3, 5), (4, 5), (5, 0), (6, 1), (6, 5)], [(2, 5), (5, 0), (5, 3), (5, 4), (5, 6), (6, 1)], [(5, 0), (6, 1), (5, 2), (5, 3), (4, 5), (6, 5)], [(5, 0), (6, 1), (5, 2), (5, 3), (4, 5), (6, 5)], [(4, 5), (5, 0), (5, 2), (5, 3), (6, 1), (6, 5)]], [[(1, 0), (2, 0), (2, 1), (2, 3), (2, 7), (3, 1), (3, 6), (3, 7), (4, 2), (5, 0), (5, 1), (5, 2), (5, 3), (5, 6), (5, 7), (6, 0), (6, 1), (7, 0), (7, 1), (7, 6)], [(0, 5), (1, 0), (1, 3), (1, 5), (4, 2), (5, 3), (6, 0), (6, 3), (7, 2), (7, 5)], [(0, 1), (0, 5), (0, 6), (2, 4), (2, 6), (2, 7), (3, 1), (3, 5), (3, 6), (4, 1), (5, 1), (5, 7)], [(1, 0), (2, 0), (5, 0), (6, 0), (7, 0), (1, 2), (3, 1), (1, 4), (1, 5), (1, 7), (3, 2), (2, 4), (7, 2), (3, 5), (6, 3), (6, 5), (5, 7), (6, 7)], [(0, 1), (0, 5), (0, 6), (3, 1), (5, 1), (2, 4), (2, 7), (3, 5), (3, 6), (5, 7)], [(0, 1), (0, 5), (0, 6), (2, 1), (2, 3), (2, 4), (2, 7), (3, 1), (3, 5), (3, 6), (5, 1), (7, 3), (7, 5), (7, 6)]], [[(0, 1), (0, 5), (0, 6), (1, 2), (1, 3), (1, 4), (1, 6), (1, 7), (2, 7), (3, 2), (3, 5), (5, 2), (5, 7), (6, 2)], [(0, 2), (0, 6), (1, 0), (1, 4), (1, 6), (2, 6), (3, 1), (3, 2), (5, 2), (7, 5)], [(0, 1), (0, 6), (1, 2), (1, 3), (1, 4), (1, 6), (3, 2), (5, 2), (5, 3), (5, 7), (6, 2)], [(1, 0), (0, 5), (6, 0), (1, 2), (1, 3), (1, 4), (6, 1), (1, 7), (3, 2), (5, 2), (6, 2), (2, 7), (3, 5), (5, 7)], [(0, 1), (2, 0), (0, 6), (3, 1), (1, 4), (1, 6), (3, 2), (5, 2), (2, 6), (7, 5)], [(0, 1), (0, 5), (0, 6), (1, 2), (1, 4), (1, 6), (1, 7), (2, 7), (3, 0), (3, 1), (3, 2), (3, 5), (5, 2), (5, 7), (6, 2)]], [[(0, 1), (0, 3), (0, 5), (0, 6), (0, 7), (1, 6), (2, 3), (2, 5), (3, 4), (3, 5), (3, 6), (3, 7), (5, 4), (7, 6)], [(0, 1), (0, 5), (0, 6), (1, 6), (3, 2), (3, 4), (3, 7), (5, 4), (7, 0), (7, 6)], [(0, 5), (1, 0), (1, 6), (2, 3), (2, 5), (3, 4), (3, 7), (5, 4), (6, 0), (6, 7), (7, 0)], [(0, 1), (0, 2), (0, 5), (0, 6), (7, 0), (1, 6), (3, 2), (5, 2), (3, 4), (3, 6), (7, 3), (5, 4), (7, 6)], [(1, 0), (0, 5), (6, 0), (7, 0), (6, 1), (3, 2), (3, 4), (3, 7), (5, 4), (6, 7)], [(0, 1), (0, 2), (0, 5), (0, 6), (0, 7), (1, 6), (3, 2), (3, 4), (3, 6), (5, 2), (5, 4), (7, 3), (7, 6)]], [[(0, 2), (0, 5), (2, 6), (3, 6), (4, 1), (5, 1), (5, 2), (5, 3), (5, 6), (7, 1), (7, 5), (7, 6)], [(1, 7), (2, 0), (3, 5), (4, 1), (5, 2), (5, 7), (6, 2), (6, 5)], [(0, 2), (0, 5), (1, 4), (1, 7), (2, 5), (2, 6), (5, 3), (5, 7), (6, 5)], [(2, 0), (0, 5), (0, 7), (2, 1), (1, 4), (1, 5), (7, 1), (2, 3), (2, 5), (6, 2), (2, 7), (5, 3), (6, 3), (7, 3), (5, 4), (7, 4), (6, 5), (7, 5), (6, 7)], [(2, 0), (4, 1), (7, 1), (5, 2), (6, 2), (5, 3), (6, 5), (7, 5)], [(0, 2), (0, 5), (2, 6), (3, 6), (4, 1), (5, 1), (5, 2), (5, 3), (5, 6), (7, 1), (7, 5), (7, 6)]], [[(0, 3), (0, 4), (0, 5), (1, 4), (1, 5), (1, 7), (2, 1), (3, 2), (5, 4), (6, 1), (6, 7), (7, 5)], [(0, 4), (0, 5), (1, 4), (1, 7), (2, 1), (3, 0), (3, 2), (4, 5), (5, 7), (7, 6)], [(0, 4), (0, 5), (1, 2), (1, 4), (1, 7), (2, 3), (3, 0), (4, 5), (5, 7), (7, 6)], [(3, 0), (0, 4), (0, 5), (0, 7), (2, 1), (1, 4), (1, 5), (6, 1), (3, 2), (5, 4), (6, 5), (5, 7), (6, 7)], [(3, 0), (0, 4), (0, 5), (2, 1), (1, 4), (1, 7), (3, 2), (4, 5), (5, 7), (7, 6)], [(0, 4), (0, 5), (1, 4), (1, 5), (1, 7), (2, 1), (3, 0), (3, 2), (5, 4), (6, 1), (6, 7), (7, 5)]], [[(0, 7), (1, 0), (1, 2), (1, 5), (2, 0), (3, 0), (3, 7), (4, 2), (4, 3), (4, 7), (5, 2), (5, 3), (5, 7)], [(1, 0), (2, 0), (2, 5), (3, 5), (4, 3), (4, 7), (5, 7)], [(0, 1), (0, 2), (2, 5), (4, 3), (4, 7), (5, 3), (5, 7)], [(1, 0), (2, 0), (0, 3), (0, 7), (1, 3), (1, 5), (2, 3), (2, 4), (2, 5), (3, 4), (5, 3), (3, 7), (5, 4), (7, 4), (5, 7)], [(1, 0), (2, 0), (5, 2), (4, 3), (5, 3), (4, 7), (5, 7)], [(0, 1), (0, 2), (0, 5), (1, 2), (3, 5), (4, 2), (4, 3), (4, 7), (5, 2), (7, 5)]], [[(0, 3), (0, 4), (0, 6), (0, 7), (1, 2), (1, 3), (4, 3), (4, 5), (4, 6), (6, 3), (7, 1), (7, 6)], [(0, 3), (0, 4), (1, 2), (1, 3), (3, 6), (4, 5), (4, 6), (7, 0), (7, 1)], [(0, 3), (0, 4), (1, 2), (1, 3), (1, 7), (3, 6), (4, 5), (4, 6), (7, 0), (7, 6)], [(0, 3), (0, 4), (0, 6), (7, 0), (1, 2), (1, 3), (7, 1), (4, 3), (6, 3), (4, 5), (4, 6), (7, 6)], [(0, 3), (0, 4), (7, 0), (1, 2), (1, 3), (7, 1), (3, 6), (4, 5), (4, 6)], [(0, 3), (0, 4), (0, 6), (1, 2), (1, 3), (4, 3), (4, 5), (4, 6), (6, 3), (7, 0), (7, 1), (7, 6)]], [[(1, 0), (1, 3), (1, 4), (1, 6), (2, 1), (2, 4), (2, 6), (2, 7), (4, 6), (5, 1), (5, 3), (5, 4), (5, 7), (7, 3), (7, 4), (7, 6)], [(0, 1), (1, 2), (1, 4), (1, 5), (2, 6), (2, 7), (3, 5), (4, 6), (5, 4), (5, 7)], [(0, 1), (1, 2), (1, 5), (4, 1), (4, 5), (4, 6), (5, 3), (5, 7), (6, 2), (7, 2), (7, 3)], [(1, 0), (1, 2), (1, 3), (1, 5), (2, 4), (6, 2), (7, 2), (5, 3), (7, 3), (4, 5), (6, 4), (7, 4), (7, 5), (7, 6)], [(1, 0), (1, 2), (1, 4), (1, 5), (6, 2), (7, 2), (5, 3), (4, 5), (6, 4), (5, 7)], [(1, 0), (1, 2), (1, 5), (3, 5), (4, 2), (4, 3), (4, 5), (4, 7), (6, 2), (6, 4), (7, 2), (7, 5)]], [[(0, 6), (1, 0), (1, 6), (2, 4), (3, 0), (3, 1), (3, 2), (3, 4), (3, 5), (5, 0), (5, 1), (5, 2), (5, 4), (5, 7), (6, 4), (7, 1), (7, 2)], [(0, 3), (0, 5), (1, 0), (1, 6), (2, 3), (2, 5), (5, 4), (6, 0), (7, 1), (7, 5)], [(0, 3), (0, 5), (1, 0), (1, 6), (1, 7), (2, 3), (2, 4), (2, 5), (5, 4), (6, 0), (7, 5)], [(0, 1), (3, 0), (5, 0), (0, 6), (2, 1), (3, 1), (5, 1), (1, 6), (1, 7), (2, 3), (2, 4), (5, 2), (2, 7), (3, 4), (3, 7), (5, 4), (6, 4), (5, 7)], [(0, 1), (3, 0), (5, 0), (0, 6), (1, 6), (7, 1), (2, 3), (2, 5), (5, 4), (7, 5)], [(1, 0), (1, 2), (1, 7), (2, 7), (3, 0), (3, 5), (3, 7), (4, 5), (5, 0), (5, 2), (5, 7), (6, 0), (6, 1), (6, 3), (6, 5)]], [[(0, 3), (0, 7), (1, 2), (1, 3), (1, 5), (2, 3), (2, 5), (2, 7), (3, 4), (3, 7), (4, 6), (5, 4)], [(0, 3), (0, 7), (1, 2), (2, 3), (2, 7), (3, 4), (4, 6), (5, 1), (5, 2), (5, 4)], [(0, 2), (0, 3), (0, 7), (1, 2), (2, 7), (3, 2), (3, 4), (4, 6), (5, 1), (5, 2), (5, 4)], [(2, 0), (3, 0), (7, 0), (2, 1), (3, 1), (5, 1), (3, 2), (4, 2), (2, 5), (7, 2), (3, 4), (3, 5), (7, 3), (4, 5), (4, 6)], [(3, 0), (0, 7), (1, 2), (1, 5), (3, 2), (2, 5), (2, 7), (3, 4), (5, 4), (4, 6)], [(0, 7), (1, 2), (1, 5), (2, 5), (2, 7), (3, 0), (3, 2), (3, 4), (3, 7), (4, 6), (5, 4)]], [[(0, 1), (0, 2), (0, 6), (0, 7), (1, 2), (1, 3), (2, 4), (3, 2), (5, 6), (5, 7), (6, 4), (6, 7), (7, 1), (7, 2), (7, 3)], [(0, 1), (0, 2), (0, 7), (1, 3), (2, 4), (2, 7), (3, 7), (5, 7), (6, 4), (6, 5)], [(0, 1), (2, 4), (2, 7), (3, 1), (3, 7), (4, 0), (6, 4), (6, 5), (7, 0), (7, 5)], [(0, 1), (2, 0), (0, 6), (0, 7), (3, 1), (1, 7), (2, 4), (2, 7), (3, 7), (6, 4), (6, 5), (7, 5)], [(0, 1), (2, 0), (0, 7), (3, 1), (2, 4), (2, 7), (3, 7), (6, 4), (6, 5), (7, 5)], [(0, 1), (0, 2), (0, 4), (0, 7), (1, 7), (2, 7), (3, 1), (3, 7), (4, 2), (6, 0), (6, 2), (6, 4), (6, 5), (7, 5)]], [[(0, 1), (1, 2), (1, 4), (1, 7), (2, 7), (3, 0), (3, 2), (3, 4), (3, 5), (3, 7), (5, 0), (5, 1), (5, 2), (5, 7), (6, 0), (6, 1)], [(1, 4), (1, 5), (2, 5), (3, 0), (3, 2), (4, 0), (6, 0), (7, 3), (7, 5)], [(1, 4), (1, 5), (2, 3), (2, 5), (3, 0), (4, 0), (5, 7), (6, 0), (7, 3)], [(1, 0), (3, 0), (6, 0), (3, 1), (4, 1), (1, 5), (3, 2), (2, 5), (7, 3), (7, 5)], [(3, 0), (4, 0), (6, 0), (1, 4), (1, 5), (2, 3), (2, 5), (7, 3), (5, 7)], [(1, 0), (1, 5), (2, 5), (3, 0), (3, 1), (3, 2), (4, 1), (6, 0), (7, 3), (7, 5)]], [[(1, 0), (2, 0), (2, 4), (2, 5), (2, 6), (2, 7), (3, 0), (3, 1), (3, 5), (3, 6), (3, 7), (4, 0), (4, 1), (4, 3), (5, 0), (5, 1), (6, 7)], [(0, 2), (0, 5), (1, 0), (3, 1), (3, 5), (4, 1), (4, 2), (4, 3), (6, 3), (6, 5), (7, 3), (7, 5)], [(0, 5), (1, 0), (1, 3), (2, 0), (2, 4), (3, 5), (3, 6), (3, 7), (4, 1), (4, 3), (5, 6), (5, 7)], [(1, 0), (0, 2), (0, 4), (0, 5), (7, 0), (1, 2), (3, 1), (1, 4), (7, 1), (3, 2), (2, 4), (2, 5), (2, 6), (7, 2), (3, 4), (3, 5), (3, 6), (7, 3), (7, 6)], [(1, 0), (2, 0), (0, 5), (3, 1), (4, 1), (4, 2), (4, 3), (3, 5), (3, 6), (3, 7), (5, 6), (5, 7)], [(0, 1), (0, 5), (2, 0), (2, 3), (2, 4), (2, 5), (3, 0), (3, 1), (3, 4), (3, 5), (4, 1), (6, 3), (7, 3)]], [[(0, 5), (1, 0), (1, 5), (1, 7), (3, 1), (3, 2), (3, 4), (3, 5), (3, 7), (4, 0), (4, 2), (5, 2), (6, 1), (6, 2), (6, 4), (6, 7), (7, 0), (7, 2), (7, 4), (7, 5)], [(0, 5), (1, 5), (1, 6), (2, 0), (2, 5), (2, 6), (3, 5), (3, 7), (4, 0), (4, 6), (4, 7), (7, 2)], [(0, 2), (0, 4), (0, 5), (1, 5), (2, 5), (2, 7), (4, 1), (4, 3), (4, 6), (5, 3), (6, 1), (6, 2), (6, 7), (7, 3)], [(0, 1), (2, 0), (0, 3), (4, 0), (0, 5), (2, 1), (3, 1), (4, 1), (5, 1), (6, 1), (2, 3), (2, 4), (2, 5), (6, 2), (7, 2), (5, 3), (6, 3), (7, 3), (4, 5), (6, 4), (6, 5), (7, 5), (7, 6)], [(2, 0), (4, 0), (0, 5), (1, 5), (6, 1), (2, 5), (2, 6), (7, 2), (3, 5), (3, 7), (4, 6), (4, 7)], [(0, 4), (1, 0), (1, 4), (1, 5), (1, 6), (2, 5), (2, 6), (3, 0), (3, 4), (3, 5), (3, 6), (3, 7), (4, 6), (5, 0), (7, 0), (7, 2), (7, 4), (7, 5), (7, 6)]], [[(0, 3), (0, 4), (1, 2), (1, 4), (2, 0), (5, 6), (6, 0), (6, 1), (6, 3), (6, 4), (7, 1), (7, 2), (7, 3), (7, 4)], [(0, 3), (1, 6), (2, 0), (2, 1), (4, 1), (5, 6), (6, 3), (7, 1), (7, 3), (7, 4)], [(0, 3), (1, 2), (2, 0), (4, 1), (4, 7), (5, 6), (6, 1), (6, 3), (7, 1), (7, 3)], [(2, 0), (3, 0), (0, 4), (7, 0), (1, 2), (3, 1), (1, 4), (1, 6), (1, 7), (2, 7), (3, 6), (3, 7), (6, 4), (7, 4), (6, 5), (7, 6)], [(2, 0), (0, 3), (1, 2), (1, 4), (1, 6), (7, 1), (3, 6), (7, 3), (7, 4), (6, 5)], [(0, 2), (0, 3), (1, 2), (4, 0), (4, 1), (4, 7), (6, 1), (6, 3), (6, 5), (7, 1), (7, 2), (7, 3)]], [[(0, 2), (0, 3), (1, 0), (1, 3), (4, 2), (5, 2), (6, 7), (7, 0), (7, 3)], [(0, 2), (1, 3), (3, 0), (4, 2), (5, 2), (7, 0), (7, 3), (7, 6)], [(0, 2), (1, 3), (3, 0), (4, 2), (5, 2), (6, 7), (7, 0), (7, 3)], [(2, 0), (0, 3), (4, 0), (5, 0), (0, 7), (3, 1), (1, 7), (2, 4), (5, 2), (3, 7), (7, 6)], [(0, 2), (3, 0), (7, 0), (1, 3), (4, 2), (5, 2), (7, 3), (7, 6)], [(0, 2), (0, 3), (1, 0), (1, 3), (4, 2), (5, 2), (7, 0), (7, 3), (7, 6)]], [[(0, 3), (0, 5), (0, 6), (1, 3), (1, 5), (1, 6), (2, 3), (2, 6), (3, 6), (4, 3), (4, 6), (4, 7), (5, 3), (5, 7), (6, 7)], [(0, 5), (1, 5), (2, 3), (3, 4), (3, 5), (3, 6), (4, 7), (5, 7), (6, 7)], [(0, 5), (2, 3), (4, 3), (4, 7), (5, 1), (5, 3), (5, 7), (6, 1), (6, 3), (7, 6)], [(0, 5), (1, 5), (2, 3), (4, 3), (5, 3), (6, 3), (4, 7), (6, 5), (5, 7), (6, 7)], [(0, 5), (1, 5), (2, 3), (4, 3), (5, 3), (6, 3), (4, 7), (5, 7), (7, 6)], [(0, 5), (1, 5), (2, 3), (4, 3), (4, 7), (5, 3), (5, 7), (6, 3), (6, 5), (6, 7)]], [[(0, 4), (2, 0), (2, 3), (2, 7), (3, 0), (3, 1), (3, 4), (4, 1), (4, 5), (6, 7), (7, 0), (7, 4)], [(0, 3), (0, 4), (1, 3), (1, 4), (2, 3), (2, 7), (3, 4), (4, 5), (6, 7), (7, 0)], [(0, 3), (0, 4), (0, 7), (2, 3), (2, 4), (3, 1), (3, 4), (4, 1), (4, 5), (7, 2), (7, 6)], [(3, 0), (4, 0), (7, 0), (3, 1), (1, 4), (2, 3), (2, 4), (2, 7), (3, 4), (4, 5), (6, 7)], [(3, 0), (4, 0), (7, 0), (3, 1), (4, 1), (2, 3), (2, 7), (3, 4), (4, 5), (6, 7)], [(1, 3), (2, 3), (2, 7), (3, 0), (4, 0), (4, 1), (4, 2), (4, 3), (4, 5), (6, 7), (7, 0)]], [[(0, 1), (0, 4), (1, 4), (1, 5), (3, 1), (3, 4), (3, 5), (3, 6), (4, 2), (4, 5), (6, 0), (7, 0), (7, 6)], [(0, 6), (1, 0), (3, 1), (3, 6), (4, 0), (4, 1), (4, 2), (5, 1), (7, 6)], [(0, 1), (1, 5), (2, 4), (3, 1), (3, 6), (4, 0), (4, 1), (4, 3), (6, 0), (7, 6)], [(0, 1), (3, 0), (0, 4), (0, 6), (3, 1), (1, 4), (1, 5), (4, 2), (3, 4), (3, 5), (3, 6), (5, 4), (7, 6)], [(1, 0), (4, 0), (0, 6), (3, 1), (4, 1), (1, 5), (4, 2), (3, 6), (7, 6)], [(0, 1), (0, 3), (0, 4), (0, 5), (0, 6), (1, 4), (3, 1), (3, 4), (3, 6), (4, 2), (5, 1), (5, 4), (7, 6)]], [[(0, 1), (0, 4), (0, 5), (0, 7), (1, 2), (4, 1), (4, 2), (4, 3), (5, 1), (5, 2), (5, 3), (5, 4), (5, 7), (6, 1), (6, 5), (6, 7), (7, 1), (7, 2)], [(0, 1), (0, 4), (0, 5), (0, 7), (1, 5), (1, 6), (2, 5), (3, 4), (5, 3), (5, 4), (6, 7)], [(0, 1), (0, 4), (0, 5), (0, 7), (4, 3), (4, 5), (5, 1), (5, 2), (5, 3), (6, 1), (6, 2), (6, 7)], [(1, 0), (3, 0), (0, 4), (0, 5), (7, 0), (1, 3), (1, 4), (1, 5), (1, 6), (2, 3), (2, 4), (2, 5), (6, 2), (7, 2), (3, 4), (3, 5), (4, 5), (7, 4), (7, 6)], [(0, 1), (0, 4), (0, 5), (0, 7), (1, 5), (6, 1), (2, 5), (4, 3), (5, 3), (5, 4), (6, 7)], [(1, 0), (1, 5), (1, 6), (2, 4), (2, 5), (2, 7), (4, 0), (5, 0), (5, 3), (5, 4), (7, 0), (7, 4), (7, 6)]], [[(0, 2), (0, 7), (3, 1), (3, 2), (3, 5), (5, 2), (5, 4), (6, 3), (6, 4), (7, 3), (7, 4), (7, 5)], [(0, 2), (2, 3), (3, 1), (3, 6), (5, 3), (5, 4), (6, 4), (7, 0), (7, 5)], [(0, 2), (0, 7), (1, 3), (2, 5), (3, 2), (3, 5), (3, 6), (5, 4), (5, 7), (6, 4)], [(0, 2), (5, 0), (0, 7), (3, 1), (3, 2), (5, 2), (5, 3), (3, 6), (3, 7), (5, 4), (6, 4), (7, 4), (5, 7), (7, 6)], [(0, 2), (7, 0), (3, 1), (3, 2), (5, 3), (3, 6), (5, 4), (6, 4), (7, 5)], [(0, 2), (3, 1), (3, 2), (4, 5), (4, 6), (5, 2), (5, 3), (5, 6), (6, 3), (7, 0), (7, 5), (7, 6)]], [[(2, 0), (2, 3), (3, 1), (4, 0), (4, 2), (4, 3), (6, 4), (7, 0), (7, 4)], [(2, 0), (3, 1), (3, 4), (4, 0), (6, 4), (7, 0), (7, 4)], [(0, 2), (0, 7), (1, 3), (3, 4), (4, 0), (4, 6), (4, 7)], [(2, 0), (3, 0), (0, 4), (7, 0), (3, 1), (3, 4), (4, 6), (7, 4), (7, 6)], [(2, 0), (0, 4), (7, 0), (3, 1), (4, 3), (4, 6), (7, 4)], [(0, 4), (0, 6), (2, 0), (3, 0), (3, 1), (3, 4), (3, 6), (6, 4), (7, 0), (7, 4), (7, 6)]], [[(0, 3), (1, 0), (2, 0), (2, 1), (2, 3), (2, 7), (4, 0), (4, 1), (4, 2), (4, 6), (4, 7), (5, 2), (5, 6), (6, 0), (6, 1), (6, 3), (6, 7), (7, 0), (7, 3)], [(0, 4), (0, 6), (0, 7), (1, 2), (1, 4), (1, 6), (2, 4), (2, 7), (3, 7), (5, 2), (6, 7)], [(0, 4), (1, 2), (1, 4), (1, 6), (2, 4), (2, 5), (2, 7), (3, 7), (4, 5), (6, 0), (6, 7), (7, 0)], [(0, 1), (3, 0), (0, 4), (6, 0), (7, 0), (4, 1), (6, 1), (2, 4), (2, 5), (2, 7), (6, 3), (3, 7), (5, 4), (6, 4), (6, 5), (6, 7)], [(0, 4), (0, 6), (0, 7), (1, 2), (1, 4), (1, 6), (2, 4), (5, 2), (2, 7), (7, 3), (6, 7)], [(0, 2), (0, 3), (0, 4), (0, 6), (0, 7), (1, 4), (1, 6), (2, 5), (2, 7), (3, 7), (4, 2), (6, 5), (6, 7)]], [[(0, 1), (0, 6), (3, 2), (4, 6), (5, 1), (6, 3), (6, 5), (7, 1), (7, 5), (7, 6)], [(0, 1), (0, 6), (1, 5), (1, 7), (3, 2), (4, 6), (5, 6), (6, 3), (6, 7)], [(1, 0), (1, 5), (1, 7), (3, 2), (5, 6), (6, 0), (6, 3), (6, 4), (7, 6)], [(0, 1), (2, 0), (0, 5), (0, 6), (0, 7), (5, 1), (1, 7), (2, 3), (4, 2), (2, 6), (4, 3), (6, 3), (4, 5), (4, 6), (4, 7), (5, 6), (5, 7), (7, 6)], [(0, 1), (0, 6), (5, 1), (7, 1), (3, 2), (6, 3), (4, 6), (6, 5), (7, 6)], [(0, 1), (0, 6), (3, 2), (4, 6), (5, 1), (6, 3), (6, 5), (7, 1), (7, 5), (7, 6)]], [[(0, 3), (1, 0), (1, 3), (1, 5), (2, 0), (2, 1), (2, 5), (2, 6), (2, 7), (4, 0), (4, 1), (4, 3), (5, 0), (5, 3), (5, 7), (6, 0), (6, 1), (6, 3)], [(0, 1), (0, 2), (0, 3), (1, 6), (2, 7), (3, 6), (4, 1), (4, 3), (5, 2), (5, 7)], [(0, 1), (0, 2), (0, 3), (1, 4), (2, 7), (4, 3), (5, 2), (5, 7), (6, 1), (6, 3)], [(1, 0), (0, 2), (0, 3), (0, 5), (0, 7), (4, 1), (1, 6), (4, 2), (2, 5), (2, 7), (4, 3), (5, 3), (3, 6), (4, 5), (7, 5)], [(0, 1), (0, 2), (0, 3), (4, 1), (1, 6), (5, 2), (2, 7), (3, 4), (3, 6), (5, 7)], [(0, 2), (0, 3), (1, 0), (1, 4), (1, 6), (2, 7), (3, 6), (4, 2), (4, 3), (5, 2), (5, 3), (5, 7)]], [[(0, 1), (0, 2), (0, 6), (2, 1), (2, 4), (2, 6), (3, 2), (3, 6), (5, 1), (5, 4), (5, 7), (6, 7)], [(0, 1), (0, 2), (0, 6), (2, 3), (2, 4), (3, 6), (4, 5), (5, 1), (5, 7), (6, 7)], [(0, 1), (0, 2), (0, 6), (2, 4), (3, 2), (3, 6), (5, 1), (5, 4), (5, 7), (6, 7)], [(0, 1), (0, 2), (0, 6), (1, 2), (3, 1), (5, 1), (1, 6), (3, 2), (2, 4), (5, 2), (6, 2), (3, 6), (5, 4), (5, 7), (6, 7)], [(1, 0), (2, 0), (0, 6), (1, 5), (2, 3), (2, 4), (6, 3), (5, 4), (5, 7), (6, 7)], [(0, 1), (2, 0), (2, 1), (2, 3), (2, 4), (2, 6), (5, 1), (5, 4), (5, 7), (6, 0), (6, 3), (6, 7)]], [[(0, 3), (0, 4), (0, 5), (0, 6), (0, 7), (2, 5), (2, 7), (3, 2), (3, 4), (3, 7), (4, 1), (4, 5), (4, 6), (4, 7), (5, 7), (6, 1), (6, 2), (6, 5), (6, 7)], [(0, 3), (0, 6), (1, 4), (2, 3), (3, 7), (4, 0), (4, 5), (4, 6), (5, 0), (6, 2), (6, 7)], [(0, 3), (0, 4), (0, 5), (0, 6), (2, 5), (3, 2), (3, 7), (4, 1), (4, 5), (4, 6), (6, 2), (6, 7), (7, 5)], [(0, 2), (3, 0), (4, 0), (5, 0), (0, 6), (0, 7), (4, 1), (1, 6), (3, 2), (4, 2), (5, 2), (6, 2), (7, 2), (4, 3), (3, 7), (5, 4), (4, 6), (4, 7), (5, 6), (5, 7), (6, 7)], [(3, 0), (0, 4), (5, 0), (0, 6), (4, 1), (3, 2), (6, 2), (3, 7), (5, 4), (6, 4), (6, 7)], [(0, 5), (2, 5), (3, 0), (3, 2), (3, 6), (3, 7), (4, 0), (4, 1), (4, 5), (6, 0), (6, 2), (6, 4), (6, 7), (7, 5)]], [[(0, 1), (0, 2), (0, 3), (0, 7), (1, 4), (1, 5), (3, 5), (5, 4), (5, 7), (6, 2), (6, 5)], [(0, 1), (0, 2), (0, 3), (1, 4), (3, 5), (5, 4), (6, 2), (6, 5), (7, 0)], [(0, 1), (0, 2), (0, 3), (0, 7), (1, 4), (3, 5), (5, 4), (6, 2), (6, 5), (6, 7)], [(0, 1), (0, 2), (3, 0), (0, 7), (1, 4), (1, 5), (6, 2), (3, 5), (3, 7), (5, 4), (6, 5), (6, 7)], [(0, 1), (0, 2), (0, 3), (7, 0), (1, 4), (6, 2), (3, 5), (5, 4), (6, 5)], [(0, 2), (0, 3), (0, 7), (1, 0), (1, 4), (1, 5), (3, 5), (5, 4), (6, 2), (6, 5)]], [[(0, 6), (1, 3), (2, 0), (2, 1), (2, 3), (2, 4), (2, 6), (2, 7), (3, 0), (3, 6), (3, 7), (5, 0), (5, 1), (5, 4), (5, 6), (6, 4), (7, 4), (7, 6)], [(0, 3), (0, 5), (0, 6), (2, 1), (2, 3), (2, 4), (3, 1), (3, 7), (4, 5), (4, 6), (5, 1), (6, 7)], [(0, 5), (0, 6), (1, 2), (1, 3), (1, 5), (2, 3), (2, 4), (2, 7), (3, 0), (3, 7), (4, 5), (6, 4), (7, 6)], [(3, 0), (0, 5), (0, 6), (2, 1), (3, 1), (5, 1), (2, 3), (2, 4), (7, 2), (3, 6), (7, 3), (4, 5), (4, 6), (7, 6)], [(3, 0), (5, 0), (0, 6), (2, 1), (1, 3), (5, 1), (2, 3), (2, 4), (3, 7), (5, 4), (6, 4), (7, 6)], [(0, 2), (0, 3), (0, 4), (0, 5), (0, 6), (2, 1), (2, 3), (2, 7), (3, 1), (3, 6), (3, 7), (4, 2), (4, 5), (4, 6), (5, 1), (7, 6)]], [[(1, 3), (2, 0), (2, 5), (3, 0), (3, 4), (3, 5)], [(2, 0), (2, 5), (3, 0), (3, 1), (3, 4), (3, 5)], [(1, 3), (2, 0), (2, 5), (3, 0), (3, 4), (3, 5)], [(2, 0), (3, 0), (3, 1), (2, 5), (3, 4), (3, 5)], [(2, 0), (3, 0), (3, 1), (2, 5), (3, 4), (3, 5)], [(2, 0), (2, 5), (3, 0), (3, 1), (3, 4), (3, 5)]], [[(0, 2), (0, 3), (0, 5), (1, 2), (1, 5), (1, 6), (1, 7), (3, 2), (4, 0), (4, 2), (4, 7), (5, 3), (6, 2), (6, 4), (7, 0)], [(0, 3), (0, 5), (1, 5), (1, 6), (1, 7), (2, 6), (3, 2), (3, 5), (4, 0), (4, 6), (4, 7), (7, 0)], [(0, 4), (0, 5), (0, 7), (1, 5), (2, 3), (2, 6), (3, 0), (3, 5), (4, 6), (6, 1), (7, 1), (7, 4)], [(1, 0), (2, 0), (4, 0), (0, 5), (6, 0), (7, 0), (2, 1), (1, 3), (1, 4), (1, 5), (1, 6), (7, 1), (2, 3), (2, 4), (2, 6), (4, 3), (3, 5), (6, 3), (6, 4), (7, 4)], [(0, 3), (4, 0), (0, 5), (7, 0), (1, 5), (6, 1), (1, 7), (3, 2), (6, 2), (5, 3), (6, 4), (4, 7)], [(0, 1), (0, 2), (0, 3), (0, 5), (0, 7), (1, 2), (1, 5), (1, 6), (1, 7), (3, 2), (4, 0), (4, 2), (4, 6), (4, 7), (5, 3), (6, 2)]], [[(0, 1), (0, 2), (0, 4), (1, 4), (1, 6), (2, 1), (2, 3), (2, 4), (2, 5), (2, 6), (3, 7), (5, 1), (5, 4), (5, 6), (5, 7), (6, 3), (6, 7)], [(0, 1), (0, 4), (1, 6), (2, 0), (3, 2), (3, 6), (5, 1), (5, 4), (5, 6), (7, 3), (7, 6)], [(0, 1), (0, 2), (0, 4), (1, 6), (3, 2), (3, 7), (5, 1), (5, 4), (5, 6), (6, 3), (6, 7)], [(1, 0), (2, 0), (4, 0), (5, 1), (1, 6), (2, 3), (2, 5), (2, 6), (6, 3), (3, 7), (4, 5), (5, 6), (5, 7), (6, 7)], [(1, 0), (2, 0), (4, 0), (5, 1), (6, 1), (3, 2), (3, 6), (7, 3), (5, 4), (5, 6), (7, 6)], [(1, 0), (2, 0), (3, 2), (3, 6), (3, 7), (4, 0), (5, 1), (5, 4), (5, 7), (6, 1), (6, 5), (6, 7)]], [[(0, 4), (1, 2), (1, 4), (3, 2), (3, 5), (3, 6), (3, 7), (4, 7)], [(0, 4), (1, 2), (1, 4), (3, 2), (3, 5), (3, 6), (3, 7), (4, 7)], [(0, 4), (1, 2), (1, 4), (3, 2), (3, 5), (3, 6), (3, 7), (4, 7)], [(0, 4), (1, 2), (1, 4), (3, 2), (3, 5), (3, 6), (3, 7), (4, 7)], [(0, 4), (1, 2), (1, 4), (3, 2), (3, 5), (3, 6), (3, 7), (4, 7)], [(1, 0), (1, 2), (1, 4), (3, 2), (3, 5), (3, 6), (3, 7), (4, 0), (4, 7)]], [[(1, 0), (2, 3), (2, 4), (2, 5), (3, 1), (4, 1), (4, 3), (5, 3), (5, 4), (5, 6), (5, 7), (6, 3), (6, 4), (6, 7), (7, 3)], [(1, 0), (1, 3), (1, 4), (2, 3), (2, 5), (4, 5), (6, 5), (7, 4), (7, 5)], [(1, 0), (2, 3), (2, 4), (2, 5), (3, 1), (3, 7), (4, 1), (5, 4), (5, 6), (5, 7), (6, 7)], [(1, 0), (1, 3), (4, 1), (3, 2), (4, 2), (5, 2), (3, 5), (3, 6), (4, 5), (7, 4), (6, 5), (7, 5), (7, 6)], [(1, 0), (1, 3), (4, 1), (3, 2), (2, 5), (4, 5), (4, 7), (5, 6), (5, 7)], [(1, 0), (1, 3), (1, 4), (2, 5), (2, 6), (3, 2), (3, 5), (4, 5), (4, 7), (6, 5), (7, 2), (7, 5)]], [[(1, 0), (3, 1), (4, 1), (4, 2), (4, 5), (4, 6), (5, 1), (6, 1), (6, 2), (7, 1), (7, 6)], [(1, 0), (1, 6), (1, 7), (2, 6), (2, 7), (3, 1), (4, 5), (4, 6), (7, 6)], [(0, 1), (1, 3), (1, 6), (1, 7), (2, 6), (4, 5), (4, 6), (7, 2), (7, 6)], [(0, 1), (0, 2), (4, 0), (2, 1), (1, 3), (4, 1), (1, 5), (1, 6), (1, 7), (2, 3), (2, 6), (2, 7), (5, 3), (3, 6), (7, 3), (4, 5), (4, 6), (5, 6), (7, 6)], [(1, 0), (3, 1), (6, 1), (7, 1), (2, 6), (7, 2), (4, 5), (4, 6), (7, 6)], [(1, 0), (2, 6), (2, 7), (3, 1), (4, 1), (4, 5), (4, 6), (5, 1), (6, 1), (7, 1), (7, 6)]], [[(3, 1), (3, 2), (3, 4), (3, 5), (4, 0), (5, 2), (5, 6), (7, 0), (7, 1), (7, 2), (7, 4), (7, 6)], [(0, 7), (1, 7), (2, 3), (2, 7), (3, 1), (3, 4), (4, 0), (5, 2), (5, 3), (5, 6), (6, 7)], [(1, 3), (1, 7), (3, 2), (3, 4), (3, 5), (4, 0), (5, 2), (5, 6), (7, 0), (7, 2), (7, 6)], [(2, 0), (0, 4), (6, 0), (0, 7), (3, 1), (7, 1), (2, 3), (2, 4), (2, 5), (6, 2), (2, 7), (4, 3), (3, 5), (6, 3), (7, 3), (4, 7), (6, 5), (7, 5), (6, 7)], [(4, 0), (7, 0), (1, 3), (1, 7), (2, 3), (2, 5), (2, 7), (3, 4), (3, 5), (5, 6), (7, 6)], [(0, 4), (3, 0), (3, 1), (3, 2), (3, 4), (5, 2), (5, 3), (5, 6), (7, 0), (7, 1), (7, 2), (7, 4), (7, 6)]], [[(0, 1), (0, 2), (1, 2), (2, 4), (3, 1), (3, 4), (3, 6), (4, 5), (6, 2), (6, 5), (7, 2), (7, 4)], [(0, 2), (1, 0), (1, 2), (2, 4), (3, 4), (3, 6), (4, 5), (5, 6), (7, 2), (7, 4)], [(0, 1), (0, 2), (1, 2), (2, 4), (3, 4), (3, 6), (4, 5), (6, 5), (7, 2), (7, 4)], [(1, 0), (0, 2), (0, 3), (1, 2), (1, 3), (1, 4), (1, 6), (2, 3), (4, 2), (2, 6), (7, 2), (4, 3), (6, 3), (7, 3), (4, 5), (4, 6), (7, 4), (6, 5)], [(1, 0), (0, 2), (1, 2), (2, 4), (7, 2), (3, 4), (6, 3), (4, 5), (7, 4), (6, 5)], [(0, 1), (0, 2), (1, 2), (2, 4), (3, 1), (3, 4), (4, 5), (6, 2), (6, 3), (6, 5), (7, 2), (7, 4)]], [[(0, 1), (1, 3), (2, 1), (2, 7), (4, 3), (4, 5), (5, 3), (6, 3), (6, 7)], [(0, 1), (1, 3), (2, 1), (2, 7), (4, 3), (5, 3), (5, 4), (6, 3), (6, 7)], [(0, 1), (1, 3), (2, 1), (2, 7), (4, 3), (4, 5), (5, 3), (6, 3), (6, 7)], [(1, 0), (2, 0), (1, 2), (3, 1), (4, 1), (5, 1), (6, 1), (2, 7), (3, 4), (5, 3), (6, 3), (5, 4), (6, 7)], [(0, 1), (2, 1), (1, 3), (2, 7), (4, 3), (5, 3), (6, 3), (5, 4), (6, 7)], [(0, 1), (1, 3), (2, 1), (2, 7), (4, 3), (4, 5), (5, 3), (6, 3), (6, 7)]], [[(0, 5), (2, 0), (2, 5), (2, 7), (3, 0), (3, 7), (4, 0), (4, 1), (4, 6), (5, 1)], [(2, 0), (3, 0), (4, 0), (4, 1), (5, 0), (5, 1), (5, 2), (6, 4), (7, 2), (7, 3)], [(1, 4), (1, 5), (2, 0), (2, 7), (3, 0), (3, 7), (4, 0), (4, 6), (5, 0), (5, 2)], [(2, 0), (3, 0), (4, 0), (0, 5), (4, 1), (5, 1), (2, 5), (2, 7), (3, 7), (6, 4)], [(2, 0), (3, 0), (4, 0), (5, 0), (1, 4), (5, 1), (2, 5), (2, 7), (3, 7), (4, 6)], [(0, 5), (2, 0), (2, 5), (2, 7), (3, 0), (3, 7), (4, 0), (4, 1), (4, 6), (5, 1)]], [[(0, 1), (0, 4), (0, 5), (0, 7), (1, 4), (2, 5), (3, 1), (3, 6), (3, 7), (5, 1), (5, 6), (5, 7), (6, 1), (6, 4), (7, 1), (7, 4)], [(0, 1), (0, 7), (1, 4), (1, 6), (3, 6), (3, 7), (4, 7), (5, 2), (5, 4), (5, 6)], [(0, 1), (0, 7), (1, 4), (1, 6), (3, 1), (3, 6), (3, 7), (4, 5), (5, 2), (5, 6), (7, 4)], [(1, 0), (0, 2), (0, 3), (4, 0), (5, 0), (0, 7), (1, 3), (1, 4), (1, 6), (5, 2), (5, 3), (6, 3), (7, 3), (5, 4), (4, 6), (4, 7), (5, 6), (7, 6)], [(0, 1), (0, 7), (4, 1), (1, 6), (5, 2), (3, 6), (3, 7), (4, 5), (4, 7), (5, 6)], [(0, 1), (0, 5), (0, 7), (2, 5), (3, 1), (3, 6), (3, 7), (4, 1), (4, 7), (5, 1), (5, 4), (5, 6), (6, 1)]], [[(0, 1), (0, 5), (1, 2), (1, 6), (3, 4), (3, 6), (3, 7), (4, 2), (5, 2), (5, 4), (7, 1), (7, 2), (7, 5)], [(0, 1), (0, 5), (1, 2), (1, 6), (2, 5), (3, 4), (3, 6), (4, 5), (7, 3)], [(0, 1), (0, 5), (1, 2), (1, 6), (3, 4), (3, 6), (3, 7), (4, 2), (5, 2), (5, 4)], [(1, 0), (0, 2), (0, 3), (0, 5), (0, 7), (1, 2), (1, 3), (4, 1), (1, 5), (1, 6), (1, 7), (4, 2), (2, 5), (2, 7), (4, 3), (3, 5), (3, 6), (3, 7), (4, 5), (7, 5)], [(1, 0), (5, 0), (1, 2), (1, 6), (2, 5), (3, 4), (3, 6), (7, 3), (5, 4)], [(1, 0), (1, 2), (1, 6), (3, 4), (3, 6), (4, 2), (5, 0), (5, 1), (5, 2), (5, 4), (7, 0), (7, 1), (7, 2), (7, 3)]], [[(2, 1), (2, 3), (2, 4), (2, 5), (3, 4), (3, 5), (4, 1), (4, 5), (5, 0), (6, 1), (6, 3), (6, 4), (6, 5), (6, 7), (7, 1), (7, 4), (7, 5)], [(1, 7), (2, 1), (3, 2), (4, 1), (4, 3), (4, 5), (5, 0), (5, 6), (5, 7), (6, 1)], [(0, 5), (2, 1), (2, 3), (3, 4), (4, 1), (5, 4), (5, 6), (5, 7), (6, 1), (7, 1)], [(1, 0), (2, 0), (0, 4), (0, 5), (7, 0), (2, 1), (1, 3), (1, 4), (1, 5), (1, 6), (7, 1), (2, 3), (2, 6), (4, 3), (3, 5), (3, 6), (7, 3), (4, 5), (4, 6), (7, 4), (5, 6), (7, 5), (7, 6)], [(5, 0), (2, 1), (4, 1), (6, 1), (7, 1), (3, 2), (4, 3), (5, 4), (5, 6), (7, 5)], [(2, 1), (2, 3), (4, 1), (4, 2), (4, 3), (5, 0), (5, 3), (5, 4), (5, 6), (5, 7), (6, 1), (6, 3), (7, 1), (7, 3)]], [[(1, 0), (1, 2), (1, 6), (2, 3), (2, 6), (3, 0), (3, 4), (5, 7), (6, 3), (6, 5), (7, 4)], [(0, 3), (1, 0), (1, 2), (2, 3), (3, 4), (5, 6), (6, 2), (6, 3), (7, 4), (7, 5)], [(0, 1), (0, 3), (1, 2), (3, 2), (3, 4), (3, 6), (5, 7), (6, 2), (6, 5), (7, 4)], [(0, 1), (3, 0), (1, 2), (3, 2), (6, 2), (3, 4), (6, 3), (7, 4), (5, 6), (7, 5)], [(1, 0), (3, 0), (1, 2), (2, 3), (6, 2), (3, 4), (6, 3), (7, 4), (5, 6), (7, 5)], [(0, 1), (1, 2), (3, 0), (3, 2), (3, 4), (3, 6), (5, 7), (6, 2), (6, 5), (7, 4)]], [[(0, 2), (0, 6), (1, 0), (1, 2), (1, 4), (1, 5), (1, 6), (2, 6), (3, 0), (3, 2), (3, 5), (5, 2), (5, 6), (7, 2), (7, 5), (7, 6)], [(0, 1), (0, 2), (2, 3), (2, 6), (3, 5), (4, 1), (5, 1), (5, 6), (6, 1), (7, 2), (7, 5)], [(0, 1), (0, 2), (1, 4), (1, 5), (1, 6), (3, 2), (3, 5), (6, 2), (6, 5), (7, 2), (7, 5)], [(1, 0), (0, 2), (3, 0), (1, 4), (1, 5), (6, 1), (3, 2), (6, 2), (7, 2), (3, 5), (6, 5), (7, 5), (7, 6)], [(1, 0), (2, 0), (1, 4), (1, 5), (1, 6), (3, 2), (2, 6), (7, 2), (3, 5), (5, 6), (7, 5)], [(0, 2), (1, 0), (1, 5), (1, 6), (3, 0), (3, 2), (3, 5), (4, 1), (6, 2), (6, 5), (6, 7), (7, 2), (7, 5)]], [[(0, 2), (1, 3), (1, 5), (2, 1), (2, 3), (2, 5), (2, 7), (6, 1), (7, 1), (7, 4)], [(1, 3), (1, 5), (1, 7), (2, 0), (2, 3), (2, 5), (2, 7), (6, 1), (7, 4)], [(1, 3), (1, 5), (2, 0), (2, 3), (2, 5), (4, 7), (6, 1), (7, 1), (7, 2)], [(2, 0), (3, 1), (1, 5), (6, 1), (7, 1), (3, 2), (2, 5), (6, 2), (7, 2), (6, 3), (7, 4)], [(2, 0), (1, 3), (1, 5), (6, 1), (7, 1), (2, 3), (2, 5), (7, 2), (7, 4)], [(1, 3), (1, 5), (2, 0), (2, 1), (2, 3), (2, 5), (4, 7), (6, 1), (7, 1), (7, 2)]], [[(0, 5), (1, 0), (1, 2), (1, 5), (1, 7), (2, 4), (2, 5), (2, 7), (3, 6), (4, 0), (4, 7), (7, 0), (7, 5)], [(0, 1), (1, 7), (2, 1), (2, 4), (2, 5), (4, 0), (4, 7), (5, 1), (5, 7), (6, 3)], [(0, 1), (0, 4), (1, 7), (2, 1), (2, 5), (3, 6), (4, 2), (4, 7), (5, 1), (5, 7)], [(0, 1), (4, 0), (0, 5), (0, 7), (1, 2), (1, 5), (1, 7), (4, 2), (2, 5), (7, 2), (6, 3), (4, 7), (7, 5)], [(0, 1), (0, 4), (1, 2), (5, 1), (1, 7), (2, 4), (5, 2), (6, 3), (4, 7), (5, 7)], [(0, 1), (2, 1), (2, 7), (4, 0), (4, 2), (4, 5), (4, 7), (5, 1), (5, 2), (6, 3), (7, 1)]], [[(0, 2), (0, 7), (3, 0), (3, 2), (3, 7), (4, 0), (4, 2), (4, 3), (4, 7), (5, 0), (5, 2), (5, 3), (5, 6), (5, 7), (6, 2), (6, 3), (6, 7)], [(0, 3), (4, 0), (4, 2), (4, 3), (5, 3), (5, 6), (6, 2), (6, 3), (7, 2), (7, 3), (7, 6)], [(0, 3), (0, 4), (2, 3), (2, 7), (4, 2), (4, 3), (5, 3), (6, 2), (6, 5), (6, 7), (7, 3)], [(2, 0), (3, 0), (4, 0), (5, 0), (0, 6), (7, 0), (3, 2), (4, 2), (2, 6), (2, 7), (4, 3), (5, 3), (3, 7), (4, 6), (5, 6), (7, 6)], [(0, 3), (0, 4), (2, 4), (6, 2), (2, 7), (3, 4), (5, 3), (3, 6), (3, 7), (5, 6), (6, 7)], [(0, 3), (0, 4), (2, 3), (2, 4), (4, 3), (5, 3), (6, 0), (6, 2), (6, 4), (6, 5), (6, 7), (7, 2), (7, 3)]], [[(0, 2), (0, 3), (0, 4), (0, 7), (1, 4), (1, 7), (2, 1), (2, 3), (3, 4), (4, 5), (4, 7), (6, 3), (7, 5)], [(0, 3), (0, 4), (1, 4), (2, 0), (2, 1), (2, 3), (4, 5), (6, 3), (7, 4), (7, 5)], [(0, 3), (0, 4), (1, 2), (1, 4), (2, 0), (2, 3), (4, 5), (4, 7), (5, 7), (6, 3)], [(0, 1), (0, 2), (0, 3), (4, 0), (0, 6), (0, 7), (1, 2), (3, 1), (4, 1), (1, 7), (3, 2), (2, 6), (3, 6), (4, 5), (4, 7), (7, 5)], [(2, 0), (0, 3), (0, 4), (2, 1), (1, 4), (2, 3), (6, 3), (4, 5), (7, 4), (7, 5)], [(0, 2), (0, 3), (0, 4), (1, 4), (2, 1), (2, 3), (4, 5), (6, 3), (7, 4), (7, 5)]], [[(0, 4), (1, 0), (1, 4), (1, 7), (2, 0), (2, 4), (2, 5), (2, 7), (3, 4), (3, 6), (3, 7), (5, 0), (5, 6), (5, 7), (6, 0), (6, 4), (6, 7), (7, 0), (7, 4)], [(0, 5), (1, 4), (2, 4), (2, 5), (3, 6), (3, 7), (4, 7), (5, 6), (7, 0)], [(1, 4), (2, 4), (2, 5), (3, 4), (3, 6), (3, 7), (5, 0), (5, 6), (7, 0), (7, 4)], [(2, 0), (0, 4), (0, 5), (0, 7), (1, 4), (2, 3), (2, 4), (2, 5), (6, 2), (2, 7), (4, 3), (6, 3), (7, 3), (6, 4), (4, 7), (6, 5), (6, 7)], [(5, 0), (7, 0), (1, 4), (2, 4), (5, 2), (3, 6), (7, 3), (7, 4), (5, 6)], [(0, 3), (0, 4), (0, 7), (1, 4), (2, 4), (2, 5), (2, 7), (3, 6), (3, 7), (4, 7), (5, 0), (5, 3), (5, 6), (6, 4)]], [[(1, 6), (3, 0), (3, 6), (3, 7), (4, 0), (5, 0), (7, 5)], [(1, 6), (3, 0), (3, 6), (4, 0), (5, 0), (7, 3), (7, 5)], [(0, 3), (0, 4), (0, 5), (1, 6), (3, 6), (7, 3), (7, 5)], [(3, 0), (4, 0), (5, 0), (1, 6), (3, 6), (7, 3), (7, 5)], [(3, 0), (4, 0), (5, 0), (1, 6), (3, 6), (7, 3), (7, 5)], [(1, 6), (3, 0), (3, 6), (4, 0), (5, 0), (7, 3), (7, 5)]]]

