Number of nodes=8
Number of samples=10000
Cut of limit used=0.01
total_score_gis=-80726.73434553354

score_vector_gis=[-4023.56913396919, -4106.087761552756, -4089.1475985031616, -4010.4313394915916, -4002.1619544242353, -4039.0672285262144, -4062.907101002629, -4096.127962406663, -3982.141709796802, -3968.5167585001714, -3982.107861076668, -4070.237808072905, -4058.470990543942, -4048.163463002843, -4090.5414602235237, -3969.201140879484, -4027.7363194632835, -4073.8076522984984, -3972.4123403259173, -4053.896761473072]
step_vector_gis=[6, 39, 7, 2, 4, 10, 10, 15, 8, 1, 8, 12, 14, 2, 2, 5, 6, 6, 1, 2]

return_dags_vector=[['gis'], [[(2, 0), (7, 1), (6, 4), (7, 5)]], [[(6, 0), (1, 2), (1, 4), (7, 1), (4, 2), (6, 3), (5, 4), (6, 4), (7, 6)]], [[(4, 0), (1, 2), (7, 1), (4, 3), (6, 5)]], [[(1, 0), (6, 4)]], [[(0, 2), (5, 0), (4, 2), (7, 6)]], [[(0, 6), (1, 5), (7, 1), (5, 6)]], [[(6, 0), (3, 2), (2, 4), (7, 2), (3, 4), (5, 3)]], [[(4, 0), (6, 0), (7, 0), (4, 2), (6, 4)]], [[(0, 5), (1, 5), (7, 2), (3, 6), (4, 6)]], [[(7, 1)]], [[(4, 3), (5, 3), (6, 3), (6, 5)]], [[(4, 0), (5, 0), (7, 2), (7, 5)]], [[(1, 0), (2, 3), (2, 5), (4, 5), (5, 7), (7, 6)]], [[(7, 1), (4, 3)]], [[(4, 1), (6, 2)]], [[(2, 4), (3, 4), (4, 5)]], [[(3, 0), (5, 1), (6, 2), (5, 4)]], [[(7, 0), (1, 2), (1, 5), (6, 5)]], [[(6, 0)]], [[(4, 0), (6, 1)]]]

