Number of nodes=8
Number of samples=10000
Cut of limit used=0.001
total_score_pc=-434862.99394463864
total_score_mmhc=-420893.3796064895
total_score_greedySP=-409409.92177140317
total_score_ske=-422055.05621269403
total_score_true=-405745.9063270253
shd dist pc to true=[13, 7, 11, 5, 6, 0, 0, 10, 12, 4, 10, 9, 7, 10, 10, 13, 3, 7, 7, 8, 11, 9, 10, 5, 5, 12, 9, 2, 9, 2, 12, 5, 11, 2, 1, 3, 8, 9, 4, 6, 12, 5, 10, 9, 0, 8, 10, 1, 7, 2, 7, 11, 7, 11, 6, 8, 6, 8, 13, 6, 9, 7, 12, 15, 7, 2, 5, 8, 8, 13, 6, 7, 5, 6, 4, 6, 13, 6, 10, 0, 13, 12, 5, 7, 6, 10, 8, 0, 4, 7, 10, 12, 3, 9, 8, 10, 10, 2, 10, 0]
shd dist mmhc to true=[10, 4, 6, 4, 2, 2, 0, 6, 11, 9, 13, 14, 7, 5, 14, 14, 2, 15, 7, 17, 11, 10, 1, 5, 2, 7, 5, 0, 15, 4, 9, 0, 10, 7, 0, 5, 5, 7, 2, 5, 15, 13, 7, 5, 3, 10, 10, 5, 5, 5, 8, 7, 11, 10, 6, 9, 3, 8, 16, 4, 8, 7, 13, 18, 3, 2, 5, 10, 9, 15, 10, 9, 9, 7, 6, 6, 8, 3, 10, 0, 13, 11, 3, 15, 6, 6, 3, 0, 4, 7, 5, 7, 0, 3, 1, 5, 7, 2, 12, 5]
shd dist greedySP to true=[4, 12, 0, 4, 7, 0, 12, 3, 9, 15, 12, 14, 22, 8, 13, 3, 2, 11, 11, 21, 15, 11, 15, 6, 4, 12, 18, 7, 8, 7, 15, 4, 16, 2, 7, 9, 5, 9, 8, 10, 21, 11, 3, 12, 2, 12, 9, 7, 7, 5, 11, 8, 2, 5, 8, 7, 10, 12, 10, 4, 10, 3, 12, 23, 2, 7, 14, 7, 9, 12, 4, 7, 5, 3, 6, 3, 11, 8, 12, 2, 8, 4, 1, 15, 7, 2, 11, 2, 0, 12, 9, 9, 2, 14, 6, 13, 8, 3, 22, 4]
shd dist ske to true=[10, 4, 8, 4, 5, 0, 0, 9, 13, 5, 12, 8, 7, 12, 10, 10, 3, 4, 7, 14, 8, 2, 11, 4, 3, 8, 10, 0, 9, 5, 11, 0, 10, 0, 1, 0, 9, 7, 2, 10, 14, 7, 9, 4, 0, 8, 12, 3, 8, 0, 9, 14, 11, 8, 6, 10, 5, 12, 15, 3, 6, 7, 13, 14, 9, 2, 2, 8, 9, 9, 10, 7, 7, 1, 6, 8, 13, 1, 12, 0, 14, 7, 3, 7, 3, 9, 7, 0, 4, 6, 8, 6, 4, 6, 7, 10, 10, 0, 11, 0]

score_vector_pc=[-4439.6714102232845, -4294.931230055374, -4330.369851017592, -4061.4603761559274, -4183.050786368581, -3951.911953637541, -4064.5532091358637, -4216.042105141095, -4512.797517237605, -4179.123813230589, -4471.479121803233, -4231.749819597848, -4230.60163500803, -4213.026074362839, -4480.155091486571, -4381.868916402266, -4038.3618468335953, -4329.61267556172, -4340.2891181618115, -4987.676910629018, -4982.967763830835, -4328.879869950855, -4520.936903787103, -4594.990396529092, -4124.790463272708, -4434.526468013485, -4437.5317412325585, -4156.978366478877, -4192.7921692305645, -4322.590159683508, -4396.320690267424, -4212.109505081049, -4453.8500776554965, -3972.834574920207, -4201.951220717199, -4190.052974773993, -4208.598165887571, -4455.655189659564, -4190.412476349131, -4126.063965746224, -5051.2894482911015, -4391.384644761258, -4474.581514883705, -4418.520125359525, -4095.097536843717, -4360.4645731809405, -4290.239895039161, -4069.8787634040705, -4279.384963934057, -4221.504079269085, -4551.126562305101, -4401.992712366721, -4240.22936861699, -4351.47776003661, -4197.020766045701, -4278.190870336747, -4592.04671069198, -4443.757359073213, -4638.988445920476, -4147.110310991358, -4601.984555425285, -4310.927978694928, -4422.211952428575, -4430.880995787065, -4217.642945684632, -3956.630962196833, -4354.856399070234, -4396.697170852209, -4123.180371000396, -4353.0162988481525, -4405.252275072949, -4145.664050425226, -4149.71646033051, -4477.368536340811, -4179.850542921183, -4300.045464602266, -5043.890004170271, -4445.788025525926, -4440.563670327624, -4064.6174350987453, -4575.035204892467, -4400.94184127416, -4020.6402886803126, -5300.342238429977, -4360.868673689054, -4696.412624442891, -4454.233112017348, -4037.3803951203636, -4091.04905184395, -4269.074559874962, -4576.308492668191, -4531.601579415157, -4189.480909396325, -4558.967802052065, -4959.719568541234, -4115.193344240519, -4267.495661510138, -4115.12917789523, -4696.297406791378, -3888.182900589893]

score_vector_mmhc=[-4105.27411789513, -4250.874623643298, -4003.558794312622, -3940.3167423952855, -4090.264307477342, -3958.7268564365477, -4064.5532091358637, -4118.3591932841055, -4221.906671098611, -4131.68074958567, -4389.990381196565, -4253.429429445576, -4230.60163500803, -4105.5930222935285, -4440.931094006938, -4262.755016630468, -3949.9989175603196, -4473.511442695293, -4340.2891181618115, -4312.257046015029, -4725.859237295033, -4288.066925626443, -4329.6971823572, -4529.96651492446, -4067.9102278333385, -4304.7999290912, -4310.401066094868, -4135.5392074062465, -4347.004935043022, -4218.023707087632, -4261.322422951701, -4018.828809920531, -4238.173789672854, -4017.531905141229, -4148.254225754144, -4143.95254528252, -4106.814333230761, -4153.45876510829, -4138.324584911543, -4095.8076130704276, -4725.974853359604, -4363.074176380248, -4410.500163870899, -4224.575997830875, -4094.7312690120875, -4218.928530366049, -4173.709830691439, -4044.734503478468, -4216.817794903874, -4045.534859992587, -4312.185121030925, -4312.651111450402, -4185.613835624103, -4370.933759405966, -4197.020766045701, -4259.131016079581, -4238.088967927552, -4034.4547575625406, -4371.6878411963025, -4054.9302231027914, -4310.986395652762, -4323.283831451328, -4237.785368888566, -4342.657923473995, -4122.342119787887, -3956.630962196833, -4116.905282105823, -4359.073880256648, -4109.97210981506, -4221.991218118679, -4302.725709528388, -4156.951775579265, -4093.7496073897064, -4261.599788645577, -4120.891971647605, -4168.175690738622, -4113.582135071642, -4205.43025380578, -4242.1534002239, -4064.6174350987453, -4501.80213858134, -4382.686150165742, -4011.1197732810037, -4141.860662450793, -4349.473518661835, -4230.71463639263, -4167.348751077567, -4037.3803951203636, -4056.7381399173255, -4249.090032421206, -4375.684294802766, -4349.346524174438, -4050.016971435576, -4234.369920422764, -4171.1643779125225, -4035.123122528293, -4194.2142503044315, -4094.0672776831348, -4380.551746904548, -3969.230387381012]

score_vector_greedySP=[-4108.625930155917, -4093.1406273094517, -3946.0037267966677, -3902.875904486185, -4032.0738915099787, -3951.911953637541, -4114.796697421503, -4041.62759314914, -4252.921275485047, -4027.3256959699506, -4125.897312444411, -4101.006071430444, -4092.84861405971, -3994.2239709712712, -4132.272684174944, -4086.171810214622, -3993.0223210589684, -4149.548465983818, -4058.4807428597965, -4084.5828602523984, -4126.716910845962, -4235.7026838748725, -4098.306694407575, -4222.525645649391, -4053.6534899612343, -4217.986755428583, -4094.930393743305, -4174.696727376156, -4067.9464275097625, -4057.1007773481497, -4097.22903968295, -4028.837989100011, -4181.560812811238, -3972.834574920207, -4158.41438701192, -4143.208515832861, -4132.21403777701, -4014.6074300784767, -4058.9111091374507, -4050.7255358895254, -4243.353493274773, -4079.470858336755, -4104.390611918914, -4148.5244214396225, -4182.313434729537, -4107.61492337915, -4043.0387382478, -3999.733175090839, -4069.4002010731424, -4045.534859992587, -4223.128077310681, -4160.8389254148915, -4156.780081440659, -4264.104167412593, -4042.038720406773, -4128.284787368478, -4150.36137598763, -4004.3146213176556, -4104.71236742585, -4124.5633840375585, -4070.3279838592352, -4107.808241020914, -3967.4606318960205, -4029.6717216033817, -4139.48342465928, -4016.3520985630503, -4040.9667711492584, -4165.880975380491, -4024.886058249232, -4103.187438138125, -4217.7201837196235, -4122.177417868143, -4034.069171837431, -4049.695516928296, -4007.238262775688, -3930.8641030771632, -4083.372959362905, -4164.671962362196, -4154.814286551392, -4120.8709483494895, -4162.813973289386, -4023.3286943886274, -4055.274396363863, -4051.6519659396554, -4138.435456949225, -4084.9714939107753, -4073.800688441588, -4132.630906631501, -4023.3637235516076, -4372.144917245705, -4019.819617802235, -4161.54154777169, -4165.331537376435, -4147.299332099099, -4080.542962216837, -4015.3371448241323, -4117.913838305334, -4096.911389305102, -4155.029769764695, -3920.2889445100923]

score_vector_ske=[-4191.505131295093, -4250.874623643297, -4038.045216843754, -3940.316742395285, -4070.840983548039, -3951.911953637541, -4064.5532091358637, -4212.335034388796, -4236.173239143873, -4046.9782299853873, -4423.862442907784, -4226.04547581745, -4230.60163500803, -4050.6317485981294, -4480.155091486572, -4242.063894368011, -4038.3618468335953, -4308.3676029334965, -4340.2891181618115, -4452.057104359705, -4728.427725887817, -4240.816779770193, -4311.481372556832, -4441.664725053066, -4059.700233367712, -4289.533896507175, -4226.650332506159, -4135.539207406246, -4192.7921692305645, -4248.410479264887, -4338.286969634202, -4018.828809920531, -4238.173789672854, -3966.295583695547, -4201.951220717199, -4127.3006220336665, -4129.110693461144, -4153.458765108289, -4138.324584911543, -4120.775790632493, -4821.966094572658, -4214.7387935648985, -4369.720454032836, -4181.345798740219, -4095.097536843717, -4207.585521598408, -4264.5607885827285, -4014.7666289870813, -4309.044299044726, -4032.5297005983593, -4384.5580345716935, -4360.3564209629185, -4205.928119540541, -4285.111111483515, -4197.020766045701, -4210.187077840491, -4546.6506512190535, -4209.2602324924255, -4412.2578787847115, -4083.479789117453, -4302.560229920038, -4323.283831451328, -4270.838142066804, -4433.285206564817, -4151.030051800376, -3956.630962196833, -4130.199482866598, -4290.354381824418, -4102.082998799203, -4122.1889866931915, -4302.725709528388, -4145.664050425226, -4132.853852266996, -4145.111351017627, -4106.907833079317, -4064.6512857693538, -4507.068115145764, -4206.549590155558, -4236.268937540978, -4064.6174350987453, -4408.296718052187, -4033.0389013694553, -4011.1197732810037, -4521.658590404411, -4243.58404734896, -4139.135592351552, -4274.084007699576, -4037.3803951203636, -4056.738139917325, -4252.516889717142, -4421.1608087765, -4335.9495010695055, -4115.638825045149, -4257.378286403062, -4737.643377830812, -4094.142762449298, -4232.812075330131, -4073.9125395332712, -4416.149871739217, -3888.182900589893]

score_vector_true=[-4016.873645926111, -4078.7652511092656, -3946.0037267966677, -3895.0106950271484, -4022.785505019692, -3951.911953637541, -4064.5532091358637, -4033.3119325507023, -4096.6157165696195, -4021.837856810253, -4115.706022246157, -4001.289841412348, -4069.101610438098, -3994.8350637691806, -4132.535789571428, -4081.6764633517073, -3951.6277067471747, -4137.623964592503, -3974.432130795652, -4063.2679774618, -4072.870697360559, -4196.119545818882, -4086.4464317133998, -4170.90174051043, -4047.624453605531, -4094.0936878416187, -4075.624065437934, -4135.539207406246, -4053.1771712086875, -4042.803698885275, -4078.6126015058717, -4018.828809920531, -4108.986758173016, -3966.295583695547, -4148.254225754144, -4127.3006220336665, -4085.335898333355, -4007.598492357296, -4048.1070952629066, -4024.6334115323243, -4173.346728573516, -4063.3204414270976, -4063.2931706687114, -4092.3270019708516, -4095.097536843717, -4082.116685354549, -4022.7278139185096, -3987.0768789102744, -4006.548644080071, -4032.5297005983593, -4071.4687975152165, -4136.695874652682, -4124.258467878726, -4088.7602478301314, -4014.9177555723472, -4084.4379671613256, -4135.362206682331, -3983.702269379828, -4087.242134302719, -4018.784966035275, -4070.6922228884523, -4079.40935525099, -3953.755658090133, -4013.913994720077, -4092.079239890795, -3956.219741900364, -4020.765201335307, -4141.245203673565, -4002.480083452105, -4071.723735613079, -4030.0460251230684, -4118.588571773484, -3984.9462120005946, -4043.4484125454183, -3994.566688429435, -3934.1698612429045, -4084.4127837675037, -4159.01745208133, -4108.221376704135, -4064.6174350987453, -4145.605359509228, -4020.012276546175, -4012.890258181344, -4041.310399412474, -4131.678309154951, -4086.2433765746964, -4052.280475479097, -4037.3803951203636, -4023.3637235516076, -4067.1508047391294, -4007.0146690409424, -4149.926664223189, -4050.016971435576, -4137.542964549862, -4079.2148145981305, -4002.91445472335, -4074.053475117317, -4073.9125395332712, -4137.956688680801, -3888.182900589893]
step_vector_greedySP=[]

step_vector_ske=[8, 4, 8, 8, 5, 2, 3, 2, 5, 3, 3, 4, 3, 2, 1, 6, 3, 4, 2, 4, 3, 6, 4, 4, 5, 5, 1, 4, 6, 4, 5, 6, 4, 4, 7, 2, 2, 6, 3, 1, 0, 4, 4, 5, 2, 6, 2, 3, 5, 1, 0, 2, 4, 5, 2, 3, 2, 2, 5, 4, 4, 5, 3, 3, 3, 3, 7, 3, 6, 7, 4, 2, 2, 7, 3, 4, 5, 5, 6, 2, 7, 7, 1, 1, 3, 3, 1, 4, 5, 2, 3, 4, 7, 3, 3, 3, 2, 4, 6, 3]

skeleton_result_vector=[0, 0, 0, 0, 0, 1, 1, 0, 0, 0, 0, 0, 0, 0, 0, 0, 0, 0, 0, 0, 0, 0, 0, 0, 1, 0, 0, 1, 0, 0, 0, 1, 0, 1, 0, 1, 0, 0, 0, 0, 0, 0, 0, 0, 1, 0, 0, 0, 0, 1, 0, 0, 0, 0, 0, 0, 0, 0, 0, 0, 0, 0, 0, 0, 0, 0, 0, 0, 0, 0, 0, 0, 0, 0, 0, 0, 0, 0, 0, 1, 0, 0, 0, 0, 0, 0, 0, 1, 1, 0, 0, 0, 1, 0, 0, 0, 0, 1, 0, 1]

return_dags_vector=[['pc', 'mmhc', 'greedySP', 'ske', 'true'], [[(0, 3), (0, 6), (0, 7), (1, 3), (1, 7), (2, 3), (3, 5), (4, 0), (4, 7), (5, 6), (5, 7)], [(0, 3), (1, 3), (1, 7), (3, 2), (4, 0), (4, 7), (5, 0), (5, 3), (5, 6), (6, 0), (7, 0), (7, 2), (7, 5)], [(0, 4), (1, 0), (2, 3), (3, 0), (3, 1), (3, 5), (5, 6), (6, 0), (6, 4), (7, 0), (7, 2), (7, 5)], [(0, 3), (4, 0), (6, 0), (7, 0), (1, 3), (1, 7), (3, 2), (5, 3), (4, 7), (5, 6), (7, 5)], [(0, 4), (1, 0), (3, 0), (3, 1), (3, 2), (3, 5), (5, 1), (5, 6), (6, 0), (6, 4), (7, 0), (7, 2), (7, 5)]], [[(0, 5), (0, 6), (1, 2), (2, 5), (2, 7), (4, 6), (5, 3), (5, 4), (6, 7)], [(0, 6), (1, 2), (2, 7), (4, 5), (4, 6), (5, 0), (5, 2), (5, 3), (6, 7)], [(0, 4), (0, 5), (0, 6), (2, 0), (2, 1), (2, 4), (2, 5), (2, 6), (4, 5), (5, 1), (5, 3), (6, 4), (7, 2), (7, 4), (7, 5), (7, 6)], [(5, 0), (0, 6), (1, 2), (5, 2), (2, 7), (5, 3), (5, 4), (4, 6), (6, 7)], [(0, 6), (1, 2), (2, 6), (2, 7), (4, 6), (5, 0), (5, 2), (5, 3), (5, 4), (7, 4), (7, 6)]], [[(0, 7), (1, 7), (2, 7), (3, 2), (3, 7), (4, 2), (4, 6), (5, 1), (5, 6), (6, 2)], [(1, 5), (1, 6), (1, 7), (3, 2), (4, 2), (5, 4), (5, 6), (6, 2), (6, 4), (7, 0), (7, 2), (7, 3)], [(2, 3), (4, 2), (4, 3), (5, 1), (5, 4), (6, 1), (6, 2), (6, 4), (6, 5), (7, 0), (7, 1), (7, 2)], [(7, 0), (1, 5), (7, 1), (3, 2), (4, 2), (6, 2), (7, 2), (7, 3), (6, 4), (6, 5)], [(2, 3), (4, 2), (4, 3), (4, 5), (4, 6), (5, 1), (6, 1), (6, 2), (6, 5), (7, 0), (7, 1), (7, 2)]], [[(0, 2), (0, 4), (0, 5), (1, 4), (2, 4), (3, 7), (4, 7), (5, 7), (6, 1), (6, 5)], [(0, 4), (0, 5), (1, 6), (2, 0), (2, 4), (3, 7), (4, 1), (6, 5), (7, 4), (7, 5)], [(0, 4), (0, 5), (1, 6), (2, 0), (2, 4), (3, 2), (4, 1), (6, 5), (7, 1), (7, 3), (7, 4), (7, 5)], [(2, 0), (0, 4), (0, 5), (4, 1), (1, 6), (2, 4), (7, 3), (7, 4), (6, 5), (7, 5)], [(0, 4), (0, 5), (1, 4), (1, 6), (2, 0), (2, 1), (2, 3), (2, 4), (3, 7), (6, 5), (7, 4), (7, 5)]], [[(0, 1), (0, 6), (1, 6), (2, 1), (2, 5), (3, 0), (3, 2), (3, 5), (4, 2), (5, 6), (7, 0)], [(0, 1), (0, 3), (0, 6), (0, 7), (2, 1), (2, 7), (3, 2), (3, 5), (4, 2), (5, 2), (5, 6), (6, 1)], [(0, 7), (1, 0), (1, 7), (2, 0), (2, 1), (3, 0), (3, 1), (3, 2), (4, 2), (5, 0), (5, 2), (5, 3), (6, 0), (6, 1), (6, 5)], [(1, 0), (3, 0), (0, 6), (7, 0), (2, 1), (1, 6), (3, 2), (4, 2), (5, 2), (5, 3), (5, 6)], [(0, 1), (0, 3), (0, 6), (0, 7), (1, 7), (2, 1), (3, 2), (3, 5), (4, 2), (5, 2), (5, 6), (6, 1)]], [[(1, 7), (2, 5), (2, 7), (3, 0), (4, 0), (6, 3), (7, 5)], [(0, 3), (0, 4), (1, 7), (2, 5), (2, 7), (3, 6), (7, 5)], [(1, 7), (2, 5), (2, 7), (3, 0), (4, 0), (6, 3), (7, 5)], [(3, 0), (4, 0), (1, 7), (2, 5), (2, 7), (6, 3), (7, 5)], [(1, 7), (2, 5), (2, 7), (3, 0), (3, 6), (4, 0), (7, 5)]], [[(1, 3), (1, 6), (2, 0), (2, 1), (4, 2), (4, 6), (5, 6), (7, 3), (7, 6)], [(1, 2), (1, 3), (1, 6), (2, 0), (2, 4), (4, 6), (5, 6), (7, 3), (7, 6)], [(1, 2), (1, 3), (2, 0), (4, 1), (4, 2), (4, 7), (5, 1), (5, 7), (6, 1), (6, 4), (6, 5), (6, 7), (7, 1), (7, 3)], [(2, 0), (2, 1), (1, 3), (1, 6), (4, 2), (7, 3), (4, 6), (5, 6), (7, 6)], [(1, 3), (1, 6), (2, 0), (2, 1), (2, 4), (4, 6), (5, 6), (7, 3), (7, 6)]], [[(1, 4), (2, 5), (2, 7), (3, 0), (3, 5), (3, 7), (4, 2), (4, 7)], [(0, 3), (1, 4), (2, 5), (2, 7), (3, 5), (3, 7), (5, 4), (7, 4)], [(1, 2), (1, 4), (3, 0), (5, 1), (5, 2), (5, 3), (5, 4), (7, 2), (7, 3), (7, 4), (7, 5)], [(3, 0), (4, 1), (2, 4), (2, 5), (2, 7), (3, 5), (3, 7), (7, 4)], [(0, 3), (0, 7), (1, 2), (1, 4), (3, 5), (5, 2), (5, 4), (7, 2), (7, 3), (7, 4)]], [[(1, 0), (1, 4), (3, 2), (4, 2), (4, 5), (5, 2), (6, 4), (7, 2), (7, 5)], [(0, 1), (1, 4), (2, 5), (2, 7), (3, 2), (3, 5), (3, 7), (4, 2), (4, 6), (5, 7)], [(1, 0), (2, 1), (2, 4), (2, 7), (3, 2), (3, 4), (4, 1), (4, 6), (5, 2), (5, 6), (5, 7)], [(1, 0), (4, 1), (3, 2), (4, 2), (5, 2), (7, 2), (5, 4), (6, 4), (7, 5)], [(1, 0), (1, 4), (2, 1), (2, 4), (2, 5), (2, 7), (3, 2), (3, 4), (3, 5), (3, 7), (4, 6), (5, 6), (5, 7)]], [[(0, 1), (0, 2), (0, 6), (1, 4), (2, 3), (2, 4), (3, 5), (3, 6), (3, 7), (4, 6), (7, 6)], [(0, 1), (0, 2), (0, 6), (2, 3), (3, 5), (3, 6), (3, 7), (4, 1), (4, 2), (4, 6), (7, 6)], [(0, 1), (0, 2), (0, 3), (0, 7), (2, 1), (3, 2), (3, 5), (4, 2), (4, 3), (4, 7), (6, 0), (6, 3), (6, 4), (6, 7), (7, 3)], [(1, 0), (2, 0), (0, 6), (4, 1), (3, 2), (2, 4), (3, 5), (3, 6), (7, 3), (4, 6), (7, 6)], [(0, 1), (0, 4), (0, 6), (2, 0), (2, 1), (2, 3), (2, 4), (3, 5), (3, 6), (3, 7), (4, 6), (7, 6)]], [[(0, 4), (1, 5), (2, 5), (3, 6), (3, 7), (4, 6), (4, 7), (5, 0), (7, 6)], [(0, 5), (1, 2), (3, 0), (3, 6), (3, 7), (4, 0), (4, 6), (4, 7), (5, 1), (5, 2), (6, 7)], [(0, 5), (1, 0), (1, 2), (1, 5), (3, 0), (3, 1), (3, 7), (4, 0), (4, 1), (4, 7), (5, 2), (6, 1), (6, 3), (6, 4), (6, 7)], [(0, 4), (5, 0), (1, 5), (2, 5), (3, 6), (7, 3), (4, 6), (7, 4), (7, 6)], [(0, 2), (0, 3), (0, 4), (0, 5), (0, 6), (1, 0), (1, 3), (1, 4), (1, 5), (2, 5), (3, 7), (4, 7), (6, 3), (6, 4), (6, 7)]], [[(0, 6), (1, 0), (2, 1), (2, 7), (4, 3), (4, 6), (4, 7), (5, 2), (5, 7), (6, 3), (7, 1)], [(1, 0), (1, 2), (2, 5), (3, 4), (3, 6), (4, 6), (4, 7), (6, 0), (7, 1), (7, 2), (7, 5)], [(1, 0), (1, 2), (2, 0), (4, 3), (4, 6), (5, 2), (5, 3), (6, 0), (6, 1), (6, 3), (7, 1), (7, 2), (7, 4), (7, 5)], [(0, 1), (0, 6), (2, 1), (1, 7), (2, 5), (2, 7), (4, 3), (6, 3), (6, 4), (7, 4), (7, 5)], [(0, 1), (0, 7), (2, 1), (2, 5), (2, 7), (3, 4), (5, 4), (5, 7), (6, 0), (6, 1), (6, 3), (6, 4), (7, 1), (7, 3), (7, 4)]], [[(0, 4), (1, 4), (2, 3), (3, 1), (3, 4), (5, 2), (6, 1), (7, 4), (7, 5)], [(0, 4), (1, 4), (2, 3), (2, 5), (3, 1), (3, 4), (5, 7), (6, 1), (7, 4)], [(0, 3), (1, 0), (1, 2), (1, 3), (1, 4), (1, 7), (2, 0), (2, 5), (2, 7), (4, 0), (4, 2), (4, 3), (4, 5), (4, 7), (5, 3), (6, 1), (6, 2), (6, 3), (7, 0), (7, 3), (7, 5)], [(0, 4), (3, 1), (1, 4), (6, 1), (2, 3), (5, 2), (3, 4), (7, 4), (7, 5)], [(0, 4), (1, 4), (1, 6), (2, 4), (3, 1), (3, 2), (3, 4), (3, 5), (3, 6), (5, 2), (5, 4), (5, 7), (6, 4), (7, 4)]], [[(0, 7), (1, 0), (2, 1), (2, 3), (3, 7), (4, 1), (4, 2), (5, 4), (6, 2), (6, 4)], [(0, 1), (0, 7), (1, 2), (1, 4), (2, 3), (2, 4), (2, 6), (3, 7), (4, 5), (6, 4)], [(0, 5), (0, 7), (1, 0), (2, 1), (2, 3), (2, 6), (3, 7), (4, 0), (4, 1), (4, 2), (4, 5), (4, 6)], [(0, 1), (0, 7), (1, 2), (4, 1), (2, 3), (4, 2), (6, 2), (3, 7), (4, 5), (6, 4)], [(0, 5), (0, 7), (1, 0), (1, 2), (1, 4), (1, 5), (2, 3), (2, 4), (2, 6), (3, 7), (5, 2), (5, 4), (5, 6), (6, 4)]], [[(1, 4), (4, 0), (4, 6), (5, 2), (5, 6), (6, 2), (7, 3), (7, 5)], [(2, 5), (2, 6), (4, 0), (4, 1), (5, 7), (6, 4), (6, 5), (7, 3), (7, 4)], [(1, 2), (1, 4), (1, 7), (2, 4), (2, 6), (4, 0), (4, 3), (4, 6), (4, 7), (5, 2), (5, 6), (5, 7), (7, 3)], [(4, 0), (4, 1), (5, 2), (6, 2), (7, 3), (4, 6), (5, 6), (7, 5)], [(1, 5), (2, 3), (2, 5), (2, 6), (2, 7), (3, 7), (4, 0), (4, 1), (4, 2), (4, 5), (4, 6), (4, 7), (5, 6), (7, 5)]], [[(1, 0), (2, 3), (2, 5), (3, 0), (3, 5), (4, 3), (5, 7), (6, 0), (6, 7), (7, 1)], [(0, 1), (2, 3), (2, 5), (3, 0), (3, 4), (5, 0), (5, 1), (5, 3), (5, 7), (6, 0), (7, 1), (7, 6)], [(0, 1), (0, 3), (0, 5), (0, 6), (1, 2), (1, 5), (3, 2), (3, 4), (3, 5), (3, 6), (5, 2), (7, 0), (7, 1), (7, 5), (7, 6)], [(1, 0), (3, 0), (6, 0), (7, 1), (3, 2), (5, 2), (3, 4), (3, 5), (7, 5), (7, 6)], [(0, 1), (0, 3), (0, 5), (0, 6), (0, 7), (1, 5), (1, 7), (2, 5), (3, 2), (3, 4), (3, 5), (3, 6), (7, 2), (7, 5), (7, 6)]], [[(0, 4), (1, 2), (2, 4), (3, 1), (5, 4), (6, 0), (7, 3)], [(0, 4), (0, 6), (1, 2), (1, 3), (3, 7), (4, 2), (5, 2), (5, 4), (7, 6)], [(0, 4), (1, 2), (3, 1), (4, 2), (4, 5), (5, 2), (6, 0), (7, 3)], [(0, 4), (6, 0), (1, 2), (3, 1), (2, 4), (7, 3), (5, 4)], [(0, 4), (0, 6), (1, 2), (3, 1), (3, 7), (4, 2), (5, 2), (5, 4)]], [[(1, 2), (1, 3), (1, 5), (1, 6), (2, 7), (3, 0), (3, 4), (4, 6), (4, 7), (5, 0), (5, 6), (7, 0)], [(0, 3), (0, 5), (0, 7), (1, 2), (1, 3), (4, 3), (5, 1), (5, 6), (6, 1), (6, 4), (7, 2), (7, 4)], [(1, 2), (1, 3), (1, 4), (1, 6), (3, 0), (3, 2), (4, 0), (4, 2), (4, 3), (4, 6), (4, 7), (5, 1), (5, 6), (5, 7), (6, 0), (6, 7), (7, 0), (7, 2), (7, 3)], [(3, 0), (5, 0), (7, 0), (2, 1), (3, 1), (1, 5), (1, 6), (2, 7), (4, 3), (4, 6), (4, 7), (5, 6)], [(1, 5), (1, 6), (2, 1), (2, 7), (3, 0), (3, 1), (3, 4), (4, 0), (4, 6), (4, 7), (5, 6), (6, 0), (7, 0), (7, 6)]], [[(0, 4), (0, 5), (1, 2), (2, 5), (3, 4), (4, 6), (6, 2)], [(0, 4), (0, 5), (1, 2), (2, 5), (3, 4), (4, 6), (6, 2)], [(0, 3), (0, 5), (1, 5), (1, 6), (2, 1), (2, 3), (2, 5), (2, 6), (4, 0), (4, 2), (4, 3), (4, 6)], [(0, 4), (0, 5), (1, 2), (2, 5), (6, 2), (3, 4), (4, 6)], [(0, 1), (0, 2), (0, 4), (0, 5), (1, 2), (1, 6), (2, 4), (2, 6), (3, 4), (4, 6), (5, 2)]], [[(0, 5), (0, 6), (1, 5), (2, 4), (2, 5), (4, 3), (4, 6), (7, 2), (7, 5)], [(0, 6), (1, 0), (1, 7), (2, 0), (2, 4), (2, 5), (4, 3), (5, 0), (5, 1), (5, 7), (6, 4)], [(0, 2), (0, 3), (0, 6), (1, 2), (1, 3), (3, 2), (4, 3), (4, 6), (5, 0), (5, 1), (5, 2), (5, 3), (5, 4), (7, 1), (7, 3), (7, 4), (7, 5), (7, 6)], [(5, 0), (0, 6), (5, 1), (2, 4), (5, 2), (7, 2), (4, 3), (6, 4), (7, 5)], [(0, 1), (0, 5), (1, 5), (2, 1), (2, 5), (3, 5), (4, 2), (4, 3), (4, 5), (4, 6), (4, 7), (6, 0), (7, 0), (7, 2), (7, 5)]], [[(2, 1), (3, 0), (3, 1), (5, 1), (6, 0), (6, 4), (7, 0), (7, 2), (7, 4)], [(0, 3), (0, 6), (0, 7), (1, 2), (1, 5), (3, 6), (4, 7), (5, 7), (6, 4), (7, 2)], [(0, 1), (0, 3), (0, 5), (2, 0), (2, 1), (2, 3), (2, 5), (4, 0), (4, 5), (4, 6), (5, 1), (5, 3), (6, 0), (6, 1), (6, 3), (7, 0), (7, 2), (7, 4), (7, 5)], [(3, 0), (0, 6), (0, 7), (2, 1), (1, 3), (5, 1), (2, 7), (6, 4), (4, 7)], [(0, 7), (1, 0), (1, 3), (2, 0), (2, 1), (2, 7), (3, 0), (4, 6), (4, 7), (5, 0), (5, 1), (5, 7), (6, 0), (6, 3), (6, 7)]], [[(1, 3), (2, 3), (2, 6), (3, 4), (3, 5), (5, 6), (6, 4), (7, 1), (7, 4)], [(1, 3), (1, 7), (3, 2), (3, 4), (3, 5), (6, 2), (6, 4), (6, 5), (7, 4), (7, 5)], [(2, 1), (2, 4), (2, 6), (3, 1), (3, 2), (3, 4), (4, 6), (5, 3), (5, 4), (5, 6), (7, 1), (7, 4), (7, 5)], [(3, 1), (7, 1), (2, 3), (6, 2), (4, 3), (5, 3), (4, 6), (7, 4), (6, 5)], [(2, 3), (3, 1), (4, 3), (4, 7), (5, 3), (5, 7), (6, 2), (6, 4), (6, 5), (7, 1)]], [[(0, 1), (0, 2), (0, 4), (1, 7), (2, 5), (3, 7), (4, 7), (5, 7), (6, 0), (6, 2), (6, 3)], [(0, 1), (0, 2), (0, 4), (0, 6), (0, 7), (4, 7), (5, 2), (6, 2), (6, 3), (7, 1), (7, 3), (7, 5)], [(0, 4), (1, 0), (1, 6), (1, 7), (2, 0), (2, 5), (2, 6), (2, 7), (5, 0), (5, 6), (6, 0), (6, 3), (7, 0), (7, 3), (7, 4), (7, 5)], [(1, 0), (2, 0), (0, 4), (0, 6), (1, 7), (2, 5), (2, 6), (6, 3), (7, 3), (4, 7), (7, 5)], [(0, 2), (0, 4), (0, 6), (0, 7), (1, 0), (1, 2), (1, 7), (5, 2), (6, 2), (6, 3), (7, 3), (7, 4), (7, 5)]], [[(0, 1), (0, 5), (1, 2), (1, 7), (2, 4), (2, 5), (3, 1), (5, 7), (6, 5)], [(0, 5), (1, 0), (1, 2), (1, 3), (1, 7), (2, 4), (2, 5), (3, 0), (5, 7), (6, 5)], [(0, 5), (0, 6), (1, 0), (1, 5), (1, 7), (2, 1), (2, 4), (2, 5), (2, 6), (2, 7), (3, 1), (3, 7), (5, 6), (5, 7)], [(0, 1), (0, 5), (2, 1), (3, 1), (7, 1), (2, 4), (2, 5), (6, 5), (5, 7)], [(0, 1), (0, 3), (0, 5), (1, 7), (2, 1), (2, 4), (2, 5), (2, 7), (3, 1), (3, 7), (5, 7), (6, 5)]], [[(0, 6), (1, 0), (3, 2), (3, 6), (5, 2), (5, 6), (7, 2), (7, 4), (7, 5)], [(0, 1), (0, 6), (3, 2), (4, 7), (5, 2), (6, 3), (6, 5), (7, 2), (7, 5)], [(1, 0), (3, 2), (3, 5), (3, 6), (5, 2), (5, 6), (6, 0), (7, 2), (7, 4), (7, 5)], [(1, 0), (6, 0), (3, 2), (2, 5), (7, 2), (3, 6), (7, 4), (5, 6), (7, 5)], [(1, 0), (3, 2), (3, 6), (4, 7), (5, 2), (6, 0), (6, 5), (7, 2), (7, 5)]], [[(0, 1), (0, 5), (0, 7), (1, 3), (1, 6), (2, 0), (2, 4), (3, 5), (5, 6), (6, 7)], [(1, 3), (1, 6), (2, 0), (2, 4), (3, 5), (5, 0), (5, 6), (6, 7), (7, 0)], [(0, 2), (0, 5), (1, 3), (2, 4), (2, 5), (5, 1), (5, 3), (6, 0), (6, 1), (6, 5), (7, 0), (7, 6)], [(1, 0), (2, 0), (5, 0), (7, 0), (3, 1), (1, 6), (4, 2), (5, 3), (5, 6), (6, 7)], [(1, 3), (1, 5), (2, 0), (4, 2), (5, 0), (5, 3), (5, 7), (6, 0), (6, 1), (6, 3), (6, 5), (6, 7), (7, 0)]], [[(0, 3), (0, 4), (0, 5), (1, 4), (1, 7), (2, 4), (4, 6), (5, 6), (5, 7)], [(0, 3), (0, 4), (0, 5), (0, 7), (1, 4), (4, 2), (6, 4), (6, 5), (7, 1), (7, 5)], [(0, 3), (1, 0), (1, 2), (1, 7), (4, 0), (4, 1), (4, 2), (5, 0), (5, 4), (5, 7), (6, 2), (6, 4), (6, 5), (6, 7), (7, 2)], [(0, 3), (4, 0), (0, 5), (1, 4), (1, 7), (2, 4), (4, 6), (5, 6), (5, 7)], [(0, 3), (0, 4), (0, 5), (0, 7), (1, 4), (2, 0), (2, 1), (2, 4), (6, 1), (6, 4), (6, 5), (7, 1), (7, 5)]], [[(1, 2), (2, 0), (4, 0), (4, 6), (5, 1), (5, 3), (5, 6), (7, 1), (7, 5)], [(1, 2), (1, 5), (1, 7), (2, 0), (4, 0), (5, 3), (5, 6), (5, 7), (6, 4)], [(1, 5), (1, 7), (2, 0), (2, 1), (4, 0), (5, 3), (5, 7), (6, 1), (6, 4), (6, 5)], [(2, 0), (4, 0), (1, 2), (5, 1), (7, 1), (5, 3), (6, 4), (5, 6), (7, 5)], [(1, 2), (1, 5), (2, 0), (4, 0), (5, 3), (5, 6), (6, 4), (7, 1), (7, 5)]], [[(0, 3), (0, 5), (0, 6), (1, 2), (1, 4), (1, 7), (2, 5), (3, 7), (4, 3), (5, 7), (6, 5), (6, 7)], [(1, 2), (1, 4), (3, 0), (3, 2), (3, 4), (3, 7), (5, 0), (5, 2), (5, 4), (5, 6), (5, 7), (6, 0), (6, 7), (7, 1)], [(0, 3), (0, 5), (0, 6), (0, 7), (2, 1), (2, 3), (2, 4), (2, 5), (2, 6), (4, 1), (4, 3), (4, 7), (5, 4), (5, 6), (5, 7), (7, 1), (7, 3), (7, 6)], [(0, 3), (0, 5), (6, 0), (2, 1), (1, 4), (1, 7), (2, 5), (4, 3), (3, 7), (6, 5), (5, 7), (6, 7)], [(0, 3), (0, 5), (0, 6), (1, 2), (1, 4), (1, 7), (2, 3), (2, 5), (2, 6), (4, 3), (4, 5), (5, 6), (7, 3), (7, 5), (7, 6)]], [[(0, 2), (1, 0), (1, 2), (1, 6), (3, 2), (3, 4), (3, 6), (4, 5), (5, 6), (7, 2), (7, 5)], [(0, 2), (1, 0), (1, 2), (1, 6), (3, 2), (3, 4), (3, 6), (4, 5), (5, 7), (6, 5), (7, 2)], [(1, 2), (1, 6), (2, 0), (3, 0), (3, 2), (3, 6), (4, 3), (4, 5), (4, 6), (5, 3), (5, 6), (7, 0), (7, 2), (7, 3), (7, 5)], [(1, 0), (0, 2), (1, 2), (1, 6), (3, 2), (7, 2), (3, 4), (3, 6), (5, 4), (5, 6), (7, 5)], [(0, 2), (1, 0), (1, 2), (1, 6), (3, 2), (3, 5), (3, 6), (4, 3), (4, 5), (4, 6), (5, 6), (7, 2), (7, 5)]], [[(1, 0), (1, 3), (3, 2), (4, 0), (6, 2), (6, 5), (7, 2), (7, 3), (7, 4)], [(1, 0), (2, 7), (3, 1), (3, 2), (3, 7), (4, 0), (4, 7), (5, 6), (5, 7), (6, 2)], [(1, 0), (1, 2), (1, 3), (1, 5), (1, 6), (2, 3), (2, 5), (2, 6), (2, 7), (4, 0), (4, 1), (4, 3), (4, 5), (4, 7), (5, 3), (5, 6), (7, 3), (7, 5), (7, 6)], [(1, 0), (4, 0), (3, 1), (3, 2), (6, 2), (7, 2), (3, 7), (4, 7), (6, 5)], [(0, 4), (1, 0), (1, 2), (1, 3), (1, 4), (1, 7), (2, 7), (3, 2), (3, 7), (4, 7), (5, 7), (6, 2), (6, 3), (6, 5), (6, 7)]], [[(0, 1), (1, 4), (1, 6), (2, 4), (2, 6), (3, 0), (3, 2), (5, 4), (7, 4)], [(0, 1), (1, 4), (3, 0), (3, 2), (4, 2), (5, 4), (6, 1), (6, 2), (7, 4)], [(1, 0), (1, 4), (3, 0), (3, 1), (3, 2), (4, 2), (5, 4), (6, 1), (6, 2), (7, 4), (7, 5)], [(0, 1), (0, 3), (1, 4), (6, 1), (3, 2), (4, 2), (6, 2), (5, 4), (7, 4)], [(0, 1), (0, 3), (1, 4), (3, 2), (4, 2), (5, 4), (6, 1), (6, 2), (7, 4)]], [[(0, 3), (1, 3), (1, 5), (1, 7), (2, 6), (3, 4), (4, 7), (6, 0), (6, 7), (7, 5)], [(0, 3), (0, 6), (1, 3), (1, 5), (1, 7), (4, 3), (6, 2), (6, 7), (7, 4), (7, 5)], [(0, 3), (0, 4), (0, 6), (0, 7), (1, 2), (1, 3), (1, 4), (1, 5), (1, 7), (3, 4), (3, 6), (6, 2), (6, 4), (7, 2), (7, 3), (7, 5), (7, 6)], [(0, 3), (6, 0), (1, 3), (1, 5), (1, 7), (6, 2), (4, 3), (7, 4), (7, 5), (6, 7)], [(0, 3), (1, 3), (1, 5), (1, 6), (2, 6), (4, 3), (6, 0), (6, 3), (7, 1), (7, 3), (7, 4), (7, 5), (7, 6)]], [[(1, 0), (4, 1), (4, 2), (6, 0), (6, 4), (7, 1), (7, 2), (7, 5)], [(0, 1), (0, 6), (1, 4), (1, 7), (4, 2), (6, 4), (7, 2), (7, 5)], [(1, 0), (4, 1), (4, 2), (6, 0), (6, 4), (7, 1), (7, 2), (7, 5)], [(1, 0), (6, 0), (4, 1), (7, 1), (2, 4), (7, 2), (4, 6), (7, 5)], [(1, 0), (2, 4), (4, 1), (4, 6), (6, 0), (7, 1), (7, 2), (7, 5)]], [[(0, 2), (2, 1), (3, 1), (4, 0), (4, 1), (4, 6), (7, 6)], [(0, 2), (0, 4), (2, 1), (2, 6), (3, 1), (4, 1), (4, 6), (7, 6)], [(1, 2), (1, 3), (2, 0), (2, 3), (2, 6), (4, 0), (4, 1), (4, 3), (4, 6), (7, 6)], [(0, 2), (4, 0), (2, 1), (3, 1), (4, 1), (4, 6), (7, 6)], [(0, 2), (0, 4), (2, 1), (2, 6), (3, 1), (4, 1), (4, 6), (7, 6)]], [[(0, 1), (0, 2), (0, 4), (2, 1), (2, 7), (3, 7), (4, 7), (5, 1), (5, 2), (6, 4), (6, 7)], [(0, 1), (0, 2), (0, 4), (1, 2), (1, 5), (2, 7), (3, 7), (4, 7), (5, 2), (6, 4), (6, 7)], [(0, 1), (2, 0), (2, 1), (2, 5), (3, 2), (3, 4), (3, 7), (4, 0), (5, 1), (6, 0), (6, 2), (6, 4), (6, 7), (7, 2), (7, 4)], [(0, 1), (0, 2), (0, 4), (2, 1), (5, 1), (2, 5), (2, 7), (3, 7), (6, 4), (4, 7), (6, 7)], [(0, 1), (0, 4), (2, 0), (2, 1), (2, 5), (2, 7), (3, 7), (4, 7), (5, 1), (6, 4), (6, 7)]], [[(0, 6), (1, 0), (1, 5), (2, 3), (2, 4), (2, 5), (3, 7), (4, 7), (5, 6)], [(0, 1), (0, 6), (1, 3), (2, 3), (2, 4), (5, 1), (5, 2), (6, 2), (6, 5), (7, 3), (7, 4)], [(0, 1), (0, 6), (1, 6), (2, 0), (2, 3), (2, 4), (2, 6), (5, 1), (5, 2), (5, 6), (7, 3), (7, 4)], [(1, 0), (0, 6), (5, 1), (3, 2), (4, 2), (2, 5), (3, 7), (4, 7), (5, 6)], [(0, 6), (1, 0), (1, 3), (2, 3), (2, 4), (2, 6), (5, 1), (5, 2), (5, 6), (7, 3), (7, 4)]], [[(0, 5), (2, 7), (3, 1), (3, 2), (4, 6), (4, 7), (5, 7), (7, 1), (7, 6)], [(0, 5), (3, 1), (3, 2), (6, 4), (6, 7), (7, 1), (7, 2), (7, 4), (7, 5)], [(0, 1), (0, 4), (0, 5), (3, 1), (3, 2), (4, 3), (5, 4), (7, 1), (7, 2), (7, 4), (7, 5), (7, 6)], [(0, 5), (3, 1), (7, 1), (3, 2), (7, 2), (6, 4), (7, 4), (7, 5), (7, 6)], [(0, 1), (0, 5), (0, 7), (3, 1), (3, 2), (4, 3), (4, 6), (4, 7), (5, 7), (6, 5), (6, 7), (7, 1), (7, 2)]], [[(0, 3), (0, 7), (1, 3), (1, 5), (1, 6), (2, 3), (2, 7), (4, 6), (5, 7)], [(0, 3), (0, 7), (1, 3), (1, 5), (1, 6), (2, 3), (2, 7), (4, 6), (7, 5)], [(1, 0), (1, 3), (1, 5), (2, 0), (2, 3), (2, 5), (3, 0), (6, 1), (6, 4), (7, 0), (7, 2), (7, 5)], [(0, 3), (0, 7), (1, 3), (1, 5), (1, 6), (2, 3), (2, 7), (4, 6), (7, 5)], [(0, 3), (0, 7), (1, 3), (1, 5), (1, 6), (2, 3), (2, 5), (2, 7), (4, 6), (7, 3), (7, 5)]], [[(0, 4), (0, 6), (1, 3), (1, 4), (1, 6), (1, 7), (2, 1), (2, 6), (5, 7)], [(0, 4), (0, 6), (1, 2), (1, 3), (1, 4), (1, 6), (1, 7), (2, 6), (2, 7), (5, 7)], [(1, 0), (1, 3), (1, 7), (2, 1), (2, 5), (2, 7), (4, 0), (4, 1), (4, 2), (6, 1), (6, 2), (7, 5)], [(0, 4), (0, 6), (2, 1), (1, 3), (1, 4), (1, 6), (7, 1), (2, 6), (7, 5)], [(1, 0), (1, 2), (1, 3), (1, 6), (1, 7), (2, 6), (2, 7), (4, 0), (4, 1), (4, 6), (5, 7)]], [[(0, 2), (0, 4), (1, 3), (1, 5), (1, 6), (2, 3), (2, 5), (2, 6), (4, 5), (7, 2)], [(0, 2), (0, 4), (1, 3), (1, 5), (1, 6), (2, 3), (2, 5), (2, 6), (2, 7), (4, 5), (5, 7)], [(0, 1), (0, 6), (2, 0), (2, 1), (2, 3), (2, 5), (2, 6), (2, 7), (3, 0), (3, 1), (3, 6), (4, 0), (4, 1), (4, 3), (4, 5), (4, 6), (4, 7), (5, 0), (5, 1), (7, 0), (7, 5), (7, 6)], [(2, 0), (0, 4), (1, 3), (1, 5), (1, 6), (2, 3), (2, 5), (2, 6), (7, 2), (4, 5)], [(0, 2), (1, 2), (1, 3), (1, 5), (1, 6), (3, 2), (4, 0), (4, 2), (4, 5), (4, 6), (5, 2), (6, 2), (6, 3), (6, 5), (7, 0), (7, 2), (7, 3), (7, 6)]], [[(0, 6), (1, 2), (1, 6), (2, 5), (3, 0), (3, 4), (4, 6), (5, 4), (7, 0), (7, 1)], [(0, 3), (0, 6), (0, 7), (1, 2), (1, 7), (2, 5), (4, 3), (4, 5), (6, 1), (6, 4), (6, 7)], [(0, 6), (2, 1), (2, 5), (2, 6), (3, 0), (3, 4), (3, 6), (5, 1), (5, 4), (6, 1), (6, 4), (6, 5), (7, 0), (7, 1), (7, 2), (7, 6)], [(3, 0), (6, 0), (7, 0), (1, 2), (1, 6), (7, 1), (2, 5), (4, 3), (4, 5), (4, 6)], [(1, 6), (1, 7), (2, 0), (2, 1), (2, 5), (2, 6), (3, 0), (3, 4), (5, 4), (5, 6), (6, 0), (6, 4), (7, 0)]], [[(0, 2), (0, 5), (1, 5), (1, 7), (2, 4), (2, 7), (3, 5), (5, 4), (6, 2)], [(0, 7), (1, 7), (2, 0), (2, 7), (4, 2), (4, 5), (5, 0), (5, 1), (5, 3), (6, 2)], [(0, 1), (0, 2), (0, 5), (4, 2), (5, 1), (5, 2), (5, 3), (5, 4), (6, 2), (7, 0), (7, 1), (7, 2)], [(0, 2), (0, 5), (1, 5), (1, 7), (4, 2), (6, 2), (2, 7), (5, 3), (5, 4)], [(0, 1), (0, 2), (4, 2), (4, 5), (5, 0), (5, 1), (5, 2), (5, 3), (6, 2), (7, 0), (7, 1), (7, 2)]], [[(0, 4), (1, 4), (2, 0), (2, 3), (2, 7), (3, 6), (4, 7), (5, 2), (5, 7), (6, 7)], [(0, 2), (0, 4), (2, 3), (2, 5), (2, 6), (3, 6), (4, 1), (4, 7), (5, 7), (7, 6)], [(2, 0), (2, 3), (2, 5), (2, 7), (4, 0), (4, 1), (5, 3), (5, 4), (6, 3), (6, 7), (7, 3), (7, 4), (7, 5)], [(2, 0), (4, 0), (4, 1), (2, 3), (5, 2), (7, 2), (6, 3), (4, 7), (5, 7), (7, 6)], [(2, 0), (3, 2), (3, 6), (4, 0), (4, 1), (4, 7), (5, 2), (5, 7), (6, 2), (7, 6)]], [[(1, 5), (1, 6), (2, 0), (2, 4), (2, 7), (3, 7), (4, 0), (4, 6)], [(0, 2), (0, 4), (1, 5), (1, 6), (2, 4), (2, 7), (3, 7), (4, 6), (7, 4)], [(1, 5), (1, 6), (2, 0), (2, 4), (4, 0), (4, 6), (7, 2), (7, 3)], [(2, 0), (4, 0), (1, 5), (1, 6), (2, 4), (2, 7), (3, 7), (4, 6)], [(1, 5), (1, 6), (2, 0), (2, 7), (3, 7), (4, 0), (4, 2), (4, 6)]], [[(0, 4), (0, 5), (0, 6), (1, 3), (1, 4), (1, 6), (2, 4), (2, 5), (3, 4), (3, 5), (5, 7), (6, 7)], [(0, 4), (0, 6), (1, 3), (1, 4), (1, 6), (2, 4), (3, 4), (5, 0), (5, 2), (5, 3), (5, 7), (7, 6)], [(0, 6), (1, 0), (1, 2), (1, 6), (3, 0), (3, 1), (3, 2), (3, 4), (4, 0), (4, 1), (4, 2), (5, 0), (5, 1), (5, 2), (5, 3), (7, 0), (7, 5), (7, 6)], [(0, 4), (0, 5), (0, 6), (1, 3), (1, 4), (1, 6), (2, 4), (2, 5), (3, 4), (5, 3), (7, 5), (7, 6)], [(0, 3), (0, 4), (0, 5), (0, 6), (1, 2), (1, 4), (1, 5), (1, 6), (3, 1), (3, 2), (3, 4), (3, 5), (4, 2), (5, 2), (7, 5), (7, 6)]], [[(0, 1), (1, 5), (2, 0), (2, 5), (3, 1), (3, 5), (3, 6), (4, 0), (4, 2), (4, 6), (7, 6)], [(0, 1), (0, 2), (0, 4), (0, 5), (1, 3), (1, 5), (2, 4), (2, 6), (3, 5), (3, 6), (4, 6), (5, 2), (7, 6)], [(0, 1), (2, 0), (2, 3), (2, 5), (2, 6), (3, 1), (3, 5), (3, 6), (3, 7), (4, 0), (4, 2), (4, 6), (5, 1), (6, 0), (6, 5), (6, 7)], [(1, 0), (2, 0), (0, 4), (1, 3), (1, 5), (2, 4), (2, 5), (3, 5), (3, 6), (4, 6), (7, 6)], [(0, 1), (0, 2), (3, 1), (3, 5), (3, 6), (3, 7), (4, 0), (4, 2), (4, 6), (5, 0), (5, 1), (5, 2), (6, 2), (6, 7)]], [[(0, 5), (1, 0), (1, 2), (1, 5), (1, 7), (2, 0), (3, 5), (3, 7), (4, 5), (4, 7), (6, 0)], [(0, 1), (0, 2), (0, 5), (0, 6), (1, 2), (1, 5), (1, 7), (3, 5), (3, 7), (4, 5), (7, 4)], [(0, 2), (0, 5), (0, 6), (1, 0), (1, 2), (1, 5), (1, 6), (1, 7), (3, 0), (3, 5), (3, 7), (4, 0), (4, 1), (4, 5), (4, 7)], [(1, 0), (2, 0), (0, 5), (6, 0), (1, 2), (1, 5), (7, 1), (3, 5), (3, 7), (4, 5), (4, 7)], [(0, 5), (1, 0), (1, 4), (1, 5), (1, 7), (2, 0), (2, 1), (3, 5), (3, 7), (4, 5), (4, 7), (6, 0)]], [[(0, 1), (0, 4), (0, 7), (1, 3), (2, 4), (2, 7), (4, 3), (5, 3), (5, 7), (6, 0)], [(0, 1), (0, 4), (0, 6), (1, 3), (2, 4), (2, 7), (4, 3), (5, 3), (7, 0), (7, 5)], [(0, 1), (0, 2), (0, 6), (0, 7), (1, 3), (4, 0), (4, 2), (4, 3), (5, 0), (5, 3), (5, 7), (7, 2)], [(1, 0), (4, 0), (6, 0), (0, 7), (1, 3), (4, 2), (7, 2), (3, 4), (5, 3), (5, 7)], [(0, 1), (0, 2), (0, 4), (0, 6), (0, 7), (1, 3), (4, 2), (4, 3), (5, 3), (6, 4), (7, 2), (7, 5)]], [[(2, 5), (3, 5), (4, 5), (5, 0), (6, 1), (6, 5)], [(2, 5), (5, 0), (5, 3), (5, 4), (5, 6), (6, 1)], [(5, 0), (5, 2), (5, 3), (5, 4), (6, 1), (6, 5)], [(5, 0), (6, 1), (5, 2), (5, 3), (4, 5), (6, 5)], [(4, 5), (5, 0), (5, 2), (5, 3), (6, 1), (6, 5)]], [[(0, 5), (0, 6), (1, 5), (2, 4), (3, 1), (3, 5), (3, 6), (7, 2), (7, 5)], [(0, 1), (0, 5), (0, 6), (2, 4), (2, 6), (2, 7), (3, 1), (3, 5), (3, 6), (4, 1), (5, 1), (5, 7)], [(0, 1), (0, 2), (0, 6), (0, 7), (1, 2), (2, 4), (2, 7), (3, 1), (3, 6), (5, 0), (5, 1), (5, 2), (5, 3), (5, 7), (7, 6)], [(0, 5), (0, 6), (3, 1), (1, 5), (2, 4), (2, 7), (3, 5), (3, 6), (5, 7)], [(0, 1), (0, 5), (0, 6), (2, 1), (2, 3), (2, 4), (2, 7), (3, 1), (3, 5), (3, 6), (5, 1), (7, 3), (7, 5), (7, 6)]], [[(0, 2), (0, 6), (1, 0), (1, 4), (1, 6), (2, 6), (3, 1), (3, 2), (5, 2), (7, 5)], [(0, 1), (0, 6), (1, 2), (1, 3), (1, 4), (1, 6), (3, 2), (5, 2), (5, 3), (5, 7), (6, 2)], [(0, 1), (1, 2), (1, 3), (1, 4), (1, 7), (2, 7), (3, 2), (5, 0), (5, 2), (5, 3), (5, 7), (6, 0), (6, 1), (6, 2)], [(0, 1), (2, 0), (0, 6), (3, 1), (1, 4), (1, 6), (3, 2), (5, 2), (2, 6), (7, 5)], [(0, 1), (0, 5), (0, 6), (1, 2), (1, 4), (1, 6), (1, 7), (2, 7), (3, 0), (3, 1), (3, 2), (3, 5), (5, 2), (5, 7), (6, 2)]], [[(0, 5), (0, 7), (1, 0), (1, 6), (3, 2), (3, 4), (5, 4), (6, 0), (6, 7), (7, 3)], [(0, 5), (1, 0), (1, 6), (2, 3), (2, 5), (3, 4), (3, 7), (5, 4), (6, 0), (6, 7), (7, 0)], [(0, 1), (0, 2), (0, 5), (0, 6), (0, 7), (1, 6), (3, 2), (3, 4), (3, 6), (3, 7), (5, 2), (5, 4), (7, 6)], [(1, 0), (0, 5), (6, 0), (7, 0), (6, 1), (3, 2), (3, 4), (3, 7), (5, 4), (6, 7)], [(0, 1), (0, 2), (0, 5), (0, 6), (0, 7), (1, 6), (3, 2), (3, 4), (3, 6), (5, 2), (5, 4), (7, 3), (7, 6)]], [[(1, 6), (1, 7), (2, 0), (2, 6), (3, 5), (4, 1), (5, 2), (5, 6), (5, 7)], [(0, 2), (0, 5), (1, 4), (1, 7), (2, 5), (2, 6), (5, 3), (5, 7), (6, 5)], [(0, 2), (2, 3), (2, 6), (4, 1), (5, 1), (5, 2), (5, 3), (5, 6), (6, 3), (7, 1), (7, 4), (7, 5), (7, 6)], [(2, 0), (4, 1), (6, 1), (7, 1), (5, 2), (6, 2), (5, 3), (6, 5), (7, 5)], [(0, 2), (0, 5), (2, 6), (3, 6), (4, 1), (5, 1), (5, 2), (5, 3), (5, 6), (7, 1), (7, 5), (7, 6)]], [[(0, 4), (0, 5), (1, 4), (1, 7), (2, 1), (3, 0), (3, 2), (4, 5), (5, 7), (7, 6)], [(0, 4), (0, 5), (1, 2), (1, 4), (1, 7), (2, 3), (3, 0), (4, 5), (5, 7), (7, 6)], [(0, 2), (0, 3), (0, 4), (0, 5), (1, 2), (1, 4), (1, 5), (1, 6), (2, 3), (2, 6), (5, 4), (7, 1), (7, 5), (7, 6)], [(3, 0), (0, 4), (0, 5), (2, 1), (1, 4), (1, 7), (3, 2), (4, 5), (5, 7), (7, 6)], [(0, 4), (0, 5), (1, 4), (1, 5), (1, 7), (2, 1), (3, 0), (3, 2), (5, 4), (6, 1), (6, 7), (7, 5)]], [[(1, 0), (2, 0), (2, 5), (3, 5), (4, 3), (4, 7), (5, 7)], [(0, 1), (0, 2), (2, 5), (4, 3), (4, 7), (5, 3), (5, 7)], [(0, 1), (0, 2), (2, 1), (3, 4), (4, 2), (5, 0), (5, 1), (5, 2), (5, 3), (7, 3), (7, 4), (7, 5)], [(1, 0), (2, 0), (5, 2), (4, 3), (5, 3), (4, 7), (5, 7)], [(0, 1), (0, 2), (0, 5), (1, 2), (3, 5), (4, 2), (4, 3), (4, 7), (5, 2), (7, 5)]], [[(0, 4), (1, 2), (1, 3), (3, 6), (4, 5), (4, 6), (7, 0), (7, 1)], [(0, 3), (0, 4), (1, 2), (1, 3), (1, 7), (3, 6), (4, 5), (4, 6), (7, 0), (7, 6)], [(0, 1), (0, 3), (0, 7), (1, 2), (1, 7), (3, 1), (3, 6), (4, 0), (4, 5), (4, 6), (4, 7), (6, 7)], [(0, 4), (7, 0), (1, 2), (1, 3), (7, 1), (6, 3), (4, 5), (4, 6)], [(0, 3), (0, 4), (0, 6), (1, 2), (1, 3), (4, 3), (4, 5), (4, 6), (6, 3), (7, 0), (7, 1), (7, 6)]], [[(0, 1), (1, 2), (1, 5), (2, 6), (2, 7), (3, 5), (4, 5), (4, 6), (5, 7)], [(0, 1), (1, 2), (1, 5), (4, 1), (4, 5), (4, 6), (5, 3), (5, 7), (6, 2), (7, 2), (7, 3)], [(1, 0), (1, 2), (1, 3), (1, 6), (2, 6), (4, 2), (5, 1), (5, 3), (5, 4), (7, 2), (7, 3), (7, 5), (7, 6)], [(1, 0), (2, 1), (5, 1), (2, 6), (2, 7), (5, 3), (5, 4), (4, 6), (5, 7)], [(1, 0), (1, 2), (1, 5), (3, 5), (4, 2), (4, 3), (4, 5), (4, 7), (6, 2), (6, 4), (7, 2), (7, 5)]], [[(0, 3), (0, 5), (0, 6), (1, 6), (1, 7), (2, 3), (2, 5), (4, 5), (5, 7)], [(0, 3), (0, 5), (1, 0), (1, 6), (1, 7), (2, 3), (2, 4), (2, 5), (5, 4), (6, 0), (7, 5)], [(0, 3), (1, 0), (1, 3), (1, 7), (3, 4), (3, 7), (5, 0), (5, 2), (5, 3), (5, 4), (5, 7), (6, 0), (6, 1), (6, 4), (6, 5), (7, 2)], [(0, 3), (0, 5), (6, 0), (1, 6), (7, 1), (2, 3), (2, 5), (5, 4), (7, 5)], [(1, 0), (1, 2), (1, 7), (2, 7), (3, 0), (3, 5), (3, 7), (4, 5), (5, 0), (5, 2), (5, 7), (6, 0), (6, 1), (6, 3), (6, 5)]], [[(0, 3), (0, 7), (1, 2), (2, 3), (2, 7), (3, 4), (4, 6), (5, 1), (5, 4)], [(0, 2), (0, 3), (0, 7), (1, 2), (2, 7), (3, 2), (3, 4), (4, 6), (5, 1), (5, 2), (5, 4)], [(0, 7), (1, 5), (2, 1), (2, 7), (3, 0), (3, 2), (3, 4), (3, 7), (4, 6), (5, 4)], [(3, 0), (0, 7), (1, 2), (1, 5), (3, 2), (2, 7), (3, 4), (5, 4), (4, 6)], [(0, 7), (1, 2), (1, 5), (2, 5), (2, 7), (3, 0), (3, 2), (3, 4), (3, 7), (4, 6), (5, 4)]], [[(0, 1), (0, 2), (0, 7), (1, 3), (2, 4), (2, 7), (3, 7), (4, 6), (5, 6), (5, 7)], [(0, 1), (2, 4), (2, 7), (3, 1), (3, 7), (4, 0), (6, 4), (6, 5), (7, 0), (7, 5)], [(0, 6), (1, 0), (2, 0), (2, 1), (2, 4), (2, 7), (3, 1), (3, 7), (6, 4), (6, 5), (7, 0), (7, 1), (7, 5)], [(0, 1), (2, 0), (0, 7), (3, 1), (2, 4), (2, 7), (3, 7), (6, 4), (6, 5), (7, 5)], [(0, 1), (0, 2), (0, 4), (0, 7), (1, 7), (2, 7), (3, 1), (3, 7), (4, 2), (6, 0), (6, 2), (6, 4), (6, 5), (7, 5)]], [[(0, 3), (1, 5), (2, 5), (3, 2), (4, 0), (4, 1), (6, 0), (7, 3), (7, 5)], [(1, 4), (1, 5), (2, 3), (2, 5), (3, 0), (4, 0), (5, 7), (6, 0), (7, 3)], [(0, 1), (1, 4), (1, 5), (2, 5), (3, 0), (3, 1), (3, 2), (3, 4), (6, 0), (7, 3), (7, 5)], [(3, 0), (4, 0), (6, 0), (1, 4), (1, 5), (2, 3), (2, 5), (7, 3), (5, 7)], [(1, 0), (1, 5), (2, 5), (3, 0), (3, 1), (3, 2), (4, 1), (6, 0), (7, 3), (7, 5)]], [[(0, 2), (0, 5), (1, 0), (1, 3), (3, 5), (4, 2), (4, 3), (6, 3), (6, 5), (7, 3), (7, 5)], [(0, 5), (1, 0), (1, 3), (2, 0), (2, 4), (3, 5), (3, 6), (3, 7), (4, 1), (4, 3), (5, 6), (5, 7)], [(0, 1), (0, 2), (1, 4), (2, 1), (2, 4), (2, 6), (2, 7), (3, 1), (3, 2), (3, 4), (3, 6), (3, 7), (5, 0), (5, 2), (5, 3), (7, 6)], [(1, 0), (2, 0), (0, 5), (1, 3), (4, 2), (4, 3), (3, 5), (3, 6), (3, 7), (5, 6), (5, 7)], [(0, 1), (0, 5), (2, 0), (2, 3), (2, 4), (2, 5), (3, 0), (3, 1), (3, 4), (3, 5), (4, 1), (6, 3), (7, 3)]], [[(0, 5), (1, 5), (1, 6), (2, 0), (2, 6), (3, 5), (3, 7), (4, 0), (4, 6), (4, 7), (7, 2)], [(0, 2), (0, 4), (0, 5), (1, 5), (2, 5), (2, 7), (4, 1), (4, 3), (4, 6), (5, 3), (6, 1), (6, 2), (6, 7), (7, 3)], [(0, 1), (0, 3), (0, 4), (0, 5), (2, 1), (2, 4), (3, 1), (3, 2), (5, 1), (5, 2), (5, 3), (6, 0), (6, 1), (6, 2), (6, 3), (6, 4), (7, 0), (7, 2), (7, 3), (7, 6)], [(0, 2), (0, 4), (5, 0), (1, 5), (1, 6), (6, 2), (7, 2), (3, 5), (3, 7), (4, 6), (4, 7)], [(0, 4), (1, 0), (1, 4), (1, 5), (1, 6), (2, 5), (2, 6), (3, 0), (3, 4), (3, 5), (3, 6), (3, 7), (4, 6), (5, 0), (7, 0), (7, 2), (7, 4), (7, 5), (7, 6)]], [[(0, 3), (1, 6), (2, 0), (2, 1), (3, 6), (4, 1), (5, 6), (7, 1), (7, 3), (7, 4)], [(0, 3), (1, 2), (2, 0), (4, 1), (4, 7), (5, 6), (6, 1), (6, 3), (7, 1), (7, 3)], [(0, 2), (0, 3), (1, 2), (1, 7), (4, 0), (4, 1), (4, 7), (6, 1), (6, 3), (6, 5), (7, 2), (7, 3)], [(2, 0), (0, 3), (1, 2), (1, 4), (1, 6), (7, 1), (3, 6), (7, 3), (7, 4), (6, 5)], [(0, 2), (0, 3), (1, 2), (4, 0), (4, 1), (4, 7), (6, 1), (6, 3), (6, 5), (7, 1), (7, 2), (7, 3)]], [[(0, 2), (1, 3), (3, 0), (4, 2), (5, 2), (7, 0), (7, 3), (7, 6)], [(0, 2), (1, 3), (3, 0), (4, 2), (5, 2), (6, 7), (7, 0), (7, 3)], [(0, 2), (0, 3), (2, 4), (2, 5), (3, 1), (7, 0), (7, 3), (7, 6)], [(0, 2), (3, 0), (7, 0), (1, 3), (4, 2), (5, 2), (7, 3), (7, 6)], [(0, 2), (0, 3), (1, 0), (1, 3), (4, 2), (5, 2), (7, 0), (7, 3), (7, 6)]], [[(0, 5), (1, 5), (2, 3), (3, 4), (3, 5), (3, 6), (4, 7), (5, 7), (6, 7)], [(0, 5), (2, 3), (4, 3), (4, 7), (5, 1), (5, 3), (5, 7), (6, 1), (6, 3), (7, 6)], [(1, 0), (2, 5), (2, 6), (3, 2), (3, 5), (3, 6), (4, 3), (4, 5), (4, 6), (4, 7), (5, 0), (5, 1), (5, 7), (6, 0), (6, 1), (6, 5), (6, 7)], [(0, 5), (1, 5), (2, 3), (4, 3), (5, 3), (6, 3), (4, 7), (5, 7), (7, 6)], [(0, 5), (1, 5), (2, 3), (4, 3), (4, 7), (5, 3), (5, 7), (6, 3), (6, 5), (6, 7)]], [[(0, 4), (1, 4), (2, 3), (2, 7), (3, 1), (3, 4), (5, 4), (6, 7), (7, 0)], [(0, 3), (0, 4), (0, 7), (2, 3), (2, 4), (3, 1), (3, 4), (4, 1), (4, 5), (7, 2), (7, 6)], [(2, 6), (3, 0), (3, 1), (3, 2), (3, 4), (4, 0), (4, 1), (4, 5), (7, 0), (7, 2), (7, 6)], [(0, 4), (7, 0), (3, 1), (4, 1), (2, 3), (2, 7), (3, 4), (4, 5), (6, 7)], [(1, 3), (2, 3), (2, 7), (3, 0), (4, 0), (4, 1), (4, 2), (4, 3), (4, 5), (6, 7), (7, 0)]], [[(0, 6), (1, 0), (3, 1), (3, 6), (4, 0), (4, 1), (4, 2), (5, 1), (7, 6)], [(0, 1), (1, 5), (2, 4), (3, 1), (3, 6), (4, 0), (4, 1), (4, 3), (6, 0), (7, 6)], [(0, 1), (0, 4), (0, 6), (1, 4), (1, 5), (3, 0), (3, 1), (3, 4), (3, 5), (3, 6), (4, 2), (7, 6)], [(1, 0), (4, 0), (0, 6), (3, 1), (4, 1), (1, 5), (4, 2), (3, 6), (7, 6)], [(0, 1), (0, 3), (0, 4), (0, 5), (0, 6), (1, 4), (3, 1), (3, 4), (3, 6), (4, 2), (5, 1), (5, 4), (7, 6)]], [[(0, 1), (0, 5), (0, 7), (1, 6), (2, 7), (4, 0), (4, 5), (5, 1), (5, 2), (5, 3), (6, 7)], [(0, 1), (0, 4), (0, 5), (0, 7), (4, 3), (4, 5), (5, 1), (5, 2), (5, 3), (6, 1), (6, 2), (6, 7)], [(0, 1), (0, 4), (0, 7), (1, 6), (2, 1), (2, 7), (5, 0), (5, 1), (5, 2), (5, 3), (5, 4), (7, 6)], [(0, 1), (0, 4), (0, 5), (0, 7), (1, 5), (6, 1), (2, 5), (7, 2), (5, 3), (5, 4), (6, 7)], [(1, 0), (1, 5), (1, 6), (2, 4), (2, 5), (2, 7), (4, 0), (5, 0), (5, 3), (5, 4), (7, 0), (7, 4), (7, 6)]], [[(0, 2), (1, 3), (3, 2), (5, 2), (5, 3), (5, 4), (6, 3), (6, 4), (7, 0), (7, 5)], [(0, 2), (0, 7), (1, 3), (2, 5), (3, 2), (3, 5), (3, 6), (5, 4), (5, 7), (6, 4)], [(0, 2), (3, 1), (3, 2), (5, 2), (5, 3), (5, 4), (6, 3), (6, 4), (6, 5), (7, 0), (7, 5)], [(0, 2), (0, 7), (3, 1), (3, 2), (2, 5), (3, 5), (3, 6), (5, 4), (6, 4), (5, 7)], [(0, 2), (3, 1), (3, 2), (4, 5), (4, 6), (5, 2), (5, 3), (5, 6), (6, 3), (7, 0), (7, 5), (7, 6)]], [[(2, 0), (3, 1), (4, 0), (4, 3), (6, 4), (7, 0)], [(0, 2), (0, 7), (1, 3), (3, 4), (4, 0), (4, 6), (4, 7)], [(0, 4), (2, 0), (2, 3), (3, 1), (4, 3), (4, 6), (7, 0), (7, 4), (7, 6)], [(2, 0), (4, 0), (7, 0), (3, 1), (4, 3), (6, 4)], [(0, 4), (0, 6), (2, 0), (3, 0), (3, 1), (3, 4), (3, 6), (6, 4), (7, 0), (7, 4), (7, 6)]], [[(0, 4), (0, 6), (0, 7), (1, 4), (1, 6), (2, 4), (2, 7), (3, 7), (5, 2), (6, 7)], [(0, 4), (1, 2), (1, 4), (1, 6), (2, 4), (2, 5), (2, 7), (3, 7), (4, 5), (6, 0), (6, 7), (7, 0)], [(0, 3), (0, 4), (0, 6), (0, 7), (1, 4), (1, 6), (2, 0), (2, 1), (2, 4), (2, 5), (2, 7), (6, 5), (6, 7), (7, 3)], [(0, 4), (0, 6), (0, 7), (4, 1), (1, 6), (2, 4), (2, 5), (2, 7), (7, 3), (6, 7)], [(0, 2), (0, 3), (0, 4), (0, 6), (0, 7), (1, 4), (1, 6), (2, 5), (2, 7), (3, 7), (4, 2), (6, 5), (6, 7)]], [[(0, 1), (0, 6), (1, 5), (1, 7), (3, 2), (4, 6), (5, 6), (6, 3), (6, 7)], [(1, 0), (1, 5), (1, 7), (3, 2), (5, 6), (6, 0), (6, 3), (6, 4), (7, 6)], [(0, 1), (0, 4), (0, 6), (3, 2), (5, 1), (6, 3), (6, 4), (6, 5), (7, 1), (7, 4), (7, 5), (7, 6)], [(0, 1), (0, 6), (5, 1), (7, 1), (3, 2), (6, 3), (4, 6), (6, 5), (7, 6)], [(0, 1), (0, 6), (3, 2), (4, 6), (5, 1), (6, 3), (6, 5), (7, 1), (7, 5), (7, 6)]], [[(0, 1), (0, 2), (0, 3), (1, 6), (2, 7), (3, 6), (4, 1), (4, 3), (5, 2), (5, 7)], [(0, 1), (0, 2), (0, 3), (1, 4), (2, 7), (4, 3), (5, 2), (5, 7), (6, 1), (6, 3)], [(0, 1), (0, 2), (0, 3), (1, 4), (1, 6), (2, 1), (2, 4), (2, 7), (3, 1), (3, 4), (3, 6), (5, 2), (5, 3), (5, 7)], [(0, 1), (0, 2), (0, 3), (4, 1), (1, 6), (5, 2), (2, 7), (3, 4), (3, 6), (5, 7)], [(0, 2), (0, 3), (1, 0), (1, 4), (1, 6), (2, 7), (3, 6), (4, 2), (4, 3), (5, 2), (5, 3), (5, 7)]], [[(0, 1), (0, 2), (0, 6), (2, 3), (2, 4), (3, 6), (4, 5), (5, 1), (5, 7), (6, 7)], [(0, 1), (0, 2), (0, 6), (2, 4), (3, 2), (3, 6), (5, 1), (5, 4), (5, 7), (6, 7)], [(0, 1), (0, 2), (2, 1), (2, 3), (2, 4), (5, 1), (5, 4), (5, 7), (6, 0), (6, 3), (6, 7)], [(1, 0), (2, 0), (0, 6), (1, 5), (2, 3), (2, 4), (6, 3), (5, 4), (5, 7), (6, 7)], [(0, 1), (2, 0), (2, 1), (2, 3), (2, 4), (2, 6), (5, 1), (5, 4), (5, 7), (6, 0), (6, 3), (6, 7)]], [[(0, 3), (0, 6), (1, 4), (2, 3), (2, 6), (3, 7), (4, 0), (4, 6), (5, 0), (5, 4), (6, 7)], [(0, 3), (0, 4), (0, 5), (0, 6), (2, 5), (3, 2), (3, 7), (4, 1), (4, 5), (4, 6), (6, 2), (6, 7), (7, 5)], [(0, 3), (0, 4), (0, 5), (2, 5), (3, 2), (3, 4), (3, 7), (4, 1), (4, 5), (6, 0), (6, 2), (6, 4), (6, 7), (7, 5)], [(3, 0), (0, 4), (5, 0), (0, 6), (4, 1), (3, 2), (6, 2), (3, 7), (5, 4), (6, 4), (6, 7)], [(0, 5), (2, 5), (3, 0), (3, 2), (3, 6), (3, 7), (4, 0), (4, 1), (4, 5), (6, 0), (6, 2), (6, 4), (6, 7), (7, 5)]], [[(0, 1), (0, 2), (0, 3), (1, 4), (2, 6), (3, 5), (4, 5), (5, 6), (7, 0)], [(0, 1), (0, 2), (0, 3), (0, 7), (1, 4), (3, 5), (5, 4), (6, 2), (6, 5), (6, 7)], [(0, 2), (0, 7), (1, 0), (1, 3), (1, 4), (3, 0), (5, 3), (5, 4), (6, 2), (6, 3), (6, 5)], [(0, 1), (0, 2), (0, 3), (7, 0), (1, 4), (6, 2), (3, 5), (5, 4), (6, 5)], [(0, 2), (0, 3), (0, 7), (1, 0), (1, 4), (1, 5), (3, 5), (5, 4), (6, 2), (6, 5)]], [[(0, 3), (0, 5), (0, 6), (2, 1), (2, 3), (2, 4), (3, 1), (3, 7), (4, 5), (4, 6), (5, 1), (6, 7)], [(0, 5), (0, 6), (1, 2), (1, 3), (1, 5), (2, 3), (2, 4), (2, 7), (3, 0), (3, 7), (4, 5), (6, 4), (7, 6)], [(0, 5), (2, 1), (3, 0), (3, 1), (3, 2), (4, 2), (4, 3), (4, 5), (4, 6), (5, 1), (6, 0), (6, 3), (7, 0), (7, 2), (7, 3), (7, 6)], [(3, 0), (5, 0), (0, 6), (2, 1), (1, 3), (5, 1), (2, 3), (2, 4), (3, 7), (5, 4), (6, 4), (7, 6)], [(0, 2), (0, 3), (0, 4), (0, 5), (0, 6), (2, 1), (2, 3), (2, 7), (3, 1), (3, 6), (3, 7), (4, 2), (4, 5), (4, 6), (5, 1), (7, 6)]], [[(2, 0), (2, 5), (3, 0), (3, 1), (3, 4), (3, 5)], [(1, 3), (2, 0), (2, 5), (3, 0), (3, 4), (3, 5)], [(0, 2), (2, 5), (3, 0), (3, 1), (3, 4), (3, 5)], [(2, 0), (3, 0), (3, 1), (2, 5), (3, 4), (3, 5)], [(2, 0), (2, 5), (3, 0), (3, 1), (3, 4), (3, 5)]], [[(0, 3), (0, 5), (1, 5), (1, 6), (2, 6), (3, 2), (3, 5), (4, 0), (4, 6), (7, 0), (7, 1)], [(0, 4), (0, 5), (0, 7), (1, 5), (2, 3), (2, 6), (3, 0), (3, 5), (4, 6), (6, 1), (7, 1), (7, 4)], [(0, 1), (0, 2), (0, 3), (0, 5), (0, 6), (0, 7), (1, 2), (1, 5), (1, 7), (2, 6), (3, 2), (3, 5), (3, 6), (4, 0), (4, 6), (4, 7)], [(0, 3), (4, 0), (0, 5), (7, 0), (1, 5), (1, 6), (7, 1), (3, 2), (6, 2), (5, 3), (6, 4)], [(0, 1), (0, 2), (0, 3), (0, 5), (0, 7), (1, 2), (1, 5), (1, 6), (1, 7), (3, 2), (4, 0), (4, 2), (4, 6), (4, 7), (5, 3), (6, 2)]], [[(0, 1), (0, 2), (0, 4), (1, 6), (3, 2), (3, 6), (5, 1), (5, 4), (5, 6), (7, 3), (7, 6)], [(0, 1), (0, 2), (0, 4), (1, 6), (3, 2), (3, 7), (5, 1), (5, 4), (5, 6), (6, 3), (6, 7)], [(1, 0), (1, 3), (1, 6), (2, 0), (3, 2), (3, 6), (3, 7), (4, 0), (5, 1), (5, 4), (5, 6), (5, 7), (6, 7)], [(1, 0), (2, 0), (4, 0), (5, 1), (6, 1), (3, 2), (3, 6), (7, 3), (5, 4), (5, 6), (7, 6)], [(1, 0), (2, 0), (3, 2), (3, 6), (3, 7), (4, 0), (5, 1), (5, 4), (5, 7), (6, 1), (6, 5), (6, 7)]], [[(0, 4), (1, 2), (1, 4), (3, 2), (3, 7), (4, 7), (5, 3), (6, 3)], [(0, 4), (1, 2), (1, 4), (3, 2), (3, 5), (3, 6), (3, 7), (4, 7)], [(1, 2), (3, 2), (3, 5), (3, 6), (3, 7), (4, 0), (4, 1), (4, 7)], [(0, 4), (1, 2), (1, 4), (3, 2), (3, 5), (3, 6), (3, 7), (4, 7)], [(1, 0), (1, 2), (1, 4), (3, 2), (3, 5), (3, 6), (3, 7), (4, 0), (4, 7)]], [[(1, 0), (1, 3), (1, 4), (2, 3), (2, 5), (4, 5), (6, 5), (7, 4), (7, 5)], [(1, 0), (2, 3), (2, 4), (2, 5), (3, 1), (3, 7), (4, 1), (5, 4), (5, 6), (5, 7), (6, 7)], [(1, 0), (3, 1), (3, 2), (3, 7), (4, 1), (4, 2), (5, 2), (5, 3), (5, 4), (5, 7), (6, 4), (6, 5), (6, 7)], [(1, 0), (1, 3), (4, 1), (3, 2), (2, 5), (4, 5), (4, 7), (5, 6), (5, 7)], [(1, 0), (1, 3), (1, 4), (2, 5), (2, 6), (3, 2), (3, 5), (4, 5), (4, 7), (6, 5), (7, 2), (7, 5)]], [[(1, 0), (1, 6), (2, 6), (3, 1), (4, 5), (4, 6), (7, 2), (7, 6)], [(0, 1), (1, 3), (1, 6), (1, 7), (2, 6), (4, 5), (4, 6), (7, 2), (7, 6)], [(1, 0), (3, 1), (4, 1), (4, 2), (5, 1), (5, 4), (5, 6), (6, 1), (6, 2), (6, 4), (7, 1), (7, 4), (7, 6)], [(1, 0), (3, 1), (6, 1), (2, 6), (7, 2), (4, 5), (4, 6), (7, 6)], [(1, 0), (2, 6), (2, 7), (3, 1), (4, 1), (4, 5), (4, 6), (5, 1), (6, 1), (7, 1), (7, 6)]], [[(0, 7), (1, 3), (1, 7), (2, 7), (3, 2), (3, 5), (4, 0), (4, 3), (5, 2), (5, 6), (6, 7)], [(1, 3), (1, 7), (3, 2), (3, 4), (3, 5), (4, 0), (5, 2), (5, 6), (7, 0), (7, 2), (7, 6)], [(3, 1), (3, 2), (3, 4), (4, 0), (5, 2), (5, 3), (5, 6), (7, 0), (7, 1), (7, 2), (7, 4), (7, 6)], [(4, 0), (7, 0), (1, 3), (1, 7), (2, 3), (2, 5), (2, 7), (3, 4), (3, 5), (5, 6), (7, 6)], [(0, 4), (3, 0), (3, 1), (3, 2), (3, 4), (5, 2), (5, 3), (5, 6), (7, 0), (7, 1), (7, 2), (7, 4), (7, 6)]], [[(0, 2), (1, 0), (1, 2), (2, 4), (3, 4), (3, 6), (4, 5), (5, 6), (7, 4)], [(0, 1), (0, 2), (1, 2), (2, 4), (3, 4), (3, 6), (4, 5), (6, 5), (7, 2), (7, 4)], [(1, 0), (2, 0), (2, 1), (2, 6), (3, 0), (3, 1), (3, 2), (3, 4), (3, 6), (4, 2), (4, 5), (6, 1), (6, 5), (7, 1), (7, 4)], [(1, 0), (2, 0), (2, 1), (2, 4), (3, 4), (3, 6), (4, 5), (4, 7), (6, 5)], [(0, 1), (0, 2), (1, 2), (2, 4), (3, 1), (3, 4), (4, 5), (6, 2), (6, 3), (6, 5), (7, 2), (7, 4)]], [[(0, 1), (1, 3), (2, 1), (2, 7), (4, 3), (5, 3), (5, 4), (6, 3), (6, 7)], [(0, 1), (1, 3), (2, 1), (2, 7), (4, 3), (4, 5), (5, 3), (6, 3), (6, 7)], [(1, 0), (1, 3), (2, 1), (2, 7), (4, 3), (5, 3), (5, 4), (6, 3), (6, 7)], [(0, 1), (2, 1), (1, 3), (2, 7), (4, 3), (5, 3), (6, 3), (5, 4), (6, 7)], [(0, 1), (1, 3), (2, 1), (2, 7), (4, 3), (4, 5), (5, 3), (6, 3), (6, 7)]], [[(2, 0), (3, 0), (4, 0), (4, 1), (5, 0), (5, 1), (5, 2), (6, 4), (7, 2), (7, 3)], [(1, 4), (1, 5), (2, 0), (2, 7), (3, 0), (3, 7), (4, 0), (4, 6), (5, 0), (5, 2)], [(0, 5), (2, 0), (2, 5), (2, 7), (3, 0), (3, 7), (4, 0), (4, 1), (5, 1), (6, 4)], [(2, 0), (3, 0), (4, 0), (5, 0), (1, 4), (5, 1), (2, 5), (2, 7), (3, 7), (4, 6)], [(0, 5), (2, 0), (2, 5), (2, 7), (3, 0), (3, 7), (4, 0), (4, 1), (4, 6), (5, 1)]], [[(0, 1), (0, 7), (1, 4), (1, 6), (3, 6), (3, 7), (4, 7), (5, 2), (5, 4), (5, 6)], [(0, 1), (0, 7), (1, 4), (1, 6), (3, 1), (3, 6), (3, 7), (4, 5), (5, 2), (5, 6), (7, 4)], [(0, 1), (0, 4), (0, 7), (1, 3), (1, 4), (1, 6), (3, 4), (3, 7), (4, 7), (5, 0), (5, 2), (5, 6), (6, 3), (6, 4)], [(0, 1), (0, 7), (4, 1), (1, 6), (5, 2), (3, 6), (3, 7), (4, 5), (4, 7), (5, 6)], [(0, 1), (0, 5), (0, 7), (2, 5), (3, 1), (3, 6), (3, 7), (4, 1), (4, 7), (5, 1), (5, 4), (5, 6), (6, 1)]], [[(0, 1), (0, 5), (1, 2), (1, 6), (2, 5), (3, 4), (3, 6), (4, 5), (7, 3)], [(0, 1), (0, 5), (1, 2), (1, 6), (3, 4), (3, 6), (3, 7), (4, 2), (5, 2), (5, 4)], [(1, 0), (1, 4), (1, 6), (2, 1), (2, 4), (3, 2), (3, 4), (3, 6), (3, 7), (5, 0), (5, 2), (5, 4), (5, 7), (7, 0), (7, 1), (7, 2)], [(1, 0), (5, 0), (1, 2), (1, 6), (2, 5), (3, 4), (3, 6), (7, 3), (5, 4)], [(1, 0), (1, 2), (1, 6), (3, 4), (3, 6), (4, 2), (5, 0), (5, 1), (5, 2), (5, 4), (7, 0), (7, 1), (7, 2), (7, 3)]], [[(1, 4), (1, 7), (2, 1), (3, 2), (3, 4), (4, 5), (5, 0), (5, 7), (6, 1), (6, 5)], [(0, 5), (2, 1), (2, 3), (3, 4), (4, 1), (5, 4), (5, 6), (5, 7), (6, 1), (7, 1)], [(2, 1), (2, 3), (2, 5), (3, 5), (4, 1), (4, 2), (4, 3), (4, 5), (5, 0), (6, 1), (6, 3), (6, 4), (6, 5), (7, 1), (7, 5), (7, 6)], [(5, 0), (2, 1), (4, 1), (6, 1), (7, 1), (3, 2), (4, 3), (5, 4), (5, 6), (7, 5)], [(2, 1), (2, 3), (4, 1), (4, 2), (4, 3), (5, 0), (5, 3), (5, 4), (5, 6), (5, 7), (6, 1), (6, 3), (7, 1), (7, 3)]], [[(0, 3), (1, 0), (1, 2), (2, 3), (3, 4), (5, 6), (6, 2), (6, 3), (7, 4), (7, 5)], [(0, 1), (0, 3), (1, 2), (3, 2), (3, 4), (3, 6), (5, 7), (6, 2), (6, 5), (7, 4)], [(1, 0), (1, 2), (3, 0), (3, 2), (3, 4), (5, 6), (6, 2), (6, 3), (7, 4), (7, 5)], [(1, 0), (3, 0), (1, 2), (2, 3), (6, 2), (3, 4), (6, 3), (7, 4), (5, 6), (7, 5)], [(0, 1), (1, 2), (3, 0), (3, 2), (3, 4), (3, 6), (5, 7), (6, 2), (6, 5), (7, 4)]], [[(0, 1), (0, 2), (2, 3), (2, 6), (3, 5), (4, 1), (5, 1), (5, 6), (6, 1), (7, 2), (7, 5)], [(0, 1), (0, 2), (1, 4), (1, 5), (1, 6), (3, 2), (3, 5), (6, 2), (6, 5), (7, 2), (7, 5)], [(0, 1), (0, 2), (0, 6), (1, 4), (2, 3), (5, 1), (5, 2), (5, 3), (5, 6), (6, 1), (6, 2), (7, 1), (7, 2), (7, 3), (7, 5)], [(1, 0), (2, 0), (1, 4), (1, 5), (1, 6), (3, 2), (2, 6), (7, 2), (3, 5), (5, 6), (7, 5)], [(0, 2), (1, 0), (1, 5), (1, 6), (3, 0), (3, 2), (3, 5), (4, 1), (6, 2), (6, 5), (6, 7), (7, 2), (7, 5)]], [[(1, 7), (2, 0), (2, 7), (3, 2), (5, 1), (6, 1), (7, 4)], [(1, 3), (1, 5), (2, 0), (2, 3), (2, 5), (4, 7), (6, 1), (7, 1), (7, 2)], [(1, 3), (1, 5), (1, 7), (2, 0), (2, 3), (2, 5), (2, 7), (6, 1), (6, 7), (7, 4)], [(2, 0), (5, 1), (6, 1), (7, 1), (3, 2), (7, 2), (7, 4)], [(1, 3), (1, 5), (2, 0), (2, 1), (2, 3), (2, 5), (4, 7), (6, 1), (7, 1), (7, 2)]], [[(0, 1), (0, 4), (1, 2), (1, 7), (2, 4), (4, 7), (5, 2), (6, 3)], [(0, 1), (0, 4), (1, 7), (2, 1), (2, 5), (3, 6), (4, 2), (4, 7), (5, 1), (5, 7)], [(0, 1), (0, 4), (0, 7), (1, 2), (1, 7), (2, 4), (5, 0), (5, 2), (5, 7), (6, 3), (7, 4)], [(1, 0), (4, 0), (1, 2), (7, 1), (2, 4), (5, 2), (6, 3), (7, 4)], [(0, 1), (2, 1), (2, 7), (4, 0), (4, 2), (4, 5), (4, 7), (5, 1), (5, 2), (6, 3), (7, 1)]], [[(0, 3), (0, 4), (2, 4), (2, 6), (2, 7), (3, 4), (3, 6), (3, 7), (5, 3), (5, 6), (7, 6)], [(0, 3), (0, 4), (2, 3), (2, 7), (4, 2), (4, 3), (5, 3), (6, 2), (6, 5), (6, 7), (7, 3)], [(0, 3), (2, 0), (2, 3), (2, 4), (2, 6), (2, 7), (4, 0), (4, 3), (5, 3), (5, 6), (6, 0), (6, 4), (6, 7), (7, 3), (7, 4)], [(0, 3), (0, 4), (2, 4), (6, 2), (2, 7), (3, 4), (5, 3), (3, 6), (3, 7), (5, 6), (6, 7)], [(0, 3), (0, 4), (2, 3), (2, 4), (4, 3), (5, 3), (6, 0), (6, 2), (6, 4), (6, 5), (6, 7), (7, 2), (7, 3)]], [[(0, 3), (0, 4), (1, 4), (2, 0), (2, 1), (2, 3), (5, 4), (6, 3), (7, 4), (7, 5)], [(0, 3), (0, 4), (1, 2), (1, 4), (2, 0), (2, 3), (4, 5), (4, 7), (5, 7), (6, 3)], [(0, 3), (0, 4), (0, 6), (1, 4), (2, 0), (2, 1), (2, 3), (4, 5), (4, 7), (6, 3), (7, 5)], [(2, 0), (0, 3), (0, 4), (2, 1), (1, 4), (2, 3), (6, 3), (4, 5), (7, 4), (7, 5)], [(0, 2), (0, 3), (0, 4), (1, 4), (2, 1), (2, 3), (4, 5), (6, 3), (7, 4), (7, 5)]], [[(0, 5), (1, 4), (2, 4), (2, 5), (3, 6), (3, 7), (4, 7), (5, 6), (7, 0)], [(1, 4), (2, 4), (2, 5), (3, 4), (3, 6), (3, 7), (5, 0), (5, 6), (7, 0), (7, 4)], [(0, 1), (0, 5), (2, 0), (2, 1), (2, 3), (2, 4), (2, 5), (2, 6), (4, 1), (4, 3), (6, 0), (6, 1), (6, 3), (6, 5), (7, 0), (7, 3), (7, 4), (7, 6)], [(5, 0), (7, 0), (1, 4), (2, 4), (5, 2), (3, 6), (7, 3), (7, 4), (5, 6)], [(0, 3), (0, 4), (0, 7), (1, 4), (2, 4), (2, 5), (2, 7), (3, 6), (3, 7), (4, 7), (5, 0), (5, 3), (5, 6), (6, 4)]], [[(1, 6), (3, 0), (3, 6), (4, 0), (5, 0), (7, 3), (7, 5)], [(0, 3), (0, 4), (0, 5), (1, 6), (3, 6), (7, 3), (7, 5)], [(3, 0), (3, 6), (3, 7), (4, 0), (5, 0), (5, 7), (6, 1)], [(3, 0), (4, 0), (5, 0), (1, 6), (3, 6), (7, 3), (7, 5)], [(1, 6), (3, 0), (3, 6), (4, 0), (5, 0), (7, 3), (7, 5)]]]

