Number of nodes=8
Number of samples=10000
Cut of limit used=0.01
total_score_gis=-80573.29992632389

score_vector_gis=[-4194.956608930505, -3910.1193185412276, -4080.2326381643443, -3960.9384819044, -4023.295234825185, -3935.5059539674558, -3934.0236037046234, -4118.1675390009095, -4087.706452629512, -4031.535207951003, -3973.9268166529623, -3971.238964547917, -4024.394976240605, -4107.311431348474, -4150.1405635100655, -4015.724109042112, -4028.052066495187, -3985.4569380886855, -4046.4758467065867, -3994.0971740721134]
step_vector_gis=[3, 7, 1, 9, 1, 2, 0, 2, 5, 6, 1, 0, 1, 16, 2, 0, 5, 4, 4, 0]

return_dags_vector=[['gis'], [[(0, 5), (7, 0), (6, 2)]], [[(1, 4), (1, 5), (1, 6), (3, 2), (7, 6)]], [[(5, 3)]], [[(0, 7), (2, 1), (2, 7)]], [[(6, 1)]], [[(5, 1), (3, 2)]], [[]], [[(5, 1), (6, 2)]], [[(5, 0), (2, 1), (6, 5)]], [[(4, 0), (2, 5), (7, 2), (6, 4)]], [[(4, 3)]], [[]], [[(6, 1)]], [[(3, 0), (4, 0), (7, 0), (7, 2)]], [[(6, 1), (7, 5)]], [[]], [[(2, 1), (3, 2), (7, 6)]], [[(2, 4), (6, 2), (5, 3), (7, 5)]], [[(0, 7), (6, 4), (5, 7)]], [[]]]

