Number of nodes=8
Number of samples=1000
Cut of limit used=0.0001
total_score_ges=-8135.104561055279
total_score_pc=-9955.090657858631
total_score_mmhc=-9122.389004082292
total_score_greedySP=-8193.99426698875
total_score_gis=-8143.38086513181
total_score_gies=-8134.961516231611
total_score_ske=-9440.286582117333
total_score_gis_rec_phased_b=-8134.961516231611
total_score_true=-8142.504714614293
shd dist ges to true=[20, 24]
shd dist pc to true=[23, 20]
shd dist mmhc to true=[25, 23]
shd dist greedySP to true=[25, 24]
shd dist gis to true=[23, 20]
shd dist gies to true=[20, 24]
shd dist ske to true=[24, 21]
shd dist gis_rec_phased_b to true=[20, 24]

score_vector_ges=[-4049.4782599248074, -4085.6263011304723]

score_vector_pc=[-4798.297677467518, -5156.792980391113]

score_vector_mmhc=[-4436.03165161133, -4686.357352470962]

score_vector_greedySP=[-4093.252768395856, -4100.7414985928945]

score_vector_gis=[-4055.7233926378694, -4087.6574724939414]

score_vector_gies=[-4049.4782599248074, -4085.4832563068035]

score_vector_ske=[-4634.110173269927, -4806.176408847405]

score_vector_gis_rec_phased_b=[-4049.4782599248083, -4085.483256306803]

score_vector_true=[-4055.408865504984, -4087.095849109309]
step_vector_greedySP=[]

step_vector_gis=[35, 36]

step_vector_ske=[5, 5]

step_vector_gis_rec_phased_b=[26, 26]

skeleton_result_vector=[0, 0]

return_dags_vector=[['ges', 'pc', 'mmhc', 'greedySP', 'gis', 'gies', 'ske', 'gis_rec_phased_b', 'true'], [[(0, 3), (0, 5), (1, 0), (1, 3), (1, 6), (1, 7), (2, 0), (2, 3), (2, 5), (4, 0), (4, 3), (4, 5), (5, 3), (6, 0), (6, 2), (6, 3), (6, 4), (6, 5), (6, 7), (7, 0), (7, 2), (7, 3), (7, 4), (7, 5)], [(0, 4), (0, 7), (1, 7), (2, 3), (2, 5), (3, 4), (4, 5), (5, 7), (6, 0), (6, 1), (6, 4)], [(0, 4), (0, 7), (1, 0), (1, 6), (1, 7), (3, 2), (4, 3), (5, 2), (5, 4), (5, 7), (6, 0), (6, 2), (6, 4)], [(2, 0), (2, 1), (3, 0), (3, 1), (3, 2), (3, 7), (4, 0), (4, 2), (4, 3), (4, 5), (4, 7), (5, 0), (5, 2), (6, 0), (6, 1), (6, 2), (6, 4), (6, 5), (6, 7), (7, 2), (7, 5)], [(1, 0), (2, 0), (3, 0), (0, 4), (5, 0), (0, 6), (0, 7), (1, 3), (1, 4), (1, 6), (1, 7), (3, 2), (2, 4), (5, 2), (2, 6), (2, 7), (3, 4), (5, 3), (3, 7), (5, 4), (6, 4), (7, 4), (5, 6), (5, 7), (6, 7)], [(0, 3), (0, 5), (1, 0), (1, 3), (1, 6), (1, 7), (2, 0), (2, 3), (2, 5), (4, 0), (4, 3), (4, 5), (5, 3), (6, 0), (6, 2), (6, 3), (6, 4), (6, 5), (6, 7), (7, 0), (7, 2), (7, 3), (7, 4), (7, 5)], [(4, 0), (6, 0), (7, 0), (6, 1), (1, 7), (2, 3), (2, 5), (4, 3), (4, 5), (6, 4), (5, 7)], [(1, 0), (2, 0), (0, 3), (4, 0), (0, 5), (6, 0), (7, 0), (1, 3), (6, 1), (7, 1), (2, 3), (2, 5), (6, 2), (7, 2), (4, 3), (5, 3), (6, 3), (7, 3), (4, 5), (6, 4), (7, 4), (6, 5), (7, 5), (7, 6)], [(0, 5), (0, 6), (0, 7), (1, 0), (1, 4), (1, 5), (1, 6), (1, 7), (2, 5), (2, 6), (3, 0), (3, 1), (3, 2), (3, 4), (3, 5), (3, 6), (3, 7), (4, 0), (4, 2), (4, 5), (4, 6), (4, 7), (5, 6), (7, 2), (7, 5), (7, 6)]], [[(0, 1), (0, 2), (0, 5), (0, 6), (0, 7), (1, 2), (3, 1), (3, 2), (3, 5), (4, 1), (4, 2), (4, 3), (4, 5), (4, 6), (5, 1), (5, 2), (6, 1), (6, 3), (6, 5), (7, 1), (7, 2), (7, 3), (7, 4)], [(0, 2), (1, 2), (3, 5), (4, 2), (4, 3), (4, 7), (5, 0), (5, 2), (6, 4), (7, 3)], [(0, 2), (0, 5), (2, 1), (3, 5), (4, 2), (4, 3), (4, 6), (4, 7), (5, 2), (7, 0), (7, 3)], [(0, 3), (0, 5), (0, 6), (0, 7), (1, 5), (1, 6), (1, 7), (2, 0), (2, 1), (2, 3), (2, 5), (2, 7), (3, 5), (3, 6), (4, 0), (4, 1), (4, 2), (4, 3), (4, 6), (4, 7), (6, 5), (7, 3), (7, 6)], [(0, 1), (0, 2), (3, 0), (0, 5), (0, 6), (0, 7), (1, 2), (1, 4), (1, 6), (1, 7), (4, 2), (2, 5), (2, 7), (3, 4), (3, 5), (3, 6), (3, 7), (4, 5), (4, 6), (4, 7), (5, 6), (7, 6)], [(0, 1), (0, 2), (0, 5), (0, 6), (0, 7), (1, 2), (1, 5), (3, 1), (3, 2), (3, 5), (4, 1), (4, 2), (4, 3), (4, 5), (4, 6), (5, 2), (6, 1), (6, 3), (6, 5), (7, 1), (7, 2), (7, 3), (7, 4)], [(0, 2), (5, 0), (2, 1), (4, 2), (5, 2), (4, 3), (3, 5), (7, 3), (4, 6), (7, 4)], [(0, 1), (0, 2), (0, 5), (0, 6), (7, 0), (1, 2), (3, 1), (4, 1), (1, 5), (6, 1), (7, 1), (3, 2), (4, 2), (5, 2), (7, 2), (4, 3), (3, 5), (6, 3), (7, 3), (4, 5), (4, 6), (7, 4), (6, 5)], [(0, 4), (1, 0), (1, 2), (1, 4), (1, 6), (1, 7), (2, 0), (2, 4), (2, 6), (2, 7), (3, 0), (3, 2), (3, 4), (3, 7), (5, 0), (5, 1), (5, 2), (5, 3), (5, 6), (5, 7), (6, 0), (6, 4), (7, 4)]]]

