Number of nodes=8
Number of samples=10000
Cut of limit used=0.01
total_score_gis=-81756.89795182011

score_vector_gis=[-4032.604348269783, -4091.2367685766853, -4037.8862426260616, -4137.980236237225, -4149.359144532466, -4195.61409191378, -4094.833272097991, -3993.4558240862475, -4162.56911500864, -4077.0325210329875, -4065.174067411123, -4061.384520333634, -4083.460438000458, -4153.354344465807, -4129.139178197077, -3954.991989219034, -4170.3135128534595, -4001.754727156394, -3992.6563466160414, -4172.0972631852055]
step_vector_gis=[34, 36, 34, 32, 35, 31, 35, 34, 42, 36, 36, 35, 34, 42, 30, 33, 39, 33, 35, 33]

return_dags_vector=[['gis'], [[(2, 0), (3, 0), (4, 0), (5, 0), (6, 0), (0, 7), (2, 1), (1, 6), (2, 3), (2, 4), (5, 2), (2, 6), (2, 7), (4, 3), (3, 7), (5, 4), (6, 4), (4, 7), (5, 6), (6, 7)]], [[(0, 2), (0, 3), (4, 0), (5, 0), (0, 7), (1, 2), (1, 3), (1, 5), (1, 6), (1, 7), (2, 3), (6, 2), (7, 2), (4, 3), (5, 3), (6, 3), (7, 3), (4, 5), (4, 6), (5, 6), (5, 7), (7, 6)]], [[(1, 0), (2, 0), (0, 3), (4, 0), (0, 5), (2, 1), (1, 3), (1, 5), (1, 6), (1, 7), (4, 2), (2, 5), (2, 6), (2, 7), (4, 3), (3, 5), (3, 6), (3, 7), (4, 5), (4, 6), (5, 6), (7, 6)]], [[(0, 1), (0, 2), (0, 3), (0, 4), (6, 0), (2, 1), (3, 1), (4, 1), (5, 1), (6, 1), (7, 1), (4, 2), (5, 2), (2, 7), (3, 4), (3, 5), (3, 7), (4, 5), (6, 4), (5, 7)]], [[(0, 2), (3, 0), (0, 4), (0, 5), (0, 7), (2, 1), (3, 1), (1, 4), (1, 5), (1, 6), (1, 7), (2, 4), (2, 5), (2, 7), (3, 5), (3, 6), (4, 5), (4, 6), (6, 5), (7, 5), (6, 7)]], [[(2, 0), (0, 3), (5, 0), (0, 6), (0, 7), (1, 2), (1, 3), (1, 4), (5, 1), (1, 6), (2, 3), (2, 6), (2, 7), (4, 3), (6, 3), (3, 7), (5, 4), (6, 4), (4, 7), (5, 6), (5, 7)]], [[(2, 0), (0, 3), (0, 4), (5, 0), (0, 7), (2, 1), (1, 3), (1, 4), (1, 6), (1, 7), (2, 4), (5, 2), (4, 3), (5, 3), (6, 3), (7, 3), (4, 6), (4, 7), (5, 6), (5, 7), (7, 6)]], [[(0, 2), (0, 5), (0, 6), (0, 7), (1, 2), (4, 1), (1, 5), (6, 1), (3, 2), (4, 2), (5, 2), (7, 2), (4, 3), (5, 3), (6, 3), (7, 3), (4, 5), (4, 6), (4, 7), (6, 5), (5, 7), (6, 7)]], [[(0, 1), (0, 2), (0, 3), (0, 4), (0, 5), (0, 7), (1, 2), (3, 1), (5, 1), (6, 1), (7, 1), (4, 2), (5, 2), (6, 2), (7, 2), (3, 5), (7, 3), (4, 5), (7, 4), (6, 5), (7, 5), (6, 7)]], [[(0, 1), (0, 2), (0, 3), (4, 0), (0, 5), (0, 6), (0, 7), (1, 2), (1, 3), (1, 5), (1, 6), (1, 7), (3, 2), (4, 2), (5, 2), (6, 2), (2, 7), (5, 3), (3, 6), (3, 7), (4, 5), (4, 6), (5, 7), (6, 7)]], [[(0, 1), (0, 2), (0, 5), (1, 3), (1, 4), (1, 5), (6, 1), (1, 7), (2, 3), (2, 4), (2, 5), (6, 2), (4, 3), (3, 5), (6, 3), (3, 7), (4, 5), (6, 4), (4, 7), (6, 5), (7, 5), (6, 7)]], [[(0, 1), (0, 3), (0, 4), (0, 5), (0, 6), (0, 7), (2, 1), (1, 3), (1, 5), (1, 6), (1, 7), (2, 3), (2, 4), (2, 5), (2, 7), (4, 3), (3, 5), (3, 6), (3, 7), (4, 5), (4, 6), (5, 6), (7, 5), (7, 6)]], [[(0, 1), (3, 0), (0, 5), (0, 6), (0, 7), (2, 1), (3, 1), (1, 4), (1, 5), (6, 1), (7, 1), (2, 4), (2, 5), (2, 6), (2, 7), (3, 4), (3, 5), (3, 6), (4, 5), (6, 4), (7, 4), (6, 5), (7, 5), (6, 7)]], [[(0, 2), (3, 0), (4, 0), (0, 7), (1, 2), (3, 1), (4, 1), (1, 6), (1, 7), (3, 2), (4, 2), (2, 5), (2, 6), (2, 7), (4, 3), (3, 5), (3, 6), (3, 7), (4, 5), (4, 6), (4, 7), (5, 6), (5, 7), (7, 6)]], [[(1, 0), (0, 2), (4, 0), (0, 6), (1, 2), (4, 1), (5, 1), (1, 7), (4, 2), (5, 2), (2, 6), (2, 7), (4, 3), (5, 3), (6, 3), (4, 6), (4, 7), (5, 7)]], [[(1, 0), (0, 3), (4, 0), (0, 5), (0, 7), (1, 2), (1, 3), (4, 1), (1, 5), (6, 1), (1, 7), (2, 3), (4, 2), (2, 5), (6, 2), (7, 2), (4, 3), (5, 3), (6, 3), (7, 3), (6, 4), (4, 7), (6, 5), (7, 5), (6, 7)]], [[(0, 1), (0, 2), (0, 3), (4, 0), (0, 6), (0, 7), (2, 1), (3, 1), (4, 1), (5, 1), (6, 1), (7, 1), (2, 3), (2, 5), (2, 6), (4, 3), (5, 3), (6, 3), (3, 7), (4, 5), (4, 6), (4, 7)]], [[(0, 1), (0, 2), (4, 0), (5, 0), (0, 6), (0, 7), (1, 2), (1, 3), (4, 1), (1, 7), (4, 2), (5, 2), (6, 2), (7, 2), (4, 3), (5, 3), (3, 6), (3, 7), (5, 4), (4, 6), (4, 7), (5, 6), (7, 6)]], [[(1, 0), (0, 2), (0, 3), (0, 5), (0, 6), (1, 2), (1, 3), (4, 1), (1, 5), (1, 6), (1, 7), (2, 3), (2, 5), (6, 2), (2, 7), (4, 3), (3, 5), (6, 3), (7, 3), (4, 5), (4, 6), (4, 7), (7, 5), (6, 7)]], [[(0, 1), (0, 2), (0, 3), (4, 0), (0, 5), (0, 6), (0, 7), (1, 2), (1, 3), (1, 5), (1, 6), (1, 7), (3, 2), (4, 2), (6, 2), (4, 3), (3, 5), (7, 3), (4, 5), (4, 6), (4, 7), (5, 6), (7, 6)]]]

