Number of nodes=8
Number of samples=10000
Cut of limit used=0.01
total_score_gis=-82060.9275588968

score_vector_gis=[-4044.1942285081623, -4126.762106587124, -4179.9348597678045, -4076.096586089032, -3985.661481280255, -4243.145451117819, -4161.33233191217, -4045.78358791346, -4092.5156740967977, -4184.409183045772, -4092.662146939964, -3978.6746168772947, -4094.3314020596017, -4025.909662840439, -4147.972265746913, -4014.0955658969624, -4166.158867652678, -4178.639327105216, -4120.807282589277, -4101.84093087006]
step_vector_gis=[32, 38, 31, 36, 31, 32, 36, 34, 32, 37, 29, 46, 49, 42, 35, 33, 27, 33, 35, 40]

return_dags_vector=[['gis'], [[(0, 2), (0, 3), (0, 4), (0, 5), (0, 6), (1, 3), (4, 1), (1, 5), (6, 1), (7, 1), (4, 2), (2, 5), (6, 2), (7, 2), (4, 3), (6, 3), (7, 3), (4, 5), (4, 6), (7, 4)]], [[(0, 2), (0, 3), (4, 0), (0, 5), (6, 0), (0, 7), (2, 1), (3, 1), (4, 1), (1, 7), (2, 3), (2, 5), (4, 3), (5, 3), (6, 3), (3, 7), (4, 5), (6, 4), (4, 7), (6, 5), (5, 7), (6, 7)]], [[(1, 0), (0, 2), (3, 0), (4, 0), (5, 0), (0, 7), (1, 3), (1, 4), (5, 1), (1, 6), (1, 7), (3, 2), (4, 2), (5, 2), (7, 2), (5, 3), (3, 6), (3, 7), (4, 6), (4, 7), (5, 6), (5, 7), (6, 7)]], [[(0, 1), (0, 2), (0, 4), (0, 5), (0, 6), (3, 1), (1, 4), (6, 1), (1, 7), (3, 2), (2, 4), (6, 2), (2, 7), (3, 4), (3, 5), (3, 6), (4, 5), (4, 7), (6, 5), (7, 5), (6, 7)]], [[(1, 0), (0, 2), (0, 3), (0, 5), (0, 6), (0, 7), (1, 3), (4, 1), (1, 5), (1, 6), (3, 2), (4, 2), (2, 6), (7, 2), (4, 3), (5, 3), (3, 6), (3, 7), (4, 5), (4, 7), (5, 6), (5, 7), (7, 6)]], [[(1, 0), (0, 2), (0, 3), (0, 6), (0, 7), (1, 2), (1, 4), (5, 1), (1, 6), (1, 7), (2, 3), (2, 4), (5, 2), (2, 6), (2, 7), (4, 3), (5, 3), (6, 3), (7, 3), (5, 4), (6, 4), (7, 4), (5, 7), (6, 7)]], [[(1, 0), (0, 4), (5, 0), (0, 6), (7, 0), (1, 3), (1, 4), (1, 5), (1, 6), (1, 7), (2, 4), (2, 5), (2, 7), (3, 4), (3, 5), (7, 3), (5, 4), (4, 6), (7, 4), (5, 6), (7, 6)]], [[(0, 1), (0, 2), (0, 3), (0, 4), (6, 0), (0, 7), (1, 2), (3, 1), (1, 4), (1, 5), (6, 1), (1, 7), (2, 4), (2, 5), (6, 2), (2, 7), (3, 4), (3, 5), (3, 7), (4, 5), (6, 4), (7, 4), (7, 5)]], [[(1, 0), (0, 3), (5, 0), (6, 0), (7, 0), (1, 3), (1, 4), (1, 5), (1, 6), (1, 7), (2, 3), (2, 4), (2, 5), (2, 6), (4, 3), (5, 3), (7, 3), (5, 4), (6, 4), (7, 4), (5, 7), (6, 7)]], [[(0, 1), (0, 3), (0, 4), (0, 7), (2, 1), (1, 3), (1, 6), (1, 7), (2, 3), (5, 2), (2, 6), (2, 7), (3, 4), (5, 3), (3, 6), (3, 7), (5, 4), (4, 6), (4, 7), (5, 7), (7, 6)]], [[(1, 0), (3, 0), (4, 0), (0, 5), (7, 0), (2, 1), (1, 3), (4, 1), (1, 5), (6, 1), (1, 7), (2, 3), (2, 4), (2, 5), (2, 7), (4, 3), (3, 5), (3, 7), (4, 5), (6, 4), (7, 5)]], [[(1, 0), (3, 0), (5, 0), (0, 6), (1, 2), (5, 1), (3, 2), (5, 2), (2, 6), (7, 2), (3, 4), (5, 3), (3, 6), (7, 3), (4, 6), (7, 4), (5, 6), (7, 5)]], [[(0, 2), (3, 0), (5, 0), (6, 0), (1, 2), (1, 3), (1, 5), (1, 6), (1, 7), (3, 2), (4, 2), (5, 2), (5, 3), (3, 6), (7, 3), (4, 6), (4, 7), (5, 6), (7, 5), (7, 6)]], [[(0, 3), (4, 0), (0, 6), (0, 7), (2, 1), (1, 3), (4, 1), (1, 5), (1, 6), (2, 3), (2, 5), (2, 6), (2, 7), (4, 3), (5, 3), (3, 6), (4, 6), (4, 7), (7, 5), (7, 6)]], [[(0, 1), (2, 0), (3, 0), (4, 0), (5, 0), (6, 0), (0, 7), (3, 1), (4, 1), (5, 1), (6, 1), (1, 7), (4, 2), (5, 2), (6, 2), (2, 7), (3, 4), (5, 3), (6, 3), (3, 7), (5, 4), (4, 7), (6, 5), (5, 7), (6, 7)]], [[(0, 2), (0, 3), (0, 4), (6, 0), (0, 7), (1, 2), (1, 4), (1, 6), (1, 7), (4, 2), (5, 2), (6, 2), (2, 7), (3, 4), (5, 3), (6, 3), (3, 7), (5, 4), (6, 4), (4, 7), (5, 6), (5, 7), (6, 7)]], [[(0, 1), (0, 3), (0, 4), (5, 0), (0, 7), (1, 2), (1, 3), (1, 6), (1, 7), (2, 3), (2, 4), (5, 2), (2, 6), (7, 2), (3, 4), (3, 6), (5, 4), (7, 4), (5, 7)]], [[(0, 1), (2, 0), (0, 3), (4, 0), (5, 0), (6, 0), (7, 0), (2, 1), (3, 1), (4, 1), (5, 1), (6, 1), (7, 1), (2, 3), (2, 5), (4, 3), (5, 3), (7, 3), (4, 5), (4, 6), (4, 7), (5, 6), (6, 7)]], [[(0, 2), (5, 0), (0, 7), (1, 2), (1, 3), (4, 1), (1, 6), (1, 7), (2, 3), (4, 2), (5, 2), (2, 6), (4, 3), (5, 3), (6, 3), (7, 3), (5, 4), (4, 6), (4, 7), (5, 6), (6, 7)]], [[(1, 0), (2, 0), (0, 3), (4, 0), (5, 0), (6, 0), (0, 7), (1, 2), (4, 1), (1, 5), (6, 1), (1, 7), (2, 3), (4, 2), (2, 5), (4, 3), (5, 3), (6, 3), (7, 3), (6, 4), (4, 7), (6, 5), (5, 7), (6, 7)]]]

