Number of nodes=8
Number of samples=10000
Cut of limit used=0.01
total_score_gis=-81710.12500091863

score_vector_gis=[-4083.714785194042, -4027.6652091724272, -4037.624731607967, -4029.292167742213, -4110.489444405163, -4108.9123199644255, -3997.975379103485, -4137.975311934641, -4156.189417602485, -4129.39082081211, -3993.714630451064, -4164.815623072505, -4121.497676427374, -4049.1097238962566, -4156.109639311042, -4112.478381809135, -4123.644440505376, -4145.839834514241, -4057.5252942018265, -3966.160169190876]
step_vector_gis=[39, 30, 34, 34, 34, 31, 43, 33, 38, 38, 34, 36, 32, 35, 38, 36, 29, 35, 40, 33]

return_dags_vector=[['gis'], [[(2, 0), (3, 0), (0, 5), (0, 6), (0, 7), (1, 2), (1, 4), (1, 6), (1, 7), (3, 2), (2, 4), (2, 6), (3, 4), (3, 5), (3, 6), (3, 7), (5, 4), (4, 7), (5, 6), (6, 7)]], [[(0, 1), (0, 2), (0, 3), (4, 0), (0, 5), (0, 7), (2, 1), (3, 1), (5, 1), (6, 1), (7, 1), (2, 3), (4, 2), (2, 5), (6, 2), (2, 7), (4, 3), (5, 3), (7, 3), (4, 5), (6, 4), (4, 7), (5, 7), (6, 7)]], [[(0, 1), (0, 3), (0, 7), (4, 1), (5, 1), (6, 1), (1, 7), (2, 3), (4, 2), (2, 5), (2, 7), (5, 3), (6, 3), (3, 7), (4, 5), (4, 7), (6, 5), (5, 7)]], [[(2, 0), (0, 3), (4, 0), (0, 5), (0, 6), (7, 0), (2, 1), (3, 1), (4, 1), (1, 5), (1, 6), (2, 3), (2, 4), (2, 5), (3, 5), (3, 6), (7, 3), (4, 5), (7, 4), (5, 6), (7, 5), (7, 6)]], [[(0, 1), (4, 0), (0, 5), (0, 6), (0, 7), (2, 1), (1, 3), (4, 1), (1, 5), (1, 7), (2, 3), (2, 5), (2, 6), (2, 7), (4, 3), (3, 5), (3, 6), (3, 7), (4, 5), (4, 6), (4, 7), (6, 5), (7, 5), (6, 7)]], [[(0, 1), (0, 2), (0, 4), (0, 6), (2, 1), (3, 1), (1, 4), (5, 1), (1, 6), (7, 1), (2, 3), (2, 4), (2, 5), (2, 6), (7, 2), (5, 3), (3, 6), (7, 3), (5, 4), (6, 4), (7, 4), (7, 5), (7, 6)]], [[(2, 0), (0, 3), (0, 4), (0, 5), (6, 0), (1, 4), (1, 5), (1, 6), (2, 3), (2, 4), (2, 5), (2, 6), (4, 3), (6, 3), (3, 7), (6, 4), (4, 7), (6, 5), (7, 5)]], [[(0, 1), (0, 2), (0, 3), (0, 4), (0, 5), (0, 7), (1, 5), (6, 1), (1, 7), (3, 2), (4, 2), (5, 2), (6, 2), (4, 3), (3, 5), (3, 7), (4, 5), (6, 4), (7, 5)]], [[(0, 1), (0, 3), (0, 4), (6, 0), (0, 7), (1, 3), (1, 4), (5, 1), (7, 1), (2, 3), (2, 4), (5, 2), (2, 7), (4, 3), (5, 3), (7, 3), (5, 4), (6, 4), (5, 7), (6, 7)]], [[(0, 2), (0, 4), (0, 5), (0, 7), (2, 1), (4, 1), (5, 1), (6, 1), (1, 7), (3, 2), (2, 4), (2, 5), (2, 7), (3, 4), (3, 7), (5, 4), (6, 4), (6, 5), (6, 7)]], [[(1, 0), (0, 2), (3, 0), (0, 4), (0, 5), (0, 6), (7, 0), (1, 4), (1, 5), (1, 6), (1, 7), (3, 2), (4, 2), (5, 2), (2, 6), (7, 2), (3, 4), (3, 5), (3, 6), (3, 7), (4, 5), (4, 6), (7, 5), (7, 6)]], [[(0, 1), (0, 2), (0, 4), (0, 6), (0, 7), (2, 1), (3, 1), (1, 5), (6, 1), (7, 1), (3, 2), (4, 2), (2, 5), (2, 6), (2, 7), (3, 4), (3, 5), (3, 7), (4, 5), (4, 6), (4, 7), (6, 5), (7, 5), (6, 7)]], [[(0, 1), (0, 2), (0, 3), (0, 4), (5, 0), (0, 6), (0, 7), (1, 2), (1, 3), (1, 6), (1, 7), (2, 3), (2, 4), (5, 2), (2, 6), (3, 4), (5, 3), (7, 3), (5, 4), (6, 4), (7, 4), (5, 6), (5, 7), (7, 6)]], [[(2, 0), (3, 0), (5, 0), (6, 0), (7, 0), (2, 1), (1, 3), (6, 1), (2, 3), (2, 6), (2, 7), (4, 3), (3, 5), (3, 7), (4, 6), (4, 7), (6, 5), (5, 7), (6, 7)]], [[(1, 0), (0, 2), (3, 0), (0, 4), (0, 5), (1, 3), (1, 4), (1, 5), (3, 2), (4, 2), (7, 2), (3, 4), (3, 5), (6, 3), (3, 7), (5, 4), (6, 4), (7, 4), (6, 5), (5, 7)]], [[(1, 0), (0, 2), (0, 3), (0, 5), (1, 2), (1, 3), (4, 1), (1, 6), (3, 2), (4, 2), (5, 2), (6, 2), (7, 2), (4, 3), (3, 5), (3, 6), (3, 7), (4, 5), (4, 6), (4, 7), (5, 6), (6, 7)]], [[(2, 0), (0, 3), (0, 4), (0, 5), (0, 6), (0, 7), (2, 1), (1, 3), (1, 4), (1, 5), (1, 6), (1, 7), (2, 5), (2, 7), (3, 4), (5, 3), (6, 3), (3, 7), (5, 4), (7, 4), (6, 5)]], [[(0, 1), (3, 0), (0, 4), (0, 5), (0, 6), (2, 1), (4, 1), (5, 1), (1, 7), (2, 4), (2, 5), (2, 6), (2, 7), (3, 4), (3, 6), (4, 5), (4, 7), (5, 7), (7, 6)]], [[(0, 1), (0, 2), (0, 5), (0, 6), (7, 0), (3, 1), (4, 1), (6, 1), (7, 1), (7, 2), (3, 6), (7, 3), (7, 5), (7, 6)]], [[(0, 2), (3, 0), (4, 0), (5, 0), (0, 6), (1, 2), (1, 3), (1, 6), (1, 7), (3, 2), (6, 2), (2, 7), (4, 3), (5, 3), (3, 6), (3, 7), (5, 4), (4, 6), (4, 7), (5, 6), (5, 7), (6, 7)]]]

