Number of nodes=8
Number of samples=10000
Cut of limit used=0.01
total_score_gis=-81983.5145124864

score_vector_gis=[-4055.7233926378694, -4087.6574724939414, -4204.431582969282, -4182.620735796903, -4080.6971494043773, -4101.740442403734, -4073.8209801564085, -4204.942191180416, -3999.973400585097, -4266.713915196126, -4140.642922245768, -4123.597379753009, -4024.26533407422, -4024.211442193818, -4073.7058463004623, -3946.213608449234, -4023.325910994635, -4079.4048175618664, -4109.817778070977, -4180.008210018255]
step_vector_gis=[35, 36, 37, 34, 35, 31, 37, 35, 32, 32, 37, 33, 38, 34, 35, 40, 36, 28, 35, 31]

return_dags_vector=[['gis'], [[(1, 0), (2, 0), (3, 0), (0, 4), (5, 0), (0, 6), (0, 7), (1, 3), (1, 4), (1, 6), (1, 7), (3, 2), (2, 4), (5, 2), (2, 6), (2, 7), (3, 4), (5, 3), (3, 7), (5, 4), (6, 4), (7, 4), (5, 6), (5, 7), (6, 7)]], [[(0, 1), (0, 2), (3, 0), (0, 5), (0, 6), (0, 7), (1, 2), (1, 4), (1, 6), (1, 7), (4, 2), (2, 5), (2, 7), (3, 4), (3, 5), (3, 6), (3, 7), (4, 5), (4, 6), (4, 7), (5, 6), (7, 6)]], [[(1, 0), (2, 0), (3, 0), (4, 0), (0, 5), (0, 6), (7, 0), (1, 2), (1, 5), (1, 6), (1, 7), (3, 2), (4, 2), (2, 5), (2, 6), (4, 3), (3, 6), (3, 7), (4, 5), (4, 7), (7, 5)]], [[(0, 1), (0, 2), (0, 3), (4, 0), (0, 5), (6, 0), (0, 7), (1, 2), (4, 1), (1, 5), (1, 7), (2, 3), (2, 5), (6, 2), (7, 2), (4, 3), (6, 3), (7, 3), (4, 5), (6, 4), (4, 7), (6, 5), (7, 5), (6, 7)]], [[(2, 0), (3, 0), (4, 0), (0, 5), (6, 0), (0, 7), (1, 2), (1, 4), (1, 5), (1, 7), (3, 2), (4, 2), (2, 5), (6, 2), (2, 7), (3, 4), (3, 5), (6, 3), (3, 7), (4, 7), (6, 5), (7, 5), (6, 7)]], [[(1, 0), (0, 3), (4, 0), (5, 0), (6, 0), (0, 7), (1, 2), (1, 3), (4, 1), (1, 6), (1, 7), (2, 5), (2, 6), (4, 3), (6, 3), (7, 3), (4, 5), (4, 6), (5, 6), (5, 7), (6, 7)]], [[(0, 2), (4, 0), (0, 6), (7, 0), (1, 2), (1, 3), (1, 5), (1, 6), (1, 7), (2, 3), (4, 2), (2, 6), (7, 2), (4, 3), (3, 5), (3, 6), (4, 5), (4, 6), (4, 7), (7, 5), (7, 6)]], [[(1, 0), (0, 2), (3, 0), (0, 4), (0, 6), (0, 7), (1, 4), (1, 5), (1, 6), (1, 7), (3, 2), (2, 5), (2, 6), (2, 7), (3, 4), (3, 5), (3, 6), (5, 4), (4, 6), (4, 7), (5, 6), (5, 7), (7, 6)]], [[(0, 1), (0, 2), (0, 3), (0, 4), (5, 0), (0, 6), (0, 7), (1, 2), (1, 3), (1, 4), (1, 6), (1, 7), (2, 3), (5, 2), (2, 6), (4, 3), (6, 3), (7, 3), (5, 4), (4, 7), (5, 7), (6, 7)]], [[(0, 1), (0, 2), (3, 0), (0, 5), (0, 6), (0, 7), (1, 2), (3, 1), (5, 1), (1, 7), (4, 2), (2, 6), (7, 2), (4, 3), (3, 5), (3, 6), (3, 7), (4, 5), (4, 7), (7, 6)]], [[(0, 2), (0, 3), (0, 5), (0, 6), (2, 1), (4, 1), (1, 5), (6, 1), (1, 7), (4, 2), (2, 5), (6, 2), (2, 7), (6, 3), (7, 3), (4, 5), (4, 6), (4, 7), (6, 5), (5, 7), (6, 7)]], [[(0, 2), (0, 3), (0, 4), (0, 5), (0, 7), (2, 1), (1, 3), (5, 1), (6, 1), (1, 7), (5, 2), (6, 2), (2, 7), (4, 3), (5, 3), (6, 3), (7, 3), (7, 4), (6, 5), (5, 7), (6, 7)]], [[(0, 2), (0, 3), (0, 4), (0, 5), (0, 6), (7, 0), (1, 2), (1, 3), (1, 4), (1, 5), (7, 1), (2, 6), (4, 3), (6, 3), (7, 3), (6, 4), (7, 4), (5, 6), (7, 5), (7, 6)]], [[(0, 1), (0, 3), (4, 0), (0, 5), (0, 6), (0, 7), (2, 1), (4, 1), (1, 5), (6, 1), (1, 7), (2, 3), (4, 2), (2, 5), (2, 6), (2, 7), (4, 3), (5, 3), (6, 3), (4, 5), (4, 7), (5, 7), (6, 7)]], [[(1, 0), (0, 2), (0, 3), (4, 0), (5, 0), (7, 0), (1, 2), (1, 3), (1, 5), (1, 6), (1, 7), (2, 3), (4, 2), (6, 2), (7, 2), (5, 3), (6, 3), (7, 3), (4, 5), (4, 6), (4, 7), (6, 5), (7, 5)]], [[(0, 1), (0, 5), (6, 0), (0, 7), (2, 1), (3, 1), (4, 1), (5, 1), (7, 1), (2, 3), (5, 2), (6, 2), (7, 2), (4, 3), (5, 3), (6, 3), (7, 3), (4, 5), (4, 7), (6, 5), (6, 7)]], [[(0, 1), (0, 3), (4, 0), (5, 0), (0, 6), (0, 7), (2, 1), (3, 1), (4, 1), (6, 1), (7, 1), (2, 4), (5, 2), (2, 6), (3, 6), (3, 7), (4, 6), (4, 7), (5, 7), (7, 6)]], [[(0, 1), (0, 2), (0, 4), (0, 5), (0, 6), (0, 7), (2, 1), (3, 1), (1, 4), (1, 6), (1, 7), (3, 2), (2, 4), (2, 6), (2, 7), (3, 4), (3, 5), (3, 6), (5, 4), (6, 4), (5, 6), (7, 5)]], [[(0, 1), (2, 0), (3, 0), (0, 5), (0, 6), (0, 7), (2, 1), (3, 1), (4, 1), (1, 5), (6, 1), (7, 1), (3, 2), (4, 2), (2, 5), (2, 6), (2, 7), (4, 3), (3, 5), (3, 7), (4, 5), (4, 6), (4, 7), (6, 5), (7, 6)]], [[(0, 1), (2, 0), (3, 0), (0, 5), (0, 7), (2, 1), (3, 1), (4, 1), (5, 1), (1, 6), (7, 1), (2, 4), (2, 5), (2, 6), (2, 7), (3, 4), (3, 5), (3, 6), (3, 7), (4, 7), (5, 6)]]]

