Number of nodes=8
Number of samples=10000
Cut of limit used=0.01
total_score_gis=-80860.15503654965

score_vector_gis=[-4025.850644132629, -4033.2906264954245, -4034.685077759562, -4035.3356176919388, -4011.1602560990555, -4037.569544466646, -4164.882784931724, -4138.372354958329, -4114.34159080759, -4030.2589791473333, -3946.9773613530147, -4022.421792386268, -4082.3774869659596, -3962.552695300362, -4081.6910092591434, -4014.4797352235937, -4010.734787239119, -4072.018407620425, -4001.36864834456, -4039.7856363669557]
step_vector_gis=[31, 24, 27, 29, 17, 36, 18, 22, 38, 31, 37, 30, 27, 15, 7, 20, 34, 25, 18, 28]

return_dags_vector=[['gis'], [[(0, 2), (4, 0), (7, 2), (5, 3), (6, 3), (7, 3), (6, 4)]], [[(0, 1), (0, 3), (0, 4), (3, 1), (4, 1), (7, 1), (4, 3), (5, 3), (6, 3), (7, 3), (4, 5), (7, 4), (5, 6), (7, 6)]], [[(0, 5), (6, 2), (6, 3), (5, 4), (7, 4), (6, 5), (7, 5)]], [[(0, 6), (1, 4), (5, 1), (2, 6), (3, 4), (3, 6), (7, 4)]], [[(5, 0), (7, 1), (5, 2), (5, 6), (7, 6)]], [[(0, 1), (5, 0), (6, 0), (5, 1), (2, 3), (4, 2), (2, 7), (5, 4), (4, 7), (5, 7)]], [[(2, 0), (4, 1), (7, 1), (4, 2), (6, 3), (7, 6)]], [[(2, 0), (6, 0), (1, 4), (3, 2), (7, 2), (7, 4)]], [[(1, 0), (2, 0), (0, 4), (7, 0), (1, 2), (1, 4), (7, 1), (2, 3), (2, 6), (6, 3), (7, 3), (7, 4), (6, 5), (7, 5)]], [[(3, 0), (6, 0), (1, 2), (6, 2), (3, 5), (6, 5), (7, 5)]], [[(5, 0), (6, 0), (0, 7), (1, 2), (3, 2), (2, 5), (6, 2), (2, 7), (4, 3), (3, 7), (4, 5)]], [[(2, 0), (3, 0), (1, 2), (1, 5), (1, 6), (4, 5), (7, 5), (7, 6)]], [[(1, 0), (2, 0), (4, 0), (5, 1), (2, 7), (5, 3), (6, 7)]], [[(2, 0), (2, 1), (2, 3), (4, 3), (7, 5)]], [[(5, 3), (5, 7), (6, 7)]], [[(0, 5), (6, 0), (3, 1), (7, 3), (5, 4), (6, 4), (7, 4), (7, 5)]], [[(1, 0), (2, 0), (3, 0), (0, 6), (0, 7), (1, 4), (1, 6), (1, 7), (5, 2), (5, 3), (3, 6), (3, 7), (5, 4), (4, 6), (5, 6)]], [[(0, 1), (4, 0), (6, 0), (2, 1), (7, 1), (2, 6), (2, 7), (3, 7), (6, 4)]], [[(0, 5), (6, 1), (2, 5), (6, 3), (4, 5), (7, 6)]], [[(0, 1), (0, 2), (4, 0), (0, 6), (1, 2), (1, 3), (4, 1), (5, 1), (1, 6), (4, 2), (2, 6), (2, 7), (4, 3), (5, 3), (3, 6), (3, 7), (5, 4), (4, 6), (4, 7)]]]

