Number of nodes=8
Number of samples=1000
Cut of limit used=0.0001
total_score_ges=-8124.0328687015935
total_score_pc=-10175.491843185497
total_score_mmhc=-9222.006465918563
total_score_greedySP=-8510.207075249087
total_score_gis=-8123.841116846468
total_score_gies=-8124.0328687015935
total_score_ske=-9594.305884772402
total_score_gis_rec_phased_b=-8124.0328687015935
total_score_true=-8155.497379363774
shd dist ges to true=[22, 28]
shd dist pc to true=[23, 24]
shd dist mmhc to true=[22, 24]
shd dist greedySP to true=[22, 26]
shd dist gis to true=[23, 28]
shd dist gies to true=[22, 28]
shd dist ske to true=[23, 27]
shd dist gis_rec_phased_b to true=[22, 28]

score_vector_ges=[-4034.7949731244494, -4089.2378955771446]

score_vector_pc=[-5541.775494166146, -4633.71634901935]

score_vector_mmhc=[-4722.414556327317, -4499.591909591247]

score_vector_greedySP=[-4333.577379239312, -4176.629696009775]

score_vector_gis=[-4032.604348269783, -4091.2367685766853]

score_vector_gies=[-4034.7949731244494, -4089.2378955771446]

score_vector_ske=[-5060.362047498745, -4533.943837273658]

score_vector_gis_rec_phased_b=[-4034.7949731244485, -4089.2378955771446]

score_vector_true=[-4050.507009110165, -4104.9903702536085]
step_vector_greedySP=[]

step_vector_gis=[34, 36]

step_vector_ske=[6, 5]

step_vector_gis_rec_phased_b=[22, 22]

skeleton_result_vector=[0, 0]

return_dags_vector=[['ges', 'pc', 'mmhc', 'greedySP', 'gis', 'gies', 'ske', 'gis_rec_phased_b', 'true'], [[(0, 7), (2, 0), (2, 1), (2, 7), (3, 0), (3, 2), (3, 4), (3, 5), (3, 7), (4, 0), (4, 2), (4, 5), (4, 7), (5, 0), (5, 2), (6, 0), (6, 1), (6, 4), (6, 5), (6, 7)], [(0, 3), (0, 5), (0, 6), (1, 2), (2, 3), (4, 5), (4, 6), (7, 0), (7, 2)], [(0, 3), (0, 5), (1, 2), (2, 3), (2, 4), (2, 7), (4, 5), (6, 0), (6, 2), (6, 4), (6, 7), (7, 0)], [(0, 3), (0, 5), (2, 1), (2, 3), (2, 4), (2, 6), (4, 0), (4, 3), (4, 5), (6, 0), (6, 1), (6, 4), (6, 5), (7, 0), (7, 2), (7, 3), (7, 4)], [(2, 0), (3, 0), (4, 0), (5, 0), (6, 0), (0, 7), (2, 1), (1, 6), (2, 3), (2, 4), (5, 2), (2, 6), (2, 7), (4, 3), (3, 7), (5, 4), (6, 4), (4, 7), (5, 6), (6, 7)], [(0, 7), (2, 0), (2, 1), (2, 7), (3, 0), (3, 2), (3, 4), (3, 5), (3, 7), (4, 0), (4, 2), (4, 5), (4, 7), (5, 0), (5, 2), (6, 0), (6, 1), (6, 4), (6, 5), (6, 7)], [(0, 3), (5, 0), (6, 0), (0, 7), (2, 1), (2, 3), (7, 2), (5, 4), (6, 4)], [(2, 0), (3, 0), (4, 0), (5, 0), (6, 0), (0, 7), (2, 1), (6, 1), (3, 2), (4, 2), (5, 2), (2, 7), (3, 4), (3, 5), (3, 7), (5, 4), (6, 4), (4, 7), (6, 5), (6, 7)], [(0, 2), (0, 3), (0, 4), (0, 5), (0, 6), (0, 7), (1, 0), (1, 2), (1, 3), (1, 5), (1, 6), (1, 7), (2, 4), (3, 2), (3, 4), (5, 2), (5, 3), (5, 4), (5, 6), (5, 7), (6, 2), (6, 4), (6, 7), (7, 2), (7, 3), (7, 4)]], [[(0, 2), (0, 3), (0, 4), (1, 2), (1, 3), (1, 4), (1, 5), (1, 6), (3, 2), (3, 6), (4, 2), (4, 6), (5, 0), (5, 2), (5, 3), (5, 4), (5, 6), (6, 2), (7, 0), (7, 2), (7, 5), (7, 6)], [(0, 2), (0, 4), (0, 7), (1, 2), (2, 7), (4, 7), (5, 0), (5, 3), (5, 7), (6, 1), (6, 2)], [(0, 2), (0, 3), (0, 4), (0, 5), (0, 7), (1, 2), (1, 5), (4, 7), (5, 3), (6, 1), (6, 2), (7, 2), (7, 5)], [(2, 0), (2, 1), (2, 5), (2, 6), (3, 0), (3, 5), (4, 0), (4, 1), (4, 5), (4, 6), (5, 0), (5, 1), (6, 0), (6, 1), (6, 3), (6, 5), (7, 1), (7, 2), (7, 3), (7, 4), (7, 5), (7, 6)], [(0, 2), (0, 3), (4, 0), (5, 0), (0, 7), (1, 2), (1, 3), (1, 5), (1, 6), (1, 7), (2, 3), (6, 2), (7, 2), (4, 3), (5, 3), (6, 3), (7, 3), (4, 5), (4, 6), (5, 6), (5, 7), (7, 6)], [(0, 2), (0, 3), (0, 4), (1, 2), (1, 3), (1, 4), (1, 5), (1, 6), (3, 2), (3, 6), (4, 2), (4, 6), (5, 0), (5, 2), (5, 3), (5, 4), (5, 6), (6, 2), (7, 0), (7, 2), (7, 5), (7, 6)], [(2, 0), (0, 4), (0, 5), (7, 0), (1, 2), (6, 1), (6, 2), (7, 2), (5, 3), (7, 4), (7, 5)], [(0, 2), (0, 3), (0, 4), (5, 0), (7, 0), (1, 2), (1, 3), (1, 4), (1, 5), (1, 6), (3, 2), (4, 2), (5, 2), (6, 2), (7, 2), (5, 3), (3, 6), (5, 4), (4, 6), (5, 6), (7, 5), (7, 6)], [(0, 5), (0, 6), (0, 7), (1, 0), (1, 2), (1, 3), (1, 4), (1, 5), (1, 6), (1, 7), (2, 0), (2, 4), (2, 5), (2, 6), (2, 7), (3, 0), (3, 2), (3, 4), (3, 5), (3, 6), (3, 7), (4, 0), (4, 5), (4, 6), (4, 7), (6, 5), (6, 7), (7, 5)]]]

