Number of nodes=8
Number of samples=10000
Cut of limit used=0.001
total_score_pc=-460919.03725291026
total_score_mmhc=-437933.201963597
total_score_greedySP=-412696.0321467397
total_score_ske=-443657.4902955692
total_score_true=-406390.6841519549
shd dist pc to true=[10, 16, 17, 10, 13, 12, 12, 12, 11, 15, 9, 13, 16, 12, 13, 14, 13, 6, 14, 5, 14, 11, 14, 11, 8, 8, 13, 14, 15, 13, 12, 16, 23, 11, 14, 18, 12, 13, 16, 20, 6, 9, 15, 16, 15, 18, 19, 17, 8, 9, 17, 4, 14, 17, 7, 14, 16, 13, 11, 9, 21, 14, 11, 18, 20, 15, 4, 7, 13, 8, 6, 12, 13, 12, 10, 11, 13, 17, 9, 13, 10, 19, 9, 16, 16, 15, 10, 10, 12, 17, 6, 16, 14, 5, 9, 12, 13, 9, 14, 16]
shd dist mmhc to true=[11, 12, 16, 9, 13, 13, 9, 7, 9, 14, 14, 12, 16, 13, 11, 9, 15, 10, 15, 6, 17, 14, 11, 10, 9, 0, 13, 9, 10, 13, 8, 17, 22, 11, 16, 17, 12, 19, 14, 18, 6, 11, 14, 10, 11, 18, 16, 16, 6, 13, 13, 5, 10, 14, 10, 15, 16, 10, 9, 8, 19, 13, 13, 17, 19, 15, 4, 7, 11, 7, 8, 9, 16, 14, 15, 15, 11, 12, 11, 15, 14, 14, 14, 11, 19, 15, 10, 7, 9, 17, 13, 16, 15, 3, 12, 13, 14, 9, 9, 14]
shd dist greedySP to true=[14, 13, 13, 9, 14, 21, 4, 16, 12, 23, 12, 3, 17, 15, 13, 11, 17, 11, 15, 10, 8, 0, 17, 12, 9, 0, 6, 6, 21, 9, 9, 13, 25, 9, 2, 16, 13, 13, 15, 19, 8, 17, 14, 14, 16, 15, 23, 7, 15, 14, 12, 6, 0, 18, 11, 1, 19, 9, 9, 11, 13, 4, 1, 16, 19, 15, 18, 9, 14, 7, 12, 0, 14, 14, 5, 12, 13, 18, 7, 16, 13, 19, 7, 13, 11, 17, 7, 17, 14, 15, 2, 13, 10, 17, 11, 15, 12, 6, 12, 6]
shd dist ske to true=[11, 18, 15, 13, 15, 12, 11, 11, 11, 14, 12, 15, 12, 12, 12, 12, 14, 10, 14, 5, 19, 12, 11, 15, 12, 4, 15, 12, 15, 11, 6, 17, 23, 10, 15, 17, 15, 13, 15, 19, 6, 12, 15, 12, 12, 18, 16, 15, 13, 12, 17, 4, 12, 13, 8, 14, 13, 10, 10, 9, 17, 15, 12, 16, 18, 17, 4, 7, 13, 10, 6, 8, 10, 15, 8, 13, 18, 17, 10, 13, 12, 17, 11, 16, 18, 16, 10, 9, 12, 15, 11, 18, 14, 5, 13, 12, 13, 11, 11, 16]

score_vector_pc=[-4758.888927371127, -4446.334568081239, -4560.011955912373, -4669.890368616439, -4213.095572814721, -4662.094607764962, -4589.85611462083, -4560.659152214474, -4355.694690403618, -4499.51136477467, -4642.69534225739, -4633.165999773068, -4678.658686815819, -5170.465061347352, -4989.853507931027, -4410.934782852126, -4636.433571110724, -4986.117815593529, -4368.173535403721, -4039.4127365277586, -4810.679956675421, -4680.312414832895, -4621.008166329476, -4404.963321472432, -4274.410665601295, -4589.606872991728, -4244.287728085686, -4288.846805121766, -4657.787687473127, -4969.468987746628, -4579.186087122942, -4329.130928034692, -4931.589131493798, -4144.3870697987995, -5032.119654238276, -4594.203111953175, -4387.075270965245, -5181.676832120021, -4501.039601405005, -4316.399497025126, -4174.723213417438, -4337.206841892906, -4264.3366327329595, -4824.104448354253, -4571.331054593546, -4711.472183213448, -4659.030299910274, -4803.710287076929, -4515.791549381323, -4388.277634939708, -4838.013812804453, -4302.329107881361, -4619.809505911646, -4960.207032578498, -4289.894752206366, -4721.456210906011, -5483.941602152907, -4436.045519732678, -4315.002771705626, -4673.59339032378, -5836.821720519207, -4932.023857583752, -4530.484257041664, -4878.865680509002, -5204.54663734565, -4448.628657258072, -4117.310703839352, -4365.315281464159, -4404.478209916636, -4572.490679179777, -4020.0685764034247, -4447.686127369039, -4587.960373428571, -4448.124889389915, -4324.5923643450105, -4542.490947087951, -5168.687159024, -4692.445392588088, -4486.784768104508, -4715.9577322184605, -4779.16678583303, -4390.689811758571, -4824.39157707141, -4832.092641385261, -4767.3088907234705, -4931.187596690747, -4518.023993837519, -4735.9467231148965, -4575.965995564244, -4848.190865887843, -4722.64696029631, -4900.980580412647, -4673.389699616761, -4610.877372416556, -4594.661279463601, -4463.157848857978, -4417.679804264432, -4380.457690692127, -4351.590466671989, -4574.460649344032]

score_vector_mmhc=[-4230.830672064228, -4536.9488825496355, -4332.940210539777, -4269.847474396115, -4001.634073127138, -4763.74457006344, -4346.003954253114, -4443.20037193395, -4314.732481335092, -4422.19204829863, -4416.299295257428, -4548.759998344645, -4230.0277715093125, -4573.632639480178, -4639.354340196079, -4189.480850788734, -4362.938693223944, -4209.571655015617, -4456.461577953175, -3987.97452623635, -4512.96737261293, -4123.44777759201, -4527.101560093051, -4125.027749919074, -4356.213335458364, -4199.654551875425, -4123.709583167082, -4157.960028616002, -4329.525387977359, -4491.992920324084, -4356.7730545747145, -4250.210881930678, -4624.254300653025, -4077.4506912221605, -4475.5711020712515, -4468.977239042711, -4339.470728703738, -4872.382311286054, -4425.104113134819, -4283.827608158236, -4066.996689687122, -4189.064068662497, -4187.344379049012, -4591.589925778347, -4274.993129104811, -4392.169160201385, -4590.139375371266, -4275.8690287007275, -4193.743775080834, -4215.949683406221, -4108.366678659721, -4025.4707490415276, -4338.470062556167, -4687.1716355649, -4170.285467061757, -4748.095638474372, -4665.571111367905, -4207.426452081903, -4327.54867241899, -4210.352257739492, -5288.0359860247145, -4680.554063885855, -4480.034606467683, -4797.918389303816, -4704.232418331091, -4335.956614688825, -4117.310703839352, -4292.572638364892, -4394.493554112, -4325.419700266643, -4137.419893035849, -4178.699820545283, -4508.802386107117, -4200.5315220003595, -4301.52786377797, -4231.323903834532, -5182.064769618674, -4486.736650674255, -4179.33089561623, -4355.022832976695, -4478.255587180843, -4267.702833464698, -4290.883324051831, -4396.299454624127, -4397.543425315906, -4911.962954299313, -4310.757620957685, -4334.799307791075, -4253.98608002087, -4587.477174454338, -4334.991605438426, -4375.224768258355, -4649.76665464289, -4284.084332047447, -4275.204833117152, -4456.191320662983, -4309.250422592175, -4278.915760230901, -4266.862417571011, -4430.236548414757]

score_vector_greedySP=[-4120.493552575466, -4030.1720354431372, -4136.556093990402, -4129.874585381049, -3900.253607809331, -4219.756708833913, -4244.994738813342, -4102.044045914884, -4156.797799397004, -4163.229821421164, -4174.066788659211, -4164.141643235579, -4126.245686791608, -4098.350997730003, -4158.412924798433, -4019.3600792473194, -4012.839317243018, -4103.478827013436, -4200.987976649677, -3933.400325951991, -4064.537583696093, -3943.221974176595, -4149.044524698482, -3959.572755191757, -4002.0713624071204, -4199.654551875425, -3957.000971108554, -3944.2766187402267, -4107.960970717145, -4171.8542369813795, -4197.467626159546, -4196.130482430963, -4597.450662519326, -4189.79316691956, -4174.6521085966815, -4120.530232687732, -4224.340544345496, -4081.4347430161406, -4078.9149778835504, -4143.408761185179, -4039.1350619234613, -4292.658167581639, -4370.2765320779545, -4023.663410443295, -4049.5370107382614, -4265.3958008051095, -4221.1249933248155, -4048.5859627175387, -4148.460296110795, -4033.1813284569885, -4198.953052608972, -4095.0405592976576, -4108.686548529139, -4186.219215500994, -3959.1984215661496, -4116.371460383056, -4120.6804438911095, -3975.325258579337, -4219.11778734634, -4069.085344350005, -4287.477943329709, -4185.281466607165, -4175.49682045224, -4222.782706754799, -4245.660615364012, -4097.845298399561, -4161.9451926246265, -4086.9580152478675, -4080.870209888431, -4039.4894959611147, -4011.645495806637, -4090.5143132509884, -4153.725132569244, -4069.514198052205, -4049.5932513687635, -4108.721954796602, -4120.36129112635, -4192.344348250211, -4067.887139954636, -3984.644088104145, -4198.666502349473, -4096.811134576135, -4228.434996501809, -4170.253624364396, -4215.43515437566, -4603.591801414579, -4011.9716191714156, -4125.70706897922, -4062.1870942839682, -4177.542647805721, -4139.415899379139, -4082.1058390418975, -4090.222446409886, -4194.577491505364, -3976.6080294600047, -4154.456827232363, -4129.32044626442, -4066.5813642963167, -4158.412061417859, -4141.498051531104]

score_vector_ske=[-4365.372288080892, -4427.285417626295, -4379.990895877414, -4459.57617225314, -4046.8793688702585, -4662.094607764962, -4391.296339111872, -4356.161871161647, -4305.559584959703, -4480.684328162204, -4453.178478491102, -4447.767008754815, -4563.189007203968, -4743.717981569527, -4875.916814719721, -4347.717611787402, -4387.529737312534, -4217.99125909558, -4277.76633266864, -4039.4127365277586, -4638.69902102828, -4490.900928831807, -4499.833357993515, -4303.201862800433, -4472.415659255646, -4292.978779787124, -4182.058721502572, -4276.417467798459, -4500.055685203545, -4460.509272007045, -4553.929236584753, -4273.894064727529, -4931.589131493798, -4068.250633373991, -4539.11231039992, -4455.628452048676, -4285.144754432842, -4970.0664186938175, -4395.427617733736, -4303.0739889184615, -4140.422829691747, -4329.117487319469, -4167.040009785897, -4246.751138633239, -4288.477625916238, -4597.867657712973, -4576.0764462550305, -4672.300676560814, -4254.345209771785, -4231.683253051467, -4631.709641773398, -4036.6543882173346, -4490.299084844753, -4693.969821626941, -4260.690235203554, -4721.456210906011, -4725.732132810097, -4285.948550279414, -4272.290537319825, -4259.106407761593, -5069.313391029245, -4760.489920735654, -4242.612018558364, -4685.09610404624, -4725.40704714894, -4415.833602212846, -4117.310703839352, -4365.315281464159, -4422.865761352055, -4366.214987030612, -4020.0685764034247, -4305.902173478758, -4488.700428704856, -4175.619459960544, -4183.084172925761, -4384.074130730822, -4814.550039853169, -4650.178927731814, -4322.489393267393, -4386.087688772265, -4596.734993080063, -4371.798187585061, -4512.804507775602, -4754.704129576396, -4462.089125709012, -4726.425051093941, -4310.970694908922, -4588.017288575683, -4397.034013718634, -4465.801152778355, -4521.852795196507, -4606.073111536978, -4673.389699616761, -4610.877372416556, -4383.79461180962, -4463.157848857978, -4337.1003428975855, -4252.023050375171, -4272.603066250828, -4444.810890506314]

score_vector_true=[-4108.3661765976385, -4017.802193931251, -4094.802226118293, -4045.884215539468, -3906.2247335966235, -4205.192642913146, -4119.204669098082, -4093.6985717675334, -4144.796459712606, -4092.891174355652, -4074.2444688614933, -3983.6744199742157, -4098.534321966622, -4074.464862242532, -4153.104690693048, -3998.4470884057564, -4011.6152477279797, -4093.6145286156907, -4170.13213684014, -3920.1327166755145, -4065.232283987596, -3943.221974176595, -4146.711118268335, -3930.280647611467, -3981.1016266510273, -4199.654551875425, -3950.6115709078404, -3945.6798478869387, -4094.462809139278, -4153.572098036044, -4171.33768921823, -4098.205573361557, -4008.139737157891, -4069.025262075653, -4139.076039478199, -4071.0809688446157, -4071.4486350083375, -4084.6826039791185, -4011.895793496616, -4091.1381542783274, -3995.055065653252, -4039.37014259015, -3987.8266166057965, -4026.9999305897786, -4039.09796302016, -4158.389588435934, -4078.8255846593734, -4008.6239464826563, -4117.499059513375, -3943.4711639456245, -4071.80607247956, -4009.611970878156, -4108.686548529139, -4096.752304735116, -3939.2446465855446, -4073.0961983626926, -4041.624311334359, -3971.858079065694, -4053.1475753431732, -4054.6356958482693, -4149.346923636892, -4171.7728816360805, -4125.547818822513, -4135.275181044183, -4246.891441200143, -4075.9932211534265, -4060.2113564428673, -4061.8714667880913, -4071.8186530407947, -4035.097255775943, -3904.288327612204, -4090.5143132509897, -4128.3276557028075, -3995.685699960631, -4050.5255472678186, -4049.3537783470983, -4094.18366212762, -4106.563683888919, -4065.2157304429825, -3969.0306146045605, -4110.383418325665, -4089.3222952443266, -4103.05493274434, -4076.8908835247566, -4035.3614333671594, -4130.729611183626, -3999.7682813867514, -4071.2797887469706, -4042.0340219651257, -4041.6062840813956, -4003.6763766280337, -4020.9993687066003, -4060.915462554186, -4167.389903516721, -3935.3367328933973, -4131.546005542129, -4063.845923392779, -4018.892841844834, -4141.076967929324, -4110.049409899804]
step_vector_greedySP=[]

step_vector_ske=[5, 1, 3, 4, 3, 4, 6, 3, 5, 5, 1, 5, 3, 2, 3, 3, 3, 5, 8, 2, 4, 4, 4, 3, 2, 5, 5, 6, 8, 6, 5, 2, 4, 6, 3, 3, 2, 2, 6, 3, 4, 2, 8, 2, 7, 4, 1, 4, 3, 3, 3, 1, 8, 9, 2, 2, 3, 4, 4, 6, 8, 7, 7, 3, 5, 4, 4, 0, 4, 3, 5, 6, 7, 8, 4, 1, 4, 2, 3, 7, 0, 1, 1, 2, 6, 6, 2, 4, 3, 3, 3, 6, 3, 4, 4, 1, 3, 2, 5, 3]

skeleton_result_vector=[0, 0, 0, 0, 0, 0, 0, 0, 0, 0, 0, 0, 0, 0, 0, 0, 0, 0, 0, 0, 0, 0, 0, 0, 0, 0, 0, 0, 0, 0, 0, 0, 0, 0, 0, 0, 0, 0, 0, 0, 0, 0, 0, 0, 0, 0, 0, 0, 0, 0, 0, 0, 0, 0, 0, 0, 0, 0, 0, 0, 0, 0, 0, 0, 0, 0, 0, 0, 0, 0, 0, 0, 0, 0, 0, 0, 0, 0, 0, 0, 0, 0, 0, 0, 0, 0, 0, 0, 0, 0, 0, 0, 0, 0, 0, 0, 0, 0, 0, 0]

return_dags_vector=[['pc', 'mmhc', 'greedySP', 'ske', 'true'], [[(0, 2), (0, 3), (0, 5), (1, 2), (1, 3), (1, 5), (4, 3), (4, 5), (6, 1), (6, 3), (7, 1)], [(0, 2), (1, 2), (3, 0), (3, 1), (3, 4), (3, 6), (4, 5), (5, 0), (5, 1), (6, 1), (6, 7), (7, 1)], [(0, 4), (0, 5), (1, 5), (2, 0), (2, 1), (2, 3), (3, 0), (3, 1), (3, 4), (3, 5), (5, 4), (6, 1), (6, 3), (7, 0), (7, 1), (7, 2), (7, 3)], [(2, 0), (3, 0), (0, 5), (2, 1), (1, 3), (1, 5), (6, 1), (7, 1), (3, 4), (6, 3), (5, 4)], [(0, 2), (0, 5), (1, 5), (1, 6), (2, 1), (3, 0), (3, 1), (3, 2), (3, 4), (3, 6), (4, 0), (4, 5), (7, 1), (7, 2), (7, 6)]], [[(0, 1), (0, 3), (0, 4), (1, 7), (2, 4), (2, 6), (2, 7), (3, 6), (4, 7), (5, 0), (5, 3), (5, 4), (6, 7)], [(0, 1), (0, 3), (0, 4), (0, 5), (1, 7), (2, 4), (3, 5), (5, 2), (5, 4), (6, 2), (6, 3), (7, 2), (7, 4), (7, 6)], [(0, 4), (0, 6), (1, 0), (1, 2), (1, 4), (1, 5), (2, 0), (2, 4), (2, 6), (3, 2), (3, 6), (5, 0), (5, 3), (5, 4), (5, 6), (7, 0), (7, 1), (7, 2), (7, 3), (7, 6)], [(0, 1), (3, 0), (0, 4), (0, 5), (1, 7), (2, 4), (2, 6), (2, 7), (3, 5), (3, 6), (4, 5), (7, 4), (6, 7)], [(0, 2), (0, 4), (1, 0), (1, 4), (1, 7), (2, 4), (3, 0), (3, 2), (3, 6), (5, 0), (5, 1), (5, 2), (5, 3), (5, 4), (5, 6), (6, 1), (6, 2), (6, 7), (7, 2)]], [[(0, 3), (0, 7), (1, 3), (1, 6), (2, 0), (2, 4), (2, 6), (3, 4), (4, 7), (5, 0), (5, 2), (5, 6), (6, 7)], [(0, 2), (0, 3), (0, 5), (0, 7), (1, 3), (1, 6), (2, 4), (4, 3), (4, 7), (5, 3), (5, 6), (6, 2), (6, 7)], [(0, 1), (0, 3), (0, 5), (1, 5), (2, 0), (2, 3), (2, 6), (3, 1), (4, 1), (4, 2), (4, 3), (6, 0), (6, 1), (6, 5), (7, 0), (7, 3), (7, 4), (7, 6)], [(2, 0), (3, 0), (0, 5), (0, 7), (1, 3), (1, 6), (2, 4), (2, 5), (2, 6), (3, 4), (7, 4), (6, 5), (6, 7)], [(2, 0), (2, 5), (2, 6), (3, 0), (3, 1), (4, 0), (4, 1), (4, 2), (4, 3), (4, 5), (4, 7), (5, 0), (5, 1), (5, 3), (5, 6), (6, 1), (7, 0), (7, 5), (7, 6)]], [[(0, 3), (1, 3), (1, 4), (4, 3), (5, 0), (6, 2), (6, 4), (7, 3), (7, 4)], [(0, 3), (0, 5), (0, 7), (1, 3), (1, 5), (4, 1), (4, 3), (4, 5), (4, 6), (4, 7), (6, 2), (7, 3)], [(0, 5), (1, 0), (1, 3), (1, 4), (1, 6), (3, 0), (3, 5), (4, 3), (4, 5), (4, 6), (6, 2), (7, 0), (7, 3), (7, 4), (7, 5)], [(0, 3), (0, 5), (3, 1), (1, 4), (6, 2), (3, 4), (7, 3), (4, 6), (7, 4)], [(0, 3), (0, 5), (0, 7), (1, 3), (1, 4), (1, 6), (1, 7), (2, 6), (3, 5), (3, 7), (4, 3), (4, 5), (4, 7), (6, 4), (7, 5)]], [[(0, 7), (1, 2), (1, 4), (1, 5), (2, 7), (3, 6), (3, 7), (4, 7), (5, 2), (5, 6), (6, 7)], [(0, 7), (1, 2), (1, 4), (1, 5), (2, 6), (3, 6), (5, 2), (5, 6), (7, 2), (7, 3), (7, 4), (7, 6)], [(1, 4), (2, 1), (2, 6), (2, 7), (3, 6), (3, 7), (5, 1), (5, 2), (5, 6), (5, 7), (7, 0), (7, 1), (7, 4), (7, 6)], [(7, 0), (2, 1), (4, 1), (5, 1), (5, 2), (2, 7), (3, 6), (3, 7), (4, 7), (5, 6), (6, 7)], [(1, 4), (1, 5), (2, 1), (2, 5), (2, 6), (3, 2), (3, 6), (6, 5), (7, 0), (7, 1), (7, 2), (7, 3), (7, 4), (7, 5), (7, 6)]], [[(0, 4), (1, 2), (2, 6), (3, 2), (3, 6), (4, 1), (5, 1), (5, 4), (7, 0), (7, 3)], [(0, 3), (0, 4), (0, 7), (1, 2), (1, 4), (1, 5), (2, 6), (3, 2), (3, 6), (5, 4), (6, 4)], [(0, 2), (0, 3), (0, 5), (0, 7), (1, 2), (1, 3), (1, 5), (2, 7), (3, 2), (4, 0), (4, 1), (4, 2), (4, 5), (6, 0), (6, 1), (6, 2), (6, 3), (6, 4), (6, 7), (7, 5)], [(0, 4), (7, 0), (1, 2), (4, 1), (5, 1), (3, 2), (2, 6), (3, 6), (7, 3), (5, 4)], [(0, 1), (0, 2), (0, 3), (0, 4), (0, 7), (2, 1), (3, 1), (3, 2), (3, 6), (3, 7), (4, 1), (5, 1), (5, 2), (5, 4), (6, 1), (6, 2), (6, 4), (7, 1), (7, 2)]], [[(0, 2), (0, 5), (1, 0), (1, 7), (2, 3), (2, 4), (2, 5), (3, 6), (3, 7), (4, 7), (5, 6)], [(0, 2), (0, 5), (1, 7), (2, 4), (3, 2), (3, 6), (5, 2), (5, 6), (5, 7), (7, 3), (7, 4)], [(0, 2), (0, 5), (0, 7), (2, 5), (3, 2), (3, 5), (3, 6), (3, 7), (4, 2), (4, 7), (5, 1), (5, 6), (7, 1), (7, 2), (7, 5)], [(1, 0), (0, 2), (0, 5), (7, 1), (3, 2), (2, 4), (5, 2), (3, 6), (7, 3), (7, 4), (5, 6)], [(0, 2), (0, 5), (0, 7), (2, 4), (2, 5), (3, 2), (3, 5), (3, 6), (3, 7), (4, 5), (4, 7), (5, 1), (5, 6), (5, 7), (7, 1)]], [[(0, 1), (0, 5), (1, 3), (1, 6), (2, 3), (2, 4), (2, 6), (3, 7), (4, 7), (5, 6), (5, 7)], [(0, 1), (0, 5), (1, 3), (1, 5), (1, 6), (2, 3), (2, 4), (4, 7), (5, 7), (6, 5), (7, 3)], [(0, 1), (0, 4), (0, 5), (0, 6), (1, 3), (1, 6), (2, 0), (2, 1), (2, 3), (2, 4), (2, 6), (4, 1), (5, 1), (5, 4), (5, 6), (7, 2), (7, 3), (7, 4), (7, 5)], [(0, 1), (5, 0), (1, 3), (1, 6), (3, 2), (4, 2), (2, 6), (7, 3), (4, 7), (5, 6), (5, 7)], [(0, 2), (0, 4), (0, 5), (1, 0), (1, 3), (1, 4), (1, 5), (2, 3), (4, 2), (4, 7), (5, 2), (5, 7), (6, 1), (6, 2), (6, 5), (7, 2), (7, 3)]], [[(1, 0), (2, 6), (4, 2), (5, 0), (5, 2), (6, 0), (6, 1), (7, 1), (7, 3)], [(0, 1), (0, 2), (0, 5), (0, 6), (1, 7), (2, 6), (3, 7), (4, 2), (5, 2), (6, 1)], [(0, 1), (0, 3), (0, 5), (0, 6), (2, 4), (5, 2), (5, 3), (5, 4), (6, 1), (6, 2), (6, 5), (7, 0), (7, 1), (7, 3), (7, 5)], [(1, 0), (5, 0), (6, 0), (6, 1), (1, 7), (4, 2), (5, 2), (2, 6), (3, 7)], [(0, 1), (0, 6), (0, 7), (2, 0), (2, 4), (2, 6), (3, 7), (5, 0), (5, 2), (5, 4), (5, 7), (6, 1), (7, 1)]], [[(0, 6), (1, 2), (1, 6), (2, 4), (3, 0), (3, 6), (5, 6), (7, 0), (7, 3), (7, 4), (7, 6)], [(0, 3), (0, 6), (1, 2), (1, 3), (1, 6), (2, 0), (2, 4), (3, 6), (6, 4), (6, 5), (7, 0), (7, 3), (7, 4), (7, 6)], [(0, 4), (0, 5), (0, 7), (1, 4), (1, 7), (2, 1), (2, 4), (2, 7), (3, 0), (3, 1), (3, 4), (3, 5), (3, 7), (4, 5), (6, 0), (6, 1), (6, 3), (6, 5)], [(0, 3), (0, 6), (0, 7), (1, 2), (1, 6), (2, 4), (6, 3), (7, 3), (7, 4), (5, 6), (6, 7)], [(0, 2), (0, 6), (0, 7), (1, 2), (1, 3), (1, 6), (2, 3), (4, 0), (4, 2), (4, 3), (4, 6), (4, 7), (5, 3), (5, 6), (5, 7), (6, 3), (7, 3), (7, 6)]], [[(0, 3), (1, 3), (4, 3), (5, 1), (6, 1), (6, 2), (7, 2), (7, 6)], [(0, 3), (1, 3), (1, 5), (1, 6), (1, 7), (3, 4), (5, 0), (6, 2), (6, 7), (7, 2)], [(0, 2), (0, 3), (1, 4), (1, 5), (2, 5), (3, 1), (3, 4), (3, 7), (4, 7), (6, 0), (6, 1), (6, 2), (6, 7), (7, 2)], [(0, 3), (1, 3), (1, 5), (6, 1), (6, 2), (7, 2), (3, 4), (7, 6)], [(0, 3), (0, 4), (1, 3), (2, 0), (2, 6), (2, 7), (3, 7), (4, 3), (4, 7), (5, 1), (5, 6), (6, 0), (6, 1), (6, 7)]], [[(0, 1), (0, 7), (1, 6), (2, 0), (2, 3), (2, 4), (3, 5), (4, 6), (5, 6), (5, 7)], [(0, 1), (0, 2), (0, 7), (1, 6), (2, 3), (2, 4), (2, 6), (5, 1), (5, 3), (5, 6), (6, 4), (7, 5)], [(0, 1), (0, 2), (0, 3), (0, 6), (0, 7), (2, 3), (2, 4), (3, 1), (4, 1), (4, 3), (4, 6), (5, 3), (5, 6), (5, 7), (6, 3)], [(1, 0), (2, 0), (7, 0), (1, 6), (3, 2), (4, 2), (5, 3), (6, 4), (5, 6), (7, 5)], [(0, 1), (0, 3), (0, 6), (0, 7), (2, 0), (2, 3), (2, 7), (3, 1), (4, 1), (4, 2), (4, 3), (4, 6), (5, 3), (5, 6), (6, 3), (7, 5)]], [[(0, 1), (0, 3), (0, 6), (0, 7), (1, 5), (1, 7), (2, 3), (2, 4), (2, 6), (3, 5), (4, 5), (4, 6), (4, 7)], [(0, 1), (0, 3), (0, 6), (0, 7), (1, 2), (1, 5), (2, 4), (2, 6), (3, 2), (3, 5), (3, 7), (5, 4), (6, 4), (7, 1), (7, 4)], [(1, 0), (1, 2), (1, 3), (1, 6), (3, 0), (3, 2), (4, 2), (4, 3), (4, 6), (5, 0), (5, 2), (5, 3), (5, 4), (5, 6), (6, 0), (6, 2), (6, 3), (7, 0), (7, 1), (7, 3), (7, 4), (7, 5), (7, 6)], [(1, 0), (3, 0), (0, 6), (0, 7), (1, 5), (1, 7), (3, 2), (4, 2), (2, 6), (3, 5), (4, 5), (4, 6), (4, 7)], [(0, 7), (1, 0), (1, 2), (1, 5), (1, 7), (3, 0), (3, 2), (3, 5), (3, 7), (4, 0), (4, 2), (4, 5), (4, 7), (5, 0), (5, 2), (5, 7), (6, 0), (6, 2), (6, 4), (6, 5), (6, 7)]], [[(0, 1), (0, 3), (0, 5), (2, 5), (4, 0), (6, 5), (7, 4)], [(0, 1), (2, 1), (2, 5), (3, 0), (4, 0), (4, 1), (4, 7), (5, 0), (5, 6)], [(0, 1), (0, 5), (0, 7), (2, 0), (2, 1), (2, 5), (2, 6), (3, 0), (3, 1), (3, 6), (3, 7), (4, 0), (4, 1), (4, 3), (4, 6), (4, 7), (6, 1), (6, 5), (6, 7)], [(0, 1), (3, 0), (4, 0), (5, 0), (5, 2), (7, 4), (6, 5)], [(0, 1), (0, 2), (0, 5), (1, 2), (2, 5), (3, 0), (3, 2), (3, 4), (4, 0), (4, 2), (6, 0), (6, 1), (6, 5), (7, 0), (7, 4)]], [[(0, 1), (0, 5), (0, 7), (1, 4), (2, 4), (3, 5), (6, 0), (7, 4)], [(0, 1), (0, 5), (0, 6), (0, 7), (1, 4), (3, 5), (4, 2), (6, 7), (7, 3), (7, 4)], [(0, 2), (0, 4), (0, 5), (0, 6), (2, 1), (2, 4), (3, 5), (4, 1), (6, 3), (6, 4), (7, 0), (7, 2), (7, 3), (7, 4)], [(1, 0), (0, 5), (0, 6), (7, 0), (1, 4), (2, 4), (3, 5), (4, 7)], [(0, 5), (2, 0), (2, 1), (2, 4), (3, 5), (4, 0), (4, 1), (4, 6), (4, 7), (6, 0), (6, 3), (7, 0), (7, 3), (7, 6)]], [[(0, 1), (0, 3), (1, 2), (1, 4), (2, 3), (2, 5), (4, 6), (4, 7), (5, 6), (7, 5)], [(0, 1), (0, 3), (0, 7), (2, 1), (2, 3), (3, 1), (4, 1), (4, 6), (4, 7), (5, 2), (5, 6), (7, 5)], [(0, 1), (0, 5), (0, 6), (0, 7), (1, 5), (1, 6), (2, 0), (2, 1), (2, 5), (2, 7), (3, 0), (3, 1), (3, 2), (4, 1), (4, 2), (4, 5), (4, 6), (4, 7), (5, 6)], [(0, 1), (0, 3), (2, 1), (4, 1), (2, 3), (5, 2), (4, 6), (7, 4), (5, 6), (7, 5)], [(0, 1), (0, 3), (0, 7), (2, 1), (2, 3), (2, 5), (2, 6), (2, 7), (3, 1), (4, 1), (4, 5), (4, 7), (5, 1), (6, 1), (6, 4), (6, 5)]], [[(0, 2), (0, 3), (0, 5), (1, 5), (2, 7), (3, 4), (3, 7), (4, 1), (4, 6), (5, 6), (6, 7)], [(0, 2), (0, 3), (1, 4), (1, 5), (4, 3), (4, 6), (5, 0), (6, 5), (7, 2), (7, 3), (7, 6)], [(0, 3), (0, 4), (0, 5), (2, 0), (2, 3), (2, 7), (3, 5), (3, 7), (4, 1), (4, 3), (4, 5), (4, 7), (5, 1), (6, 2), (6, 3), (6, 4), (6, 5), (6, 7), (7, 5)], [(2, 0), (3, 0), (0, 5), (1, 4), (5, 1), (2, 7), (3, 4), (3, 7), (4, 6), (5, 6), (7, 6)], [(0, 2), (2, 6), (2, 7), (3, 0), (3, 2), (3, 4), (3, 6), (3, 7), (4, 0), (4, 1), (4, 2), (4, 5), (4, 6), (4, 7), (5, 0), (5, 1), (5, 6), (5, 7), (7, 6)]], [[(1, 6), (3, 6), (4, 1), (4, 6), (5, 0), (5, 6), (7, 1), (7, 3)], [(1, 4), (1, 6), (1, 7), (3, 6), (5, 0), (5, 4), (6, 4), (6, 5), (7, 3)], [(1, 3), (1, 4), (1, 5), (1, 6), (5, 0), (5, 4), (5, 6), (6, 3), (6, 4), (7, 1), (7, 3), (7, 4), (7, 6)], [(5, 0), (1, 4), (1, 6), (7, 1), (3, 6), (7, 3), (6, 4), (6, 5)], [(1, 6), (3, 1), (3, 4), (3, 6), (3, 7), (4, 5), (4, 6), (4, 7), (5, 0), (5, 1), (5, 6), (7, 1)]], [[(0, 1), (0, 3), (0, 4), (2, 1), (2, 3), (3, 5), (3, 6), (4, 1), (4, 7), (6, 7), (7, 1), (7, 5)], [(0, 4), (1, 0), (1, 2), (1, 4), (1, 7), (3, 0), (3, 2), (3, 5), (3, 6), (4, 6), (7, 4), (7, 5), (7, 6)], [(1, 0), (1, 2), (1, 3), (2, 3), (3, 0), (3, 6), (4, 0), (4, 1), (4, 3), (4, 6), (5, 0), (5, 3), (7, 1), (7, 2), (7, 3), (7, 4), (7, 5), (7, 6)], [(0, 1), (0, 3), (4, 0), (2, 1), (4, 1), (7, 1), (2, 3), (5, 3), (6, 3), (4, 7), (7, 5), (6, 7)], [(0, 1), (0, 3), (1, 2), (3, 1), (3, 2), (3, 6), (4, 0), (4, 1), (4, 2), (4, 5), (4, 6), (4, 7), (5, 1), (5, 2), (5, 3), (5, 7), (7, 1), (7, 2), (7, 3), (7, 6)]], [[(0, 1), (0, 6), (0, 7), (1, 3), (1, 6), (2, 5), (2, 7), (3, 2), (3, 7), (4, 1), (4, 5), (5, 6)], [(0, 1), (0, 6), (0, 7), (1, 6), (2, 3), (2, 5), (2, 7), (3, 1), (3, 7), (4, 1), (4, 3), (5, 4), (5, 6)], [(0, 6), (0, 7), (1, 0), (1, 4), (1, 6), (2, 4), (2, 6), (2, 7), (3, 0), (3, 1), (3, 2), (3, 4), (3, 6), (3, 7), (5, 1), (5, 2), (5, 3), (5, 4), (5, 6)], [(0, 1), (0, 6), (0, 7), (1, 3), (4, 1), (1, 6), (3, 2), (2, 5), (2, 7), (3, 7), (4, 5), (5, 6)], [(0, 1), (0, 6), (0, 7), (1, 6), (2, 5), (2, 6), (2, 7), (3, 1), (3, 2), (3, 4), (3, 6), (3, 7), (4, 1), (4, 5), (5, 6)]], [[(0, 2), (0, 7), (1, 3), (1, 4), (1, 7), (2, 3), (3, 5), (4, 5), (6, 0), (6, 7), (7, 4)], [(0, 2), (3, 1), (3, 2), (3, 5), (4, 2), (4, 7), (6, 2), (6, 5), (7, 0), (7, 1), (7, 6)], [(0, 3), (1, 0), (1, 3), (1, 6), (1, 7), (2, 0), (2, 3), (2, 4), (2, 6), (2, 7), (5, 6), (5, 7), (6, 0), (6, 3), (7, 0), (7, 4), (7, 6)], [(0, 2), (6, 0), (7, 0), (3, 1), (4, 1), (1, 7), (3, 2), (3, 5), (4, 5), (4, 7), (7, 6)], [(0, 3), (0, 7), (1, 3), (1, 5), (1, 6), (1, 7), (2, 0), (2, 3), (2, 4), (2, 5), (2, 6), (6, 0), (6, 3), (6, 5), (6, 7), (7, 4), (7, 5)]], [[(0, 4), (1, 4), (1, 5), (2, 0), (2, 6), (3, 5), (6, 0), (7, 1), (7, 6)], [(0, 2), (0, 4), (0, 6), (1, 5), (2, 5), (2, 6), (4, 1), (5, 3), (6, 5), (6, 7), (7, 1), (7, 3)], [(1, 4), (1, 5), (1, 6), (1, 7), (2, 0), (2, 5), (2, 6), (3, 0), (3, 5), (3, 6), (3, 7), (4, 0), (4, 7), (6, 0), (6, 5), (6, 7)], [(2, 0), (4, 0), (0, 6), (4, 1), (5, 1), (7, 1), (2, 6), (5, 3), (6, 7)], [(1, 5), (1, 6), (1, 7), (2, 0), (2, 5), (2, 6), (3, 0), (3, 5), (3, 6), (3, 7), (4, 0), (4, 1), (4, 7), (6, 0), (6, 5), (6, 7)]], [[(0, 1), (0, 3), (0, 6), (1, 2), (1, 7), (2, 3), (2, 6), (3, 4), (5, 4), (5, 7), (6, 7)], [(0, 1), (0, 3), (0, 6), (1, 2), (1, 3), (2, 6), (3, 2), (3, 4), (5, 4), (5, 7), (7, 6)], [(0, 2), (0, 5), (0, 7), (1, 0), (1, 2), (1, 7), (2, 5), (3, 0), (3, 1), (3, 2), (3, 4), (3, 5), (5, 4), (6, 0), (6, 2), (6, 7), (7, 5)], [(0, 1), (0, 3), (0, 6), (2, 1), (1, 7), (2, 3), (2, 6), (3, 4), (5, 4), (7, 5), (7, 6)], [(0, 1), (0, 6), (1, 6), (2, 0), (2, 1), (2, 3), (2, 6), (3, 0), (3, 1), (3, 4), (3, 6), (3, 7), (5, 0), (5, 4), (7, 0), (7, 1), (7, 5), (7, 6)]], [[(0, 2), (0, 3), (0, 4), (0, 7), (1, 3), (1, 5), (1, 7), (2, 6), (4, 6), (4, 7)], [(0, 2), (0, 4), (0, 7), (1, 3), (1, 5), (2, 6), (4, 6), (4, 7), (6, 7), (7, 1), (7, 3)], [(0, 5), (1, 3), (2, 0), (2, 6), (4, 0), (4, 6), (5, 1), (6, 0), (7, 0), (7, 2), (7, 3), (7, 4), (7, 5), (7, 6)], [(0, 2), (0, 3), (0, 4), (0, 7), (1, 3), (1, 5), (1, 7), (6, 2), (6, 4), (7, 4)], [(0, 2), (0, 4), (0, 5), (0, 6), (0, 7), (2, 6), (3, 1), (4, 6), (4, 7), (5, 1), (5, 3), (7, 1), (7, 3), (7, 5), (7, 6)]], [[(0, 1), (0, 4), (1, 3), (1, 5), (2, 3), (2, 5), (3, 7), (4, 5), (6, 1), (6, 5), (6, 7), (7, 4)], [(0, 1), (0, 4), (1, 3), (1, 5), (1, 6), (2, 3), (2, 5), (3, 7), (4, 5), (5, 6), (7, 4), (7, 6)], [(0, 1), (0, 4), (0, 5), (1, 3), (1, 4), (1, 5), (2, 3), (2, 4), (2, 5), (5, 4), (6, 1), (6, 2), (6, 3), (6, 4), (6, 5), (7, 0), (7, 1), (7, 3), (7, 4), (7, 6)], [(0, 1), (4, 0), (1, 3), (5, 1), (6, 1), (2, 3), (2, 5), (3, 7), (4, 5), (4, 7), (5, 6), (6, 7)], [(0, 4), (0, 5), (1, 0), (1, 3), (1, 4), (1, 5), (2, 3), (2, 4), (2, 5), (3, 7), (5, 4), (6, 0), (6, 1), (6, 4), (6, 5), (6, 7), (7, 4)]], [[(0, 6), (1, 2), (1, 4), (1, 6), (1, 7), (2, 3), (3, 5), (3, 7), (4, 0), (4, 5), (6, 2)], [(0, 4), (1, 2), (1, 4), (1, 6), (1, 7), (3, 2), (3, 5), (3, 7), (5, 0), (5, 4), (6, 0), (6, 2)], [(0, 4), (1, 2), (1, 4), (1, 6), (1, 7), (3, 2), (3, 5), (3, 7), (5, 0), (5, 4), (6, 0), (6, 2)], [(4, 0), (0, 6), (1, 2), (1, 4), (1, 6), (1, 7), (3, 2), (6, 2), (3, 5), (3, 7), (5, 4)], [(0, 4), (1, 2), (1, 4), (1, 6), (1, 7), (3, 2), (3, 7), (5, 0), (5, 3), (5, 4), (6, 0), (6, 2)]], [[(0, 4), (2, 7), (3, 1), (3, 2), (4, 7), (5, 7), (6, 0), (6, 2), (6, 5)], [(1, 3), (2, 5), (2, 7), (3, 0), (3, 2), (4, 0), (4, 7), (5, 7), (6, 0), (6, 2), (6, 5)], [(2, 5), (2, 6), (2, 7), (3, 0), (3, 1), (3, 2), (3, 6), (4, 0), (4, 1), (4, 2), (4, 5), (4, 6), (4, 7), (6, 0), (6, 1), (6, 5), (7, 1), (7, 5)], [(4, 0), (6, 0), (3, 1), (3, 2), (6, 2), (2, 7), (4, 7), (6, 5), (5, 7)], [(0, 3), (0, 4), (0, 6), (2, 3), (2, 5), (2, 7), (3, 1), (4, 1), (4, 5), (4, 7), (6, 1), (6, 2), (6, 3), (6, 4), (6, 5), (7, 1), (7, 5)]], [[(0, 3), (1, 6), (1, 7), (3, 4), (4, 6), (5, 1), (6, 2), (7, 0), (7, 4), (7, 6)], [(1, 5), (3, 0), (3, 1), (3, 4), (4, 6), (4, 7), (5, 2), (6, 1), (6, 2), (6, 7), (7, 0), (7, 1)], [(0, 2), (0, 3), (1, 3), (1, 5), (4, 3), (5, 2), (6, 1), (6, 2), (6, 4), (6, 5), (7, 0), (7, 1), (7, 3), (7, 4), (7, 6)], [(0, 3), (7, 0), (5, 1), (6, 1), (1, 7), (6, 2), (4, 3), (6, 4), (7, 4), (6, 7)], [(0, 2), (0, 3), (0, 4), (0, 7), (1, 3), (4, 3), (4, 6), (4, 7), (5, 1), (5, 2), (6, 1), (6, 2), (7, 1), (7, 3), (7, 5), (7, 6)]], [[(0, 3), (0, 4), (0, 6), (1, 6), (1, 7), (2, 4), (4, 3), (5, 3), (5, 6), (7, 2), (7, 3)], [(0, 3), (0, 6), (2, 4), (2, 7), (4, 0), (4, 3), (5, 1), (5, 3), (6, 1), (6, 5), (7, 1), (7, 3)], [(1, 0), (1, 3), (1, 6), (2, 3), (2, 4), (2, 6), (3, 0), (4, 0), (4, 3), (4, 6), (5, 3), (5, 4), (5, 6), (6, 3), (7, 0), (7, 1), (7, 2), (7, 6)], [(0, 3), (0, 4), (6, 0), (1, 6), (7, 1), (2, 4), (7, 2), (4, 3), (5, 3), (7, 3), (5, 6)], [(0, 1), (0, 3), (0, 6), (1, 5), (2, 5), (2, 7), (3, 1), (3, 5), (4, 0), (4, 1), (4, 2), (4, 3), (4, 5), (6, 1), (6, 3), (6, 5), (7, 1), (7, 3), (7, 5)]], [[(0, 2), (1, 4), (2, 3), (2, 5), (3, 4), (3, 5), (5, 1), (6, 0), (6, 4), (7, 3)], [(0, 2), (0, 6), (2, 3), (2, 5), (3, 7), (4, 1), (4, 3), (5, 1), (5, 3), (6, 1), (6, 4)], [(0, 6), (1, 3), (1, 4), (1, 5), (1, 6), (2, 0), (2, 3), (2, 5), (3, 4), (3, 5), (3, 7), (4, 0), (4, 6), (4, 7)], [(0, 2), (6, 0), (1, 4), (1, 5), (3, 2), (5, 2), (4, 3), (3, 5), (7, 3), (6, 4)], [(0, 6), (1, 2), (1, 4), (1, 5), (1, 6), (2, 0), (2, 5), (3, 2), (3, 5), (3, 7), (4, 0), (4, 3), (4, 6), (4, 7)]], [[(0, 5), (1, 5), (3, 1), (5, 6), (6, 2), (6, 4), (7, 0), (7, 3)], [(1, 3), (1, 5), (1, 6), (2, 3), (3, 7), (4, 6), (5, 0), (6, 2), (6, 5), (7, 0)], [(1, 3), (1, 4), (1, 5), (1, 6), (2, 3), (5, 0), (5, 4), (6, 2), (6, 4), (6, 5), (7, 0), (7, 1), (7, 3), (7, 4), (7, 5)], [(5, 0), (7, 0), (3, 1), (5, 1), (6, 2), (7, 3), (6, 4), (6, 5)], [(1, 3), (2, 3), (4, 1), (5, 0), (5, 1), (6, 1), (6, 2), (6, 4), (6, 5), (7, 0), (7, 1), (7, 3)]], [[(0, 3), (0, 5), (0, 6), (1, 3), (1, 4), (1, 5), (1, 6), (3, 4), (4, 5), (5, 2), (7, 3)], [(0, 3), (0, 5), (0, 6), (1, 3), (1, 4), (1, 5), (1, 6), (3, 7), (4, 3), (4, 5), (5, 2), (6, 5)], [(1, 0), (1, 4), (1, 5), (1, 6), (3, 0), (3, 1), (3, 4), (3, 5), (4, 5), (5, 0), (5, 2), (6, 0), (6, 5), (7, 3)], [(0, 3), (0, 5), (0, 6), (1, 3), (4, 1), (1, 5), (1, 6), (5, 2), (4, 3), (3, 7), (4, 5)], [(1, 0), (1, 4), (3, 0), (3, 1), (3, 5), (5, 0), (5, 1), (5, 2), (5, 4), (5, 6), (6, 0), (6, 1), (6, 4), (7, 3), (7, 4), (7, 5)]], [[(0, 3), (0, 4), (1, 4), (1, 5), (1, 6), (3, 5), (3, 6), (4, 2), (4, 7), (5, 7), (7, 2)], [(0, 3), (0, 4), (0, 5), (1, 2), (1, 4), (1, 5), (1, 6), (3, 5), (3, 6), (4, 2), (5, 7), (6, 2), (7, 2), (7, 6)], [(0, 3), (0, 6), (1, 2), (1, 5), (1, 6), (3, 5), (3, 6), (4, 0), (4, 2), (4, 5), (4, 6), (6, 2), (7, 0), (7, 1), (7, 2), (7, 3), (7, 4), (7, 5)], [(3, 0), (0, 4), (1, 4), (1, 5), (1, 6), (4, 2), (7, 2), (3, 5), (3, 6), (4, 7), (5, 7)], [(0, 3), (1, 2), (1, 3), (1, 4), (1, 5), (1, 6), (2, 4), (2, 7), (4, 0), (4, 3), (5, 0), (5, 2), (5, 3), (5, 6), (5, 7), (6, 0), (6, 2), (6, 3), (6, 4), (6, 7), (7, 0), (7, 3)]], [[(0, 4), (0, 6), (1, 6), (2, 5), (3, 0), (3, 1), (5, 1), (5, 6), (7, 1), (7, 5)], [(0, 3), (0, 4), (0, 6), (1, 5), (1, 6), (3, 1), (3, 4), (5, 2), (6, 5), (7, 1), (7, 5)], [(0, 4), (1, 3), (1, 6), (3, 0), (5, 1), (5, 2), (5, 6), (6, 0), (7, 1), (7, 5)], [(3, 0), (0, 4), (6, 0), (3, 1), (1, 5), (1, 6), (7, 1), (5, 2), (5, 6), (7, 5)], [(1, 7), (3, 0), (3, 1), (3, 4), (3, 6), (3, 7), (4, 0), (5, 1), (5, 2), (5, 7), (6, 0), (6, 1), (6, 5)]], [[(0, 1), (0, 5), (1, 5), (2, 1), (2, 5), (3, 4), (3, 6), (4, 5), (5, 7), (6, 4), (6, 7)], [(1, 0), (1, 2), (3, 0), (3, 4), (3, 6), (4, 5), (4, 6), (5, 0), (5, 1), (5, 2), (5, 7), (6, 7)], [(0, 3), (0, 5), (1, 0), (1, 3), (1, 5), (4, 3), (5, 2), (5, 4), (6, 0), (6, 3), (6, 4), (6, 5), (7, 2), (7, 5), (7, 6)], [(1, 0), (5, 0), (2, 1), (5, 1), (5, 2), (4, 3), (6, 3), (4, 5), (6, 4), (5, 7), (6, 7)], [(0, 1), (0, 3), (0, 5), (0, 6), (1, 3), (1, 5), (4, 3), (5, 2), (5, 4), (6, 3), (6, 4), (6, 5), (6, 7), (7, 2), (7, 5)]], [[(0, 1), (0, 2), (0, 3), (2, 4), (2, 5), (2, 7), (3, 1), (3, 7), (4, 6), (4, 7), (5, 1), (5, 6)], [(0, 1), (0, 2), (0, 3), (1, 3), (3, 7), (4, 2), (4, 6), (5, 1), (5, 2), (5, 6), (7, 2)], [(0, 1), (0, 2), (0, 5), (0, 6), (1, 2), (1, 5), (3, 0), (3, 1), (3, 6), (4, 1), (4, 5), (4, 6), (5, 2), (6, 1), (6, 5), (7, 0), (7, 2), (7, 3), (7, 4), (7, 5), (7, 6)], [(1, 0), (2, 0), (0, 3), (1, 3), (5, 1), (4, 2), (5, 2), (2, 7), (3, 7), (4, 6), (4, 7), (5, 6)], [(1, 0), (2, 0), (3, 0), (3, 1), (3, 2), (4, 0), (4, 1), (4, 5), (5, 0), (5, 1), (5, 2), (6, 0), (6, 1), (6, 2), (6, 4), (6, 5), (7, 2), (7, 3), (7, 4)]], [[(0, 2), (0, 5), (1, 5), (2, 4), (3, 0), (3, 4), (4, 6), (6, 7), (7, 1), (7, 5)], [(0, 2), (0, 3), (0, 5), (0, 6), (2, 4), (3, 4), (4, 6), (5, 1), (6, 5), (6, 7), (7, 1), (7, 5)], [(0, 2), (0, 3), (2, 4), (3, 4), (5, 0), (5, 1), (6, 0), (6, 1), (6, 4), (7, 0), (7, 1), (7, 3), (7, 5), (7, 6)], [(0, 2), (3, 0), (5, 0), (5, 1), (7, 1), (2, 4), (3, 4), (4, 6), (5, 7), (6, 7)], [(0, 3), (0, 5), (0, 7), (1, 3), (1, 5), (1, 7), (2, 0), (2, 4), (3, 4), (3, 7), (6, 0), (6, 1), (6, 2), (6, 3), (6, 4), (6, 5), (6, 7), (7, 5)]], [[(0, 3), (0, 6), (0, 7), (1, 4), (1, 5), (2, 6), (2, 7), (3, 5), (3, 7), (4, 7)], [(1, 0), (1, 4), (1, 5), (3, 0), (3, 5), (3, 7), (4, 7), (5, 4), (6, 0), (6, 2), (7, 0), (7, 2)], [(0, 4), (0, 5), (0, 6), (0, 7), (1, 4), (2, 1), (2, 4), (2, 5), (2, 6), (2, 7), (3, 0), (3, 4), (3, 5), (3, 7), (5, 1), (7, 1), (7, 4), (7, 5)], [(0, 3), (0, 6), (0, 7), (1, 4), (5, 1), (2, 6), (7, 2), (5, 3), (3, 7), (4, 7)], [(0, 1), (0, 3), (0, 4), (0, 6), (0, 7), (1, 3), (1, 4), (1, 5), (1, 7), (2, 1), (2, 3), (2, 4), (2, 5), (2, 6), (2, 7), (4, 3), (4, 7), (5, 3), (5, 7), (7, 3)]], [[(0, 5), (2, 0), (2, 1), (2, 3), (2, 7), (3, 4), (3, 6), (4, 7), (5, 1), (6, 7)], [(0, 2), (1, 5), (1, 6), (2, 3), (2, 7), (4, 2), (4, 3), (4, 7), (5, 0), (6, 3), (6, 7)], [(2, 4), (2, 5), (2, 7), (3, 0), (3, 2), (3, 4), (3, 5), (5, 0), (5, 1), (6, 0), (6, 1), (6, 3), (6, 4), (6, 7), (7, 4)], [(2, 0), (5, 0), (1, 2), (1, 5), (3, 2), (2, 7), (4, 3), (6, 3), (4, 7), (6, 7)], [(0, 3), (0, 5), (3, 2), (3, 5), (3, 6), (4, 2), (4, 3), (4, 6), (4, 7), (5, 1), (5, 2), (5, 7), (6, 1), (6, 2), (7, 2), (7, 6)]], [[(0, 5), (0, 7), (1, 2), (1, 4), (1, 5), (2, 6), (3, 2), (3, 5), (4, 6), (4, 7), (5, 7)], [(1, 2), (1, 4), (2, 4), (2, 6), (3, 0), (3, 2), (3, 5), (4, 6), (4, 7), (5, 0), (5, 7), (7, 0)], [(0, 6), (2, 0), (2, 1), (2, 6), (2, 7), (3, 0), (3, 1), (3, 2), (4, 0), (4, 1), (4, 2), (4, 6), (4, 7), (5, 0), (5, 2), (5, 3), (5, 4), (5, 7), (7, 0)], [(0, 5), (0, 7), (1, 2), (1, 4), (5, 1), (3, 2), (2, 6), (3, 5), (4, 6), (7, 4), (5, 7)], [(0, 3), (2, 1), (2, 3), (2, 4), (3, 1), (4, 1), (5, 0), (5, 2), (5, 3), (5, 4), (5, 6), (5, 7), (6, 0), (6, 2), (6, 4), (6, 7), (7, 0), (7, 3), (7, 4)]], [[(1, 4), (2, 5), (3, 0), (3, 2), (4, 5), (4, 6), (7, 1), (7, 2)], [(1, 4), (1, 5), (2, 3), (2, 5), (2, 6), (2, 7), (3, 0), (4, 6), (5, 4), (7, 1)], [(1, 5), (1, 7), (2, 3), (2, 5), (2, 6), (2, 7), (3, 0), (3, 6), (3, 7), (4, 1), (4, 2), (4, 5), (4, 6)], [(3, 0), (1, 4), (7, 1), (3, 2), (2, 5), (7, 2), (5, 4), (4, 6)], [(1, 4), (1, 5), (1, 6), (1, 7), (2, 5), (2, 6), (3, 0), (3, 2), (3, 6), (4, 5), (6, 4), (7, 2)]], [[(0, 3), (0, 6), (1, 5), (2, 1), (2, 7), (3, 5), (4, 3), (4, 6), (5, 6), (7, 3), (7, 4)], [(0, 3), (0, 6), (1, 5), (2, 1), (3, 2), (3, 5), (3, 7), (4, 3), (4, 6), (4, 7), (5, 6), (7, 2), (7, 6)], [(2, 1), (3, 0), (3, 1), (3, 2), (4, 0), (4, 3), (5, 0), (5, 1), (5, 3), (6, 0), (6, 1), (6, 2), (6, 4), (6, 5), (7, 2), (7, 3), (7, 4), (7, 5)], [(0, 3), (0, 6), (2, 1), (1, 5), (7, 2), (4, 3), (3, 5), (3, 7), (4, 6), (4, 7), (5, 6)], [(0, 3), (0, 4), (0, 6), (1, 2), (1, 5), (2, 3), (2, 7), (3, 4), (3, 5), (5, 4), (6, 3), (6, 4), (6, 5), (7, 3), (7, 4), (7, 6)]], [[(0, 2), (1, 4), (1, 5), (1, 7), (2, 3), (2, 6), (4, 2), (4, 6), (5, 6), (6, 3), (7, 3), (7, 4)], [(0, 2), (1, 4), (1, 5), (1, 7), (2, 3), (2, 6), (4, 2), (4, 6), (4, 7), (6, 3), (6, 5), (7, 3), (7, 6)], [(0, 5), (1, 5), (2, 0), (2, 3), (2, 5), (4, 1), (4, 2), (4, 3), (6, 0), (6, 2), (6, 3), (6, 4), (7, 1), (7, 3), (7, 4)], [(0, 2), (4, 1), (1, 5), (7, 1), (2, 3), (2, 4), (6, 2), (6, 3), (3, 7), (6, 4), (7, 4), (6, 5)], [(0, 2), (0, 4), (0, 6), (2, 3), (2, 4), (2, 6), (3, 6), (4, 1), (4, 3), (4, 6), (5, 1), (5, 2), (5, 4), (7, 1), (7, 2), (7, 3), (7, 4), (7, 5), (7, 6)]], [[(1, 0), (2, 3), (2, 5), (4, 5), (5, 0), (6, 3), (7, 1), (7, 2)], [(0, 1), (0, 5), (2, 3), (2, 7), (3, 1), (3, 6), (5, 2), (5, 4), (7, 1)], [(0, 1), (0, 2), (0, 3), (0, 5), (2, 1), (2, 3), (2, 4), (2, 5), (5, 4), (6, 1), (6, 2), (6, 3), (7, 0), (7, 1), (7, 2), (7, 6)], [(0, 1), (5, 0), (7, 1), (2, 3), (2, 5), (7, 2), (3, 6), (4, 5)], [(0, 1), (0, 2), (0, 3), (0, 4), (0, 5), (0, 6), (0, 7), (2, 1), (2, 3), (2, 4), (2, 5), (2, 6), (4, 5), (6, 1), (6, 3), (7, 1), (7, 2)]], [[(0, 3), (0, 5), (0, 7), (1, 2), (1, 6), (2, 3), (2, 6), (4, 3), (4, 5), (4, 7), (5, 1), (5, 6)], [(0, 3), (0, 5), (0, 7), (1, 2), (3, 2), (4, 1), (4, 3), (4, 5), (4, 7), (5, 1), (6, 1), (6, 2), (6, 5)], [(0, 2), (0, 3), (0, 5), (0, 6), (0, 7), (1, 2), (1, 7), (2, 3), (2, 7), (4, 1), (4, 2), (4, 3), (4, 5), (4, 7), (5, 1), (5, 2), (5, 6), (6, 1), (6, 2), (6, 3), (6, 7)], [(0, 3), (0, 5), (0, 7), (1, 2), (5, 1), (6, 1), (3, 2), (6, 2), (4, 3), (4, 5), (4, 7), (6, 5)], [(0, 1), (0, 2), (0, 3), (0, 6), (2, 1), (3, 2), (4, 1), (4, 3), (4, 5), (5, 0), (5, 1), (5, 6), (6, 1), (6, 2), (7, 0), (7, 1), (7, 4), (7, 5)]], [[(0, 3), (0, 5), (1, 3), (1, 4), (2, 4), (2, 5), (5, 7), (6, 0), (6, 2), (6, 7)], [(0, 3), (0, 5), (0, 6), (1, 3), (3, 2), (4, 1), (4, 7), (5, 2), (5, 7), (6, 1), (6, 2), (6, 3), (7, 6)], [(1, 3), (1, 4), (1, 7), (3, 0), (3, 2), (4, 7), (5, 0), (5, 2), (5, 4), (5, 7), (6, 0), (6, 1), (6, 2), (6, 3), (6, 4), (6, 5)], [(0, 3), (5, 0), (0, 6), (3, 1), (4, 1), (4, 2), (5, 2), (2, 6), (5, 7), (6, 7)], [(1, 4), (2, 3), (2, 5), (2, 6), (3, 0), (3, 1), (5, 0), (5, 1), (5, 3), (5, 4), (5, 6), (6, 0), (6, 1), (6, 3), (6, 4), (7, 1), (7, 2), (7, 4), (7, 5), (7, 6)]], [[(1, 0), (2, 0), (2, 1), (2, 5), (3, 2), (3, 5), (4, 3), (6, 5), (7, 5)], [(1, 2), (1, 4), (2, 0), (2, 5), (3, 4), (5, 3), (5, 7), (6, 0), (6, 5), (6, 7)], [(0, 3), (0, 6), (1, 0), (1, 3), (1, 6), (1, 7), (2, 0), (2, 1), (2, 6), (2, 7), (4, 0), (4, 1), (4, 2), (4, 3), (4, 7), (5, 2), (5, 3), (5, 6), (5, 7), (6, 7)], [(1, 0), (2, 0), (2, 1), (2, 3), (2, 5), (3, 4), (5, 3), (6, 5), (5, 7)], [(0, 2), (0, 4), (1, 4), (2, 1), (2, 3), (2, 4), (3, 4), (5, 0), (5, 1), (5, 2), (5, 3), (5, 4), (5, 7), (6, 0), (6, 1), (6, 5), (6, 7), (7, 3), (7, 4)]], [[(0, 4), (0, 7), (1, 3), (1, 7), (2, 6), (3, 6), (5, 1), (5, 6), (7, 4)], [(0, 3), (0, 4), (1, 3), (1, 5), (1, 7), (5, 6), (6, 2), (6, 3), (6, 4), (7, 0), (7, 4)], [(0, 1), (0, 4), (0, 5), (1, 4), (1, 7), (3, 0), (3, 1), (3, 5), (4, 7), (6, 1), (6, 2), (6, 3), (6, 4), (6, 5), (6, 7)], [(4, 0), (7, 0), (3, 1), (5, 1), (1, 7), (6, 2), (3, 6), (7, 4), (5, 6)], [(0, 1), (0, 3), (0, 5), (1, 7), (3, 1), (4, 0), (4, 1), (4, 7), (5, 3), (6, 0), (6, 1), (6, 2), (6, 3), (6, 4), (6, 5), (6, 7)]], [[(2, 0), (2, 3), (2, 4), (5, 2), (5, 4), (6, 3), (6, 5), (7, 1), (7, 3), (7, 4)], [(0, 2), (2, 3), (2, 4), (2, 5), (3, 6), (3, 7), (5, 4), (6, 4), (6, 5), (7, 1), (7, 4)], [(2, 0), (2, 3), (4, 2), (4, 5), (5, 2), (6, 2), (6, 3), (6, 5), (7, 1), (7, 2), (7, 3), (7, 4), (7, 5), (7, 6)], [(2, 0), (7, 1), (2, 3), (4, 2), (2, 5), (3, 6), (7, 3), (4, 5), (7, 4), (6, 5)], [(2, 0), (2, 4), (3, 2), (3, 4), (3, 6), (5, 2), (5, 3), (5, 4), (5, 6), (5, 7), (6, 4), (7, 1), (7, 2), (7, 3), (7, 4)]], [[(0, 4), (0, 7), (1, 0), (1, 6), (2, 4), (2, 6), (3, 4), (5, 2), (5, 4), (6, 7)], [(0, 1), (0, 4), (0, 7), (1, 2), (1, 6), (2, 4), (3, 4), (5, 2), (5, 4), (6, 2), (6, 7)], [(0, 1), (0, 2), (0, 4), (0, 5), (0, 7), (1, 2), (2, 4), (2, 5), (3, 4), (5, 4), (6, 1), (6, 5), (6, 7), (7, 1), (7, 2), (7, 5)], [(1, 0), (0, 4), (0, 7), (6, 1), (2, 4), (5, 2), (6, 2), (3, 4), (5, 4), (6, 7)], [(0, 1), (0, 4), (0, 6), (1, 6), (2, 0), (2, 4), (2, 5), (2, 6), (2, 7), (3, 4), (5, 1), (5, 4), (5, 6), (7, 0), (7, 1), (7, 6)]], [[(0, 4), (0, 5), (1, 5), (1, 6), (3, 2), (4, 2), (5, 4), (6, 4), (7, 1), (7, 2)], [(1, 5), (1, 6), (2, 4), (2, 5), (2, 7), (3, 2), (4, 0), (5, 0), (5, 4), (5, 7), (6, 3), (6, 4), (7, 4)], [(0, 3), (2, 1), (2, 3), (2, 7), (4, 0), (4, 2), (4, 5), (4, 7), (5, 0), (5, 1), (5, 2), (5, 7), (6, 0), (6, 1), (6, 3), (6, 4), (6, 7)], [(0, 4), (5, 0), (1, 5), (6, 1), (1, 7), (2, 3), (4, 2), (2, 7), (5, 4), (6, 4)], [(0, 4), (0, 5), (0, 6), (2, 0), (2, 1), (2, 3), (2, 4), (2, 5), (2, 6), (2, 7), (3, 6), (4, 5), (4, 7), (5, 1), (5, 7), (6, 1), (6, 4), (6, 5), (6, 7)]], [[(0, 1), (0, 7), (1, 5), (2, 1), (2, 3), (3, 7), (4, 7), (6, 5)], [(0, 1), (0, 7), (1, 2), (2, 3), (3, 7), (4, 7), (5, 1), (5, 6), (6, 2)], [(0, 1), (0, 2), (0, 7), (1, 5), (2, 1), (3, 2), (3, 7), (5, 6), (7, 2), (7, 4)], [(0, 1), (0, 7), (1, 2), (5, 1), (2, 3), (3, 7), (4, 7), (5, 6)], [(0, 1), (0, 7), (2, 0), (2, 1), (2, 3), (2, 7), (3, 7), (4, 7), (5, 1), (5, 6)]], [[(0, 4), (0, 6), (1, 4), (1, 6), (1, 7), (2, 3), (2, 6), (3, 7), (4, 2), (5, 1), (5, 3), (5, 6)], [(0, 4), (0, 6), (1, 4), (1, 5), (1, 7), (2, 6), (3, 2), (3, 6), (3, 7), (4, 2), (4, 7), (5, 2), (5, 3), (5, 6)], [(0, 1), (0, 6), (1, 7), (2, 7), (3, 2), (4, 0), (4, 1), (4, 2), (4, 6), (4, 7), (5, 1), (5, 2), (5, 3), (5, 6), (5, 7), (6, 2)], [(4, 0), (6, 0), (4, 1), (5, 1), (1, 6), (1, 7), (2, 3), (4, 2), (6, 2), (5, 3), (3, 7), (5, 6)], [(0, 1), (0, 6), (1, 7), (2, 7), (3, 2), (4, 0), (4, 1), (4, 2), (4, 6), (4, 7), (5, 1), (5, 2), (5, 3), (5, 6), (5, 7), (6, 2)]], [[(0, 3), (0, 6), (1, 6), (1, 7), (2, 4), (2, 7), (3, 4), (3, 7), (5, 0), (5, 4)], [(0, 3), (0, 5), (0, 6), (1, 6), (1, 7), (3, 4), (4, 2), (5, 4), (6, 5), (7, 2), (7, 3)], [(0, 3), (0, 4), (2, 0), (2, 1), (2, 4), (2, 7), (3, 1), (4, 1), (4, 3), (5, 0), (5, 3), (5, 4), (5, 7), (6, 0), (6, 1), (6, 4), (6, 5), (6, 7), (7, 0), (7, 1), (7, 3)], [(0, 3), (5, 0), (6, 0), (6, 1), (7, 1), (4, 2), (7, 2), (3, 4), (7, 3), (5, 4)], [(1, 6), (2, 0), (2, 6), (3, 0), (3, 6), (4, 0), (4, 2), (4, 3), (4, 5), (4, 6), (5, 0), (6, 0), (7, 0), (7, 1), (7, 2), (7, 3), (7, 5), (7, 6)]], [[(1, 0), (1, 5), (2, 6), (3, 1), (4, 6), (4, 7), (5, 6), (5, 7), (7, 0)], [(0, 1), (0, 7), (1, 3), (1, 5), (1, 7), (2, 6), (5, 6), (6, 4), (7, 2), (7, 4), (7, 5)], [(1, 0), (1, 2), (1, 3), (1, 5), (1, 7), (2, 3), (2, 6), (2, 7), (4, 2), (4, 3), (4, 5), (4, 6), (4, 7), (5, 3), (5, 6), (5, 7), (7, 0), (7, 3), (7, 6)], [(1, 0), (7, 0), (1, 3), (5, 1), (6, 2), (4, 6), (4, 7), (5, 6), (5, 7)], [(1, 0), (1, 2), (1, 5), (1, 7), (2, 6), (2, 7), (3, 1), (3, 7), (4, 7), (5, 4), (5, 6), (5, 7), (6, 4), (6, 7), (7, 0)]], [[(1, 4), (1, 6), (2, 4), (2, 6), (3, 2), (5, 2), (5, 3), (6, 0), (7, 0), (7, 6)], [(0, 6), (0, 7), (2, 3), (2, 5), (3, 5), (4, 1), (4, 2), (6, 1), (6, 2), (6, 7)], [(0, 1), (0, 4), (0, 6), (1, 2), (1, 4), (1, 6), (3, 2), (3, 6), (4, 2), (5, 2), (5, 3), (5, 4), (5, 6), (7, 0), (7, 2), (7, 6)], [(6, 0), (7, 0), (1, 4), (1, 6), (2, 3), (2, 4), (2, 5), (2, 6), (5, 3), (7, 6)], [(0, 1), (0, 4), (0, 6), (1, 2), (1, 4), (1, 6), (3, 2), (3, 6), (4, 2), (5, 2), (5, 3), (5, 4), (5, 6), (7, 0), (7, 1), (7, 2), (7, 6)]], [[(0, 2), (0, 3), (0, 6), (1, 5), (1, 6), (2, 5), (3, 5), (3, 7), (4, 3), (7, 5)], [(0, 2), (0, 3), (0, 6), (1, 5), (2, 5), (2, 7), (3, 4), (3, 5), (3, 7), (6, 4), (7, 6)], [(0, 1), (2, 0), (2, 1), (2, 3), (2, 5), (2, 7), (3, 0), (3, 1), (3, 5), (3, 7), (4, 0), (4, 3), (4, 7), (5, 1), (6, 0), (6, 4), (6, 5), (6, 7), (7, 0)], [(2, 0), (3, 0), (6, 0), (1, 5), (1, 6), (2, 5), (4, 3), (5, 3), (3, 7), (5, 7)], [(0, 6), (1, 0), (1, 4), (1, 5), (1, 7), (2, 0), (2, 4), (2, 5), (3, 0), (3, 6), (4, 0), (4, 3), (4, 6), (5, 3), (5, 6), (5, 7), (7, 3), (7, 4), (7, 6)]], [[(0, 1), (0, 3), (1, 2), (1, 5), (1, 6), (2, 3), (3, 5), (4, 5), (4, 6), (5, 7), (6, 7)], [(0, 1), (0, 6), (2, 1), (2, 3), (3, 0), (3, 5), (5, 1), (5, 4), (5, 7), (6, 1), (6, 4), (6, 7)], [(0, 3), (1, 0), (1, 6), (2, 0), (2, 1), (2, 3), (2, 6), (4, 0), (4, 1), (4, 6), (5, 1), (5, 2), (5, 3), (5, 4), (7, 4), (7, 5), (7, 6)], [(0, 1), (3, 0), (2, 1), (1, 5), (1, 6), (3, 2), (3, 5), (5, 4), (6, 4), (5, 7), (6, 7)], [(0, 1), (0, 4), (1, 6), (2, 1), (2, 6), (3, 0), (3, 2), (4, 6), (4, 7), (5, 0), (5, 1), (5, 3), (5, 4), (5, 7), (7, 6)]], [[(0, 7), (1, 0), (1, 4), (3, 4), (4, 7), (5, 3), (6, 7), (7, 2)], [(0, 1), (1, 4), (2, 7), (3, 4), (3, 5), (3, 6), (7, 0), (7, 4), (7, 6)], [(0, 1), (0, 3), (0, 4), (0, 7), (1, 3), (1, 4), (2, 3), (2, 4), (2, 7), (3, 4), (5, 3), (5, 4), (7, 4), (7, 6)], [(0, 1), (0, 7), (1, 4), (7, 2), (3, 4), (5, 3), (7, 4), (6, 7)], [(0, 1), (0, 3), (0, 6), (1, 3), (1, 4), (2, 3), (4, 3), (5, 3), (7, 0), (7, 2), (7, 3), (7, 4), (7, 6)]], [[(0, 2), (0, 7), (1, 0), (1, 2), (2, 5), (3, 7), (4, 6), (5, 6), (5, 7), (6, 7)], [(0, 6), (0, 7), (1, 0), (1, 2), (1, 6), (2, 0), (2, 5), (3, 7), (4, 6), (4, 7), (5, 6), (7, 5), (7, 6)], [(0, 2), (0, 7), (1, 0), (1, 2), (1, 4), (3, 4), (3, 7), (5, 0), (5, 2), (5, 4), (5, 7), (6, 0), (6, 4), (6, 5), (6, 7), (7, 4)], [(0, 1), (0, 2), (0, 7), (1, 2), (5, 2), (3, 7), (4, 6), (5, 6), (7, 5), (7, 6)], [(0, 6), (0, 7), (1, 2), (1, 6), (1, 7), (2, 0), (3, 7), (4, 6), (4, 7), (5, 0), (5, 2), (5, 6), (5, 7), (6, 7)]], [[(0, 4), (0, 6), (1, 4), (1, 5), (2, 4), (2, 6), (3, 0), (3, 5), (7, 1), (7, 6)], [(0, 3), (1, 4), (1, 6), (1, 7), (3, 5), (4, 0), (4, 2), (5, 2), (6, 0), (6, 3), (6, 7)], [(0, 3), (0, 4), (0, 5), (1, 0), (1, 3), (1, 4), (1, 5), (2, 1), (2, 3), (2, 4), (2, 5), (2, 6), (4, 3), (4, 5), (5, 3), (6, 0), (6, 1), (6, 3), (6, 5), (7, 1), (7, 3), (7, 4), (7, 6)], [(3, 0), (0, 4), (6, 0), (4, 1), (1, 5), (7, 1), (2, 4), (6, 2), (3, 5), (7, 6)], [(0, 3), (1, 3), (1, 5), (2, 0), (2, 3), (2, 5), (4, 1), (4, 2), (4, 3), (4, 5), (4, 6), (5, 0), (5, 3), (6, 1), (6, 2), (6, 3), (6, 5), (6, 7), (7, 1), (7, 3)]], [[(1, 4), (2, 3), (2, 4), (2, 6), (4, 3), (6, 3), (6, 5), (7, 0), (7, 4), (7, 6)], [(1, 4), (2, 0), (2, 4), (2, 6), (4, 3), (4, 7), (6, 3), (6, 5), (7, 0), (7, 6)], [(0, 2), (0, 3), (0, 4), (0, 7), (1, 2), (1, 4), (1, 6), (1, 7), (4, 2), (4, 3), (5, 0), (5, 6), (5, 7), (6, 0), (6, 2), (6, 3), (6, 4), (6, 7), (7, 3)], [(7, 0), (1, 4), (2, 3), (2, 4), (6, 2), (4, 3), (6, 3), (7, 4), (6, 5), (7, 6)], [(0, 2), (0, 3), (0, 4), (0, 7), (1, 2), (1, 4), (1, 7), (4, 2), (4, 3), (5, 6), (5, 7), (6, 2), (6, 3), (6, 4), (7, 3), (7, 6)]], [[(0, 7), (1, 0), (2, 0), (3, 5), (4, 3), (4, 5), (4, 6), (5, 7), (6, 0), (6, 3), (6, 7)], [(0, 1), (0, 2), (0, 6), (0, 7), (1, 3), (3, 4), (3, 5), (5, 4), (6, 3), (6, 4), (6, 7), (7, 5)], [(1, 0), (1, 3), (2, 0), (4, 3), (5, 3), (5, 4), (6, 0), (6, 1), (6, 3), (6, 4), (6, 5), (7, 0), (7, 4), (7, 5), (7, 6)], [(1, 0), (2, 0), (0, 6), (7, 0), (3, 4), (3, 5), (6, 3), (5, 4), (6, 4), (7, 5), (7, 6)], [(1, 0), (1, 3), (2, 0), (4, 3), (5, 3), (5, 4), (5, 6), (5, 7), (6, 0), (6, 1), (6, 3), (6, 4), (7, 0), (7, 1), (7, 4), (7, 6)]], [[(0, 2), (0, 4), (0, 6), (3, 4), (3, 6), (5, 1), (5, 4), (7, 1), (7, 2), (7, 3)], [(0, 6), (1, 5), (1, 7), (2, 0), (3, 4), (3, 6), (4, 0), (5, 4), (7, 2), (7, 3)], [(2, 0), (2, 4), (2, 5), (2, 6), (2, 7), (3, 0), (3, 1), (3, 4), (3, 6), (3, 7), (5, 1), (5, 4), (5, 6), (6, 0), (6, 4), (7, 0), (7, 1), (7, 6)], [(2, 0), (0, 4), (0, 6), (5, 1), (7, 1), (7, 2), (3, 4), (3, 6), (7, 3), (4, 5)], [(1, 5), (2, 0), (2, 1), (2, 5), (3, 0), (3, 1), (3, 4), (3, 6), (4, 1), (4, 5), (4, 6), (6, 0), (7, 0), (7, 1), (7, 2), (7, 3), (7, 4), (7, 5), (7, 6)]], [[(0, 4), (1, 3), (1, 5), (1, 6), (2, 5), (2, 6), (3, 6), (3, 7), (4, 2), (4, 5), (4, 7), (7, 2), (7, 6)], [(0, 3), (1, 3), (1, 5), (1, 6), (2, 4), (2, 5), (2, 6), (2, 7), (4, 0), (4, 5), (4, 7), (6, 3), (6, 7), (7, 3)], [(0, 2), (0, 3), (0, 5), (1, 2), (1, 3), (1, 5), (1, 6), (4, 0), (4, 3), (4, 5), (4, 6), (5, 2), (5, 3), (6, 2), (6, 3), (6, 5), (7, 3), (7, 4), (7, 5), (7, 6)], [(4, 0), (1, 3), (1, 5), (1, 6), (2, 4), (2, 5), (2, 6), (2, 7), (6, 3), (7, 3), (4, 5), (4, 7), (6, 7)], [(0, 1), (0, 5), (2, 1), (2, 3), (2, 5), (2, 6), (3, 1), (4, 0), (4, 1), (4, 2), (4, 5), (4, 6), (4, 7), (5, 1), (5, 3), (6, 1), (6, 5), (7, 1), (7, 2), (7, 3), (7, 5), (7, 6)]], [[(0, 3), (0, 4), (0, 5), (1, 4), (1, 6), (1, 7), (2, 0), (2, 6), (3, 4), (4, 7), (5, 7), (6, 5)], [(0, 1), (0, 2), (0, 3), (0, 4), (0, 5), (3, 4), (4, 1), (5, 6), (5, 7), (6, 1), (6, 2), (7, 1), (7, 4)], [(0, 1), (0, 2), (3, 0), (3, 1), (3, 2), (3, 4), (3, 5), (4, 0), (4, 1), (4, 2), (5, 0), (5, 1), (5, 2), (5, 7), (6, 1), (6, 2), (6, 5), (7, 1), (7, 4)], [(0, 2), (0, 3), (0, 4), (5, 0), (1, 4), (6, 1), (1, 7), (6, 2), (4, 3), (7, 4), (6, 5), (5, 7)], [(1, 0), (2, 0), (2, 1), (2, 5), (2, 6), (3, 0), (3, 2), (3, 4), (3, 6), (4, 0), (4, 1), (4, 7), (5, 0), (5, 6), (5, 7), (6, 1), (7, 0), (7, 1)]], [[(1, 0), (1, 2), (2, 7), (3, 2), (3, 7), (4, 3), (5, 0), (5, 2), (5, 7), (6, 3), (6, 4), (7, 0)], [(1, 0), (1, 2), (2, 7), (3, 2), (3, 7), (4, 3), (4, 6), (5, 0), (5, 2), (5, 7), (6, 3), (7, 0)], [(0, 4), (0, 5), (0, 7), (1, 0), (1, 5), (2, 0), (2, 1), (2, 5), (2, 7), (3, 2), (3, 4), (3, 5), (3, 6), (4, 6), (5, 7), (7, 4)], [(1, 0), (5, 0), (7, 0), (1, 2), (3, 2), (5, 2), (2, 7), (3, 4), (3, 6), (3, 7), (6, 4), (5, 7)], [(1, 0), (1, 2), (1, 7), (3, 0), (3, 2), (3, 4), (3, 6), (3, 7), (4, 0), (4, 6), (5, 0), (5, 2), (5, 7), (7, 0), (7, 2)]], [[(0, 1), (0, 4), (0, 7), (1, 5), (1, 6), (2, 3), (2, 5), (3, 4), (3, 7), (4, 6), (4, 7), (5, 7)], [(0, 1), (0, 2), (0, 4), (0, 7), (1, 5), (1, 6), (2, 5), (3, 2), (3, 4), (3, 7), (4, 6), (4, 7), (5, 7)], [(0, 6), (1, 0), (1, 4), (1, 5), (1, 6), (2, 1), (2, 4), (2, 5), (3, 2), (3, 4), (3, 5), (4, 0), (4, 6), (7, 0), (7, 1), (7, 2), (7, 3), (7, 4), (7, 5)], [(1, 0), (0, 4), (0, 7), (1, 5), (1, 6), (2, 3), (2, 5), (3, 4), (3, 7), (4, 6), (4, 7), (5, 7)], [(0, 1), (0, 4), (0, 6), (0, 7), (1, 5), (1, 6), (2, 4), (2, 5), (3, 2), (3, 4), (3, 5), (3, 7), (4, 6), (7, 2), (7, 4), (7, 5)]], [[(0, 6), (1, 6), (1, 7), (3, 5), (3, 6), (4, 2), (5, 4), (5, 6), (5, 7), (7, 4)], [(0, 6), (0, 7), (2, 4), (3, 4), (3, 6), (4, 7), (5, 3), (5, 4), (5, 6), (5, 7), (6, 1), (7, 1)], [(0, 3), (0, 6), (0, 7), (1, 0), (1, 4), (1, 6), (1, 7), (2, 0), (2, 3), (2, 6), (4, 0), (4, 2), (4, 6), (4, 7), (5, 0), (5, 2), (5, 4), (5, 6), (5, 7), (6, 3)], [(0, 6), (6, 1), (7, 1), (2, 4), (5, 3), (3, 6), (5, 4), (4, 7), (5, 6), (5, 7)], [(0, 5), (0, 6), (0, 7), (1, 4), (1, 6), (1, 7), (2, 1), (2, 4), (2, 5), (2, 6), (3, 4), (3, 6), (4, 5), (4, 6), (4, 7), (5, 7), (6, 5)]], [[(0, 1), (1, 7), (2, 1), (4, 3), (5, 3), (6, 4), (6, 7), (7, 3), (7, 5)], [(0, 1), (1, 2), (3, 4), (3, 5), (3, 7), (4, 6), (5, 7), (7, 0), (7, 1), (7, 6)], [(1, 0), (1, 2), (1, 3), (1, 7), (4, 3), (5, 1), (5, 3), (5, 7), (6, 3), (6, 4), (6, 5), (6, 7), (7, 0), (7, 3)], [(0, 1), (1, 2), (7, 1), (4, 3), (5, 3), (3, 7), (4, 6), (5, 7), (7, 6)], [(1, 0), (1, 3), (1, 7), (2, 1), (4, 3), (5, 3), (6, 3), (6, 4), (7, 0), (7, 3), (7, 5), (7, 6)]], [[(0, 5), (1, 2), (1, 4), (2, 3), (2, 5), (3, 0), (3, 4), (4, 0), (4, 5), (6, 5), (7, 3), (7, 6)], [(0, 3), (0, 4), (0, 5), (2, 1), (2, 3), (2, 5), (4, 1), (4, 3), (5, 4), (6, 5), (6, 7), (7, 3)], [(0, 5), (1, 0), (1, 4), (1, 6), (2, 1), (2, 4), (2, 5), (3, 0), (3, 4), (3, 6), (3, 7), (4, 0), (4, 5), (4, 6), (6, 5), (6, 7)], [(3, 0), (4, 0), (0, 5), (2, 1), (1, 4), (2, 3), (2, 5), (3, 4), (7, 3), (4, 5), (6, 5), (7, 6)], [(0, 4), (1, 0), (1, 4), (2, 0), (2, 1), (2, 3), (2, 5), (3, 0), (3, 4), (5, 0), (5, 4), (6, 0), (6, 5), (6, 7), (7, 3)]], [[(0, 1), (0, 5), (0, 7), (1, 3), (1, 4), (1, 7), (2, 3), (2, 7), (5, 7), (6, 4), (6, 5)], [(0, 2), (1, 7), (3, 1), (3, 2), (3, 4), (4, 0), (4, 1), (4, 6), (5, 0), (5, 7), (6, 5), (7, 0), (7, 2)], [(0, 2), (0, 4), (1, 0), (1, 3), (1, 4), (1, 6), (1, 7), (3, 2), (4, 3), (4, 6), (5, 0), (5, 4), (5, 6), (5, 7), (7, 0), (7, 2)], [(1, 0), (5, 0), (7, 0), (1, 3), (1, 4), (1, 7), (2, 3), (7, 2), (6, 4), (5, 6), (5, 7)], [(0, 2), (0, 7), (1, 0), (1, 3), (1, 4), (1, 6), (1, 7), (3, 2), (4, 0), (4, 3), (4, 6), (5, 0), (5, 4), (5, 6), (5, 7), (7, 2)]], [[(0, 4), (1, 0), (2, 6), (3, 0), (3, 1), (3, 7), (4, 7), (5, 6), (5, 7), (6, 3)], [(0, 1), (0, 3), (0, 4), (1, 2), (1, 3), (3, 6), (3, 7), (6, 2), (6, 5), (7, 4), (7, 5)], [(1, 0), (1, 2), (3, 1), (4, 0), (4, 3), (4, 7), (5, 0), (5, 1), (5, 2), (5, 3), (5, 7), (6, 0), (6, 1), (6, 2), (6, 3), (6, 5), (6, 7), (7, 0), (7, 3)], [(0, 1), (3, 0), (0, 4), (3, 1), (2, 6), (6, 3), (7, 3), (7, 4), (5, 6), (7, 5)], [(1, 0), (2, 1), (2, 6), (3, 1), (3, 4), (4, 0), (5, 0), (5, 4), (5, 6), (5, 7), (6, 0), (6, 3), (6, 4), (7, 0), (7, 3), (7, 4)]], [[(1, 0), (1, 2), (1, 7), (2, 5), (2, 6), (3, 2), (3, 7), (4, 0), (4, 5), (6, 0), (6, 4)], [(1, 0), (1, 2), (1, 7), (2, 6), (3, 2), (4, 0), (5, 2), (6, 0), (6, 4), (7, 3)], [(0, 6), (1, 0), (1, 2), (1, 5), (1, 6), (2, 5), (2, 6), (3, 0), (3, 1), (3, 2), (3, 4), (3, 5), (4, 0), (4, 2), (7, 1), (7, 3)], [(1, 0), (4, 0), (6, 0), (1, 2), (7, 1), (3, 2), (5, 2), (2, 6), (7, 3), (5, 4), (6, 4)], [(0, 4), (1, 0), (1, 4), (1, 5), (1, 7), (2, 1), (2, 4), (2, 5), (3, 2), (3, 4), (3, 5), (3, 6), (3, 7), (6, 0), (6, 2)]], [[(0, 1), (0, 6), (1, 2), (1, 3), (1, 7), (2, 5), (2, 7), (3, 6), (4, 5), (4, 6), (4, 7)], [(1, 0), (1, 3), (2, 1), (2, 4), (2, 5), (2, 7), (4, 5), (4, 7), (6, 0), (6, 3), (7, 1)], [(1, 0), (1, 2), (1, 3), (1, 7), (4, 7), (5, 2), (5, 4), (5, 7), (6, 0), (6, 2), (6, 3), (6, 4), (7, 2)], [(0, 1), (0, 6), (1, 2), (3, 1), (1, 7), (5, 2), (2, 7), (3, 6), (5, 4), (6, 4), (4, 7)], [(0, 1), (0, 6), (1, 2), (1, 3), (1, 7), (4, 7), (5, 2), (5, 4), (5, 7), (6, 1), (6, 2), (6, 3), (6, 4), (7, 2)]], [[(0, 4), (1, 4), (1, 5), (2, 4), (3, 0), (5, 3), (6, 0), (6, 4), (7, 5)], [(0, 3), (0, 4), (0, 6), (1, 5), (2, 3), (2, 4), (3, 5), (4, 1), (4, 6), (4, 7), (5, 7)], [(0, 6), (1, 2), (1, 4), (1, 5), (2, 0), (2, 6), (3, 0), (3, 6), (4, 0), (4, 2), (4, 3), (5, 3), (5, 4), (7, 4), (7, 5)], [(0, 3), (4, 0), (0, 6), (1, 4), (1, 5), (2, 4), (3, 5), (4, 6), (5, 7)], [(1, 2), (1, 4), (1, 5), (1, 7), (2, 0), (3, 0), (4, 0), (4, 2), (4, 3), (4, 6), (4, 7), (5, 3), (6, 0), (7, 5)]], [[(0, 6), (1, 3), (1, 5), (3, 0), (3, 2), (3, 7), (4, 5), (5, 6), (5, 7)], [(0, 3), (0, 6), (3, 2), (3, 7), (4, 5), (5, 1), (6, 5), (7, 5)], [(0, 5), (0, 6), (0, 7), (1, 4), (1, 5), (1, 6), (1, 7), (2, 5), (3, 0), (3, 1), (3, 2), (3, 4), (3, 5), (3, 6), (4, 2), (4, 5), (4, 7), (5, 7), (6, 5), (6, 7)], [(3, 0), (0, 6), (1, 3), (5, 1), (3, 2), (7, 3), (5, 4), (5, 6), (7, 5)], [(0, 1), (0, 3), (0, 5), (0, 6), (1, 3), (1, 4), (1, 5), (1, 6), (2, 4), (2, 5), (3, 2), (3, 4), (3, 5), (3, 6), (3, 7), (4, 5), (6, 5), (7, 5)]], [[(2, 7), (3, 0), (3, 2), (4, 1), (4, 3), (4, 6), (4, 7), (5, 0), (5, 1), (5, 6), (6, 0), (6, 7)], [(0, 3), (0, 5), (0, 6), (1, 5), (2, 1), (4, 1), (4, 3), (6, 4), (6, 5), (6, 7), (7, 2), (7, 4)], [(0, 3), (0, 4), (1, 4), (1, 5), (2, 1), (2, 3), (2, 4), (4, 3), (5, 0), (6, 0), (6, 1), (6, 2), (6, 3), (6, 4), (6, 5), (7, 2), (7, 6)], [(0, 3), (0, 5), (0, 6), (4, 1), (1, 5), (2, 3), (2, 7), (3, 4), (4, 6), (4, 7), (6, 5), (6, 7)], [(0, 5), (1, 0), (1, 3), (1, 4), (1, 5), (2, 0), (2, 1), (2, 4), (2, 6), (2, 7), (3, 0), (4, 0), (4, 3), (4, 6), (6, 0), (6, 5), (7, 1), (7, 4), (7, 6)]], [[(0, 1), (0, 3), (0, 5), (1, 3), (2, 3), (2, 5), (2, 7), (4, 1), (4, 7), (6, 3)], [(0, 1), (0, 3), (0, 5), (2, 3), (2, 5), (2, 6), (2, 7), (3, 1), (3, 6), (4, 1), (7, 4), (7, 6)], [(0, 1), (0, 5), (3, 0), (3, 1), (3, 2), (3, 6), (4, 1), (5, 2), (7, 2), (7, 4), (7, 5), (7, 6)], [(0, 1), (0, 3), (0, 5), (3, 1), (4, 1), (2, 3), (2, 5), (7, 2), (3, 6), (7, 4)], [(0, 1), (0, 3), (0, 5), (0, 7), (3, 1), (3, 2), (4, 1), (4, 7), (5, 2), (6, 0), (6, 3), (6, 7), (7, 2), (7, 3), (7, 5)]], [[(0, 2), (0, 4), (1, 4), (1, 7), (2, 6), (3, 0), (3, 7), (6, 5), (6, 7), (7, 5)], [(1, 4), (2, 0), (2, 5), (2, 6), (3, 0), (3, 7), (4, 0), (5, 6), (7, 1), (7, 5), (7, 6)], [(0, 1), (0, 2), (0, 3), (0, 4), (0, 7), (1, 3), (1, 4), (1, 7), (3, 2), (4, 2), (4, 6), (4, 7), (5, 1), (5, 3), (5, 6), (5, 7), (6, 2), (7, 6)], [(2, 0), (3, 0), (4, 0), (1, 4), (7, 1), (2, 6), (7, 3), (6, 5), (7, 5), (7, 6)], [(0, 2), (1, 0), (3, 0), (3, 2), (3, 7), (4, 0), (4, 1), (4, 2), (4, 7), (5, 0), (6, 2), (6, 3), (6, 5), (6, 7), (7, 0), (7, 1), (7, 5)]], [[(1, 3), (1, 7), (2, 7), (4, 0), (5, 4), (6, 0), (6, 4), (6, 5), (7, 3)], [(0, 4), (0, 6), (1, 3), (1, 7), (3, 5), (3, 7), (4, 5), (6, 4), (6, 5), (7, 2), (7, 5)], [(1, 2), (1, 3), (1, 7), (2, 7), (3, 0), (4, 0), (5, 1), (5, 4), (5, 7), (6, 0), (6, 3), (6, 4), (6, 5), (6, 7), (7, 0), (7, 3), (7, 4)], [(4, 0), (6, 0), (3, 1), (7, 1), (7, 2), (7, 3), (5, 4), (6, 4), (6, 5)], [(0, 3), (0, 7), (1, 7), (2, 3), (2, 7), (3, 1), (3, 7), (4, 0), (4, 5), (4, 7), (5, 3), (5, 7), (6, 0), (6, 3), (6, 4), (6, 5), (6, 7)]], [[(0, 3), (0, 5), (0, 7), (1, 3), (1, 5), (2, 5), (4, 1), (4, 5), (6, 3), (6, 4), (6, 7)], [(1, 2), (1, 3), (1, 4), (1, 5), (3, 0), (4, 5), (4, 6), (5, 0), (5, 2), (6, 3), (6, 7), (7, 0)], [(0, 3), (0, 5), (1, 2), (3, 1), (3, 2), (3, 4), (4, 1), (4, 2), (5, 1), (5, 2), (5, 3), (5, 4), (6, 3), (6, 4), (6, 5), (7, 0), (7, 1), (7, 3), (7, 5), (7, 6)], [(0, 3), (0, 5), (0, 7), (1, 3), (4, 1), (1, 5), (5, 2), (3, 6), (4, 5), (4, 6), (6, 7)], [(0, 6), (2, 1), (3, 0), (3, 1), (3, 6), (4, 0), (4, 1), (4, 3), (4, 6), (5, 0), (5, 1), (5, 2), (5, 4), (5, 6), (5, 7), (7, 0), (7, 1), (7, 4), (7, 6)]], [[(0, 4), (3, 1), (3, 5), (4, 2), (4, 5), (5, 7), (6, 5)], [(2, 1), (2, 4), (3, 1), (4, 0), (4, 5), (4, 7), (5, 3), (5, 6), (5, 7), (7, 0)], [(0, 5), (0, 6), (0, 7), (1, 2), (3, 1), (3, 2), (3, 5), (4, 0), (4, 2), (4, 3), (4, 5), (4, 6), (4, 7), (5, 6), (5, 7)], [(0, 4), (3, 1), (4, 2), (5, 3), (5, 4), (5, 6), (7, 5)], [(0, 4), (0, 7), (1, 2), (3, 1), (3, 2), (3, 4), (3, 5), (4, 2), (4, 5), (4, 7), (5, 7), (6, 3), (6, 4), (6, 5)]], [[(0, 4), (1, 2), (1, 7), (2, 5), (2, 6), (2, 7), (3, 5), (3, 6), (3, 7), (4, 6), (4, 7)], [(0, 1), (0, 4), (1, 2), (1, 7), (2, 5), (3, 5), (6, 2), (6, 3), (7, 2), (7, 3), (7, 4)], [(0, 4), (1, 0), (1, 4), (1, 7), (2, 1), (2, 5), (2, 7), (3, 0), (3, 2), (3, 5), (3, 7), (6, 0), (6, 2), (6, 3), (6, 7), (7, 4), (7, 5)], [(4, 0), (2, 1), (1, 7), (5, 2), (2, 6), (2, 7), (5, 3), (3, 6), (3, 7), (6, 4), (4, 7)], [(0, 1), (0, 4), (1, 2), (1, 4), (1, 7), (3, 0), (3, 2), (3, 7), (5, 0), (5, 1), (5, 2), (5, 3), (6, 0), (6, 2), (6, 3), (7, 2), (7, 4)]], [[(0, 3), (0, 4), (1, 2), (1, 4), (2, 0), (2, 6), (3, 4), (3, 5), (5, 6), (7, 1), (7, 5)], [(0, 2), (0, 3), (0, 4), (2, 1), (2, 6), (3, 4), (3, 5), (4, 1), (5, 7), (6, 5), (6, 7), (7, 1)], [(0, 1), (0, 2), (0, 4), (0, 5), (0, 6), (1, 2), (1, 4), (1, 5), (3, 0), (3, 1), (3, 2), (3, 5), (6, 2), (6, 5), (7, 1), (7, 3), (7, 4), (7, 5)], [(2, 0), (0, 3), (0, 4), (2, 1), (4, 1), (7, 1), (6, 2), (3, 4), (3, 5), (6, 5), (5, 7)], [(0, 3), (0, 4), (0, 5), (1, 2), (1, 3), (1, 4), (1, 5), (1, 7), (2, 0), (2, 3), (2, 7), (5, 3), (6, 2), (6, 3), (6, 5), (7, 3), (7, 4), (7, 5)]], [[(0, 5), (1, 2), (1, 3), (2, 5), (3, 4), (4, 5), (6, 0), (6, 1), (6, 3), (7, 1), (7, 5)], [(0, 5), (1, 2), (1, 3), (1, 6), (1, 7), (2, 5), (4, 3), (4, 5), (4, 6), (6, 0), (7, 5)], [(0, 1), (0, 4), (0, 5), (0, 6), (1, 2), (1, 7), (3, 1), (3, 2), (3, 4), (3, 5), (3, 6), (3, 7), (5, 1), (5, 4), (5, 7), (6, 1), (6, 4), (6, 7), (7, 2)], [(5, 0), (6, 0), (2, 1), (3, 1), (1, 6), (7, 1), (5, 2), (3, 4), (3, 6), (5, 4), (7, 5)], [(0, 1), (0, 2), (0, 3), (0, 5), (0, 6), (0, 7), (2, 1), (2, 3), (2, 5), (2, 6), (3, 1), (3, 6), (4, 3), (4, 5), (4, 6), (5, 1), (5, 6), (5, 7), (6, 1), (7, 1)]], [[(0, 2), (0, 3), (1, 2), (1, 3), (2, 5), (2, 7), (3, 5), (3, 6), (4, 2), (6, 7)], [(0, 2), (0, 3), (0, 6), (1, 2), (1, 3), (2, 4), (2, 7), (3, 5), (3, 6), (5, 2), (7, 6)], [(0, 3), (2, 0), (2, 1), (2, 6), (3, 1), (3, 6), (4, 2), (5, 2), (5, 3), (5, 6), (7, 0), (7, 2), (7, 3), (7, 4), (7, 6)], [(0, 2), (0, 3), (1, 2), (1, 3), (2, 4), (5, 2), (2, 7), (3, 5), (3, 6), (7, 6)], [(0, 3), (2, 0), (2, 1), (3, 1), (4, 2), (5, 2), (5, 3), (6, 0), (6, 3), (7, 2), (7, 3), (7, 6)]], [[(0, 2), (0, 5), (1, 3), (1, 4), (2, 3), (2, 6), (3, 4), (3, 7), (4, 5), (5, 7)], [(0, 2), (1, 3), (1, 4), (2, 6), (2, 7), (3, 2), (3, 4), (3, 7), (5, 0), (5, 4), (5, 7), (7, 6)], [(0, 1), (0, 2), (0, 6), (1, 4), (3, 1), (3, 2), (3, 4), (3, 6), (5, 0), (5, 1), (5, 2), (5, 3), (5, 4), (6, 1), (6, 2), (7, 0), (7, 2), (7, 3), (7, 5), (7, 6)], [(0, 2), (5, 0), (3, 1), (4, 1), (3, 2), (2, 6), (3, 4), (3, 7), (5, 4), (5, 7)], [(0, 2), (0, 3), (0, 5), (1, 3), (1, 4), (1, 5), (2, 6), (2, 7), (3, 2), (3, 4), (3, 5), (3, 7), (5, 4), (5, 7), (6, 5), (6, 7)]], [[(0, 3), (0, 4), (0, 5), (0, 7), (1, 7), (2, 4), (2, 5), (3, 6), (4, 6), (6, 1)], [(0, 4), (0, 5), (0, 7), (1, 6), (1, 7), (2, 4), (2, 5), (2, 6), (3, 7), (5, 3), (6, 3), (6, 4)], [(0, 3), (0, 4), (0, 7), (1, 3), (1, 6), (1, 7), (3, 4), (3, 7), (4, 2), (4, 7), (5, 0), (5, 2), (5, 3), (5, 4), (5, 6), (6, 0), (6, 2), (6, 3), (6, 4), (6, 7)], [(3, 0), (0, 4), (0, 5), (7, 0), (1, 6), (7, 1), (2, 4), (2, 5), (6, 3), (6, 4)], [(0, 2), (0, 4), (0, 5), (0, 7), (1, 3), (1, 6), (1, 7), (2, 4), (4, 3), (5, 2), (5, 3), (6, 3), (6, 4), (6, 5), (7, 3), (7, 5)]], [[(0, 1), (0, 4), (0, 5), (1, 7), (3, 2), (3, 5), (3, 7), (4, 2), (6, 2), (6, 7)], [(0, 1), (0, 4), (0, 5), (2, 3), (2, 6), (3, 5), (3, 7), (4, 2), (7, 1), (7, 6)], [(0, 4), (0, 5), (0, 6), (1, 0), (1, 4), (1, 6), (3, 0), (3, 2), (3, 4), (3, 5), (4, 2), (6, 2), (6, 4), (7, 0), (7, 1), (7, 3), (7, 6)], [(0, 1), (4, 0), (0, 5), (7, 1), (3, 2), (2, 4), (6, 2), (3, 5), (3, 7), (6, 7)], [(0, 1), (0, 6), (1, 3), (1, 6), (3, 2), (3, 6), (4, 0), (4, 2), (4, 3), (4, 6), (5, 0), (5, 1), (5, 3), (5, 4), (5, 7), (6, 2), (7, 0), (7, 1), (7, 3), (7, 6)]], [[(0, 1), (0, 4), (1, 3), (1, 6), (1, 7), (2, 4), (2, 6), (3, 4), (3, 5), (5, 6), (5, 7)], [(0, 1), (0, 4), (1, 3), (1, 6), (2, 0), (2, 4), (2, 6), (3, 4), (5, 3), (6, 5), (7, 1), (7, 4), (7, 5)], [(0, 4), (1, 0), (1, 2), (1, 3), (1, 4), (1, 6), (1, 7), (3, 4), (4, 2), (4, 7), (5, 3), (5, 4), (5, 6), (5, 7), (6, 2)], [(1, 0), (4, 0), (3, 1), (1, 6), (1, 7), (4, 2), (2, 6), (4, 3), (3, 5), (6, 5), (5, 7)], [(0, 4), (1, 0), (1, 2), (1, 4), (1, 6), (1, 7), (3, 1), (3, 4), (3, 5), (4, 2), (4, 7), (5, 4), (5, 6), (5, 7), (6, 2)]], [[(0, 4), (0, 7), (1, 6), (1, 7), (2, 4), (2, 5), (3, 4), (5, 3), (5, 6), (6, 7)], [(0, 5), (1, 6), (1, 7), (3, 4), (3, 5), (3, 7), (4, 0), (4, 2), (5, 2), (5, 6), (7, 0), (7, 6)], [(1, 0), (3, 1), (3, 4), (3, 7), (4, 0), (4, 1), (4, 2), (4, 7), (5, 0), (5, 1), (5, 2), (5, 3), (5, 7), (6, 0), (6, 3), (6, 4), (6, 5), (6, 7), (7, 1), (7, 2)], [(4, 0), (0, 7), (6, 1), (7, 1), (4, 2), (5, 2), (3, 4), (5, 3), (6, 5), (6, 7)], [(1, 0), (1, 7), (2, 1), (2, 4), (2, 5), (2, 7), (3, 6), (3, 7), (4, 0), (4, 3), (4, 6), (4, 7), (5, 0), (5, 3), (5, 6), (5, 7), (6, 0), (6, 1), (6, 7)]], [[(0, 6), (1, 2), (1, 5), (2, 4), (2, 6), (3, 0), (3, 5), (5, 4), (5, 7)], [(0, 3), (0, 6), (1, 2), (1, 4), (1, 5), (2, 6), (3, 4), (3, 5), (4, 2), (5, 4), (5, 7)], [(0, 1), (0, 7), (2, 1), (2, 7), (3, 0), (3, 2), (4, 0), (4, 2), (4, 3), (5, 1), (5, 2), (5, 3), (5, 4), (5, 7), (6, 2), (6, 3), (6, 5)], [(3, 0), (0, 6), (1, 2), (1, 5), (2, 4), (2, 6), (3, 5), (5, 4), (5, 7)], [(0, 1), (0, 3), (0, 6), (0, 7), (2, 1), (2, 3), (2, 4), (2, 5), (2, 6), (2, 7), (4, 3), (4, 5), (5, 1), (5, 3), (6, 3), (7, 4), (7, 5)]], [[(0, 1), (2, 1), (2, 6), (3, 6), (4, 0), (4, 1), (5, 6)], [(0, 1), (0, 3), (0, 4), (0, 5), (2, 1), (2, 6), (3, 6), (4, 1), (5, 6), (6, 1)], [(1, 0), (3, 1), (3, 2), (4, 0), (4, 1), (4, 3), (5, 1), (5, 2), (5, 3), (6, 0), (6, 1), (6, 2), (6, 3), (6, 5)], [(0, 1), (4, 0), (2, 1), (4, 1), (2, 6), (3, 6), (5, 6)], [(0, 1), (0, 3), (0, 4), (0, 5), (0, 6), (1, 6), (2, 1), (2, 6), (3, 6), (4, 1), (4, 6), (5, 6)]], [[(0, 2), (0, 5), (1, 6), (1, 7), (2, 4), (2, 6), (2, 7), (3, 0), (3, 1), (4, 5), (5, 7), (7, 6)], [(0, 2), (0, 3), (0, 5), (2, 4), (2, 7), (3, 1), (5, 4), (6, 1), (6, 2), (6, 7), (7, 1), (7, 5)], [(0, 1), (0, 3), (0, 4), (0, 5), (0, 6), (1, 3), (1, 6), (2, 1), (2, 4), (2, 6), (5, 4), (7, 1), (7, 2), (7, 3), (7, 4), (7, 5)], [(0, 2), (0, 3), (5, 0), (3, 1), (6, 1), (1, 7), (4, 2), (2, 6), (2, 7), (5, 4), (5, 7), (6, 7)], [(0, 4), (0, 5), (0, 6), (1, 6), (1, 7), (2, 0), (2, 4), (2, 5), (2, 6), (2, 7), (3, 0), (3, 1), (3, 7), (4, 5), (7, 5)]], [[(0, 4), (0, 5), (1, 3), (1, 5), (2, 3), (2, 5), (3, 7), (4, 6), (4, 7), (5, 6), (7, 5)], [(0, 4), (0, 5), (0, 7), (1, 3), (1, 5), (2, 3), (2, 5), (3, 7), (4, 6), (4, 7), (5, 6), (7, 5)], [(0, 2), (0, 6), (1, 0), (1, 2), (1, 5), (2, 6), (3, 0), (3, 1), (3, 2), (3, 7), (4, 0), (4, 5), (4, 6), (4, 7), (6, 5), (7, 0), (7, 2), (7, 5), (7, 6)], [(4, 0), (0, 5), (1, 3), (1, 5), (2, 3), (2, 5), (3, 7), (4, 6), (4, 7), (5, 6), (7, 5)], [(0, 3), (0, 4), (0, 6), (1, 3), (1, 5), (1, 6), (1, 7), (2, 3), (2, 7), (4, 3), (4, 5), (4, 6), (4, 7), (6, 5), (6, 7), (7, 3), (7, 5)]], [[(0, 1), (0, 4), (0, 7), (2, 4), (3, 1), (4, 3), (5, 0), (6, 7), (7, 2)], [(0, 1), (0, 4), (1, 3), (2, 4), (2, 7), (3, 4), (5, 0), (5, 4), (7, 0), (7, 6)], [(0, 1), (0, 5), (1, 2), (1, 6), (3, 0), (3, 1), (3, 6), (4, 0), (4, 2), (4, 3), (5, 2), (7, 0), (7, 1), (7, 2), (7, 4), (7, 5), (7, 6)], [(0, 1), (0, 4), (5, 0), (7, 0), (1, 3), (2, 4), (7, 2), (3, 4), (7, 6)], [(0, 4), (0, 5), (1, 0), (1, 2), (1, 3), (1, 4), (1, 7), (3, 4), (3, 7), (4, 2), (5, 2), (6, 7), (7, 0), (7, 2), (7, 4), (7, 5)]], [[(0, 1), (0, 5), (0, 7), (1, 6), (2, 5), (2, 6), (3, 5), (3, 7), (4, 6)], [(0, 1), (0, 5), (0, 7), (1, 6), (2, 6), (3, 5), (5, 2), (6, 4)], [(0, 1), (0, 3), (0, 4), (0, 5), (0, 7), (1, 3), (1, 4), (1, 6), (2, 5), (2, 6), (5, 3), (5, 7), (6, 4)], [(0, 1), (0, 5), (0, 7), (1, 6), (5, 2), (2, 6), (3, 5), (3, 7), (6, 4)], [(0, 1), (0, 3), (0, 4), (0, 5), (0, 6), (0, 7), (1, 3), (1, 6), (2, 4), (2, 5), (2, 6), (4, 6), (5, 3), (7, 5)]], [[(0, 3), (0, 5), (2, 0), (2, 1), (2, 6), (4, 2), (4, 3), (4, 7), (5, 7), (6, 1), (6, 7)], [(0, 2), (0, 3), (0, 4), (0, 5), (2, 1), (2, 4), (2, 6), (3, 4), (4, 7), (6, 1), (7, 5), (7, 6)], [(0, 3), (0, 5), (1, 2), (1, 4), (2, 0), (2, 3), (4, 2), (4, 3), (4, 5), (4, 7), (6, 1), (6, 2), (6, 7), (7, 5)], [(2, 0), (0, 3), (0, 5), (2, 1), (6, 1), (4, 2), (6, 2), (4, 3), (4, 7), (5, 7), (6, 7)], [(0, 5), (2, 0), (2, 1), (2, 6), (3, 0), (4, 0), (4, 1), (4, 2), (4, 3), (4, 5), (4, 6), (4, 7), (6, 1), (7, 5), (7, 6)]], [[(0, 6), (0, 7), (1, 6), (1, 7), (2, 1), (2, 7), (3, 1), (4, 6), (4, 7), (5, 0), (5, 1)], [(0, 7), (1, 2), (1, 3), (1, 5), (1, 6), (1, 7), (3, 6), (4, 6), (4, 7), (5, 0), (6, 0), (7, 2)], [(1, 2), (1, 3), (1, 4), (3, 2), (5, 0), (5, 1), (6, 0), (6, 1), (6, 4), (6, 5), (7, 0), (7, 1), (7, 2), (7, 3), (7, 4)], [(5, 0), (6, 0), (0, 7), (2, 1), (3, 1), (1, 5), (1, 6), (1, 7), (2, 7), (4, 6), (4, 7)], [(1, 2), (1, 3), (1, 4), (1, 5), (3, 2), (5, 0), (5, 4), (6, 0), (6, 1), (6, 4), (6, 5), (7, 0), (7, 1), (7, 2), (7, 3), (7, 4), (7, 5)]]]

