Number of nodes=8
Number of samples=10000
Cut of limit used=0.01
total_score_gis=-80738.45576467978

score_vector_gis=[-4009.368186911252, -4024.8783449293524, -4020.1320701684713, -3959.2812676667063, -4070.877431321797, -4022.9091198652945, -4114.797867582675, -3980.757090700042, -4115.3347802429535, -4098.865287620494, -4065.9685961202604, -4030.810427014053, -3965.457895235387, -4020.5885649846064, -4091.775165733818, -4011.321606556895, -4016.9753517792624, -4017.475238831525, -4079.8402279606826, -4021.0412434542527]
step_vector_gis=[30, 28, 2, 6, 19, 8, 17, 2, 12, 15, 23, 5, 21, 9, 7, 30, 6, 17, 12, 30]

return_dags_vector=[['gis'], [[(1, 0), (0, 4), (1, 2), (1, 5), (1, 6), (3, 2), (5, 2), (2, 7), (3, 5), (3, 6), (3, 7), (6, 5), (5, 7), (6, 7)]], [[(0, 5), (0, 6), (0, 7), (2, 1), (5, 1), (2, 7), (3, 7), (4, 7)]], [[(5, 0), (6, 5)]], [[(2, 1), (4, 2), (6, 3), (7, 5)]], [[(2, 0), (0, 4), (0, 5), (6, 0), (1, 3), (6, 1), (2, 7), (5, 7)]], [[(0, 5), (3, 2), (7, 3), (6, 5)]], [[(1, 0), (2, 0), (5, 1), (3, 2), (7, 3)]], [[(6, 0), (7, 5)]], [[(0, 4), (1, 3), (2, 4), (4, 3)]], [[(6, 1), (2, 3), (4, 3), (5, 3), (7, 5)]], [[(2, 0), (1, 5), (2, 3), (7, 2), (5, 4), (7, 4), (6, 5)]], [[(0, 2), (3, 0), (6, 2)]], [[(1, 4), (1, 6), (5, 2), (3, 6), (7, 3), (5, 6), (7, 6)]], [[(2, 0), (7, 0), (7, 2), (4, 6), (7, 6)]], [[(0, 6), (7, 0), (2, 1), (4, 3), (6, 5)]], [[(0, 1), (6, 0), (5, 1), (6, 1), (2, 6), (5, 3), (5, 4), (5, 6)]], [[(0, 6), (1, 2), (1, 3), (5, 1), (7, 4), (7, 6)]], [[(4, 0), (3, 1), (4, 1), (6, 1), (7, 1), (4, 3), (3, 7), (4, 7), (6, 7)]], [[(0, 2), (4, 0), (1, 4), (5, 1), (7, 2), (6, 5)]], [[(3, 0), (4, 0), (4, 1), (6, 2), (2, 7), (3, 5), (3, 6), (4, 5), (5, 6)]]]

