Number of nodes=8
Number of samples=1000
Cut of limit used=0.01
total_score_ges=-406959.26088816905
total_score_pc=-458581.3144902569
total_score_mmhc=-437933.201963597
total_score_gis=-407215.20803978096
total_score_ske=-439342.42424209707
total_score_true=-406390.6841519549
shd dist ges to true=[17, 11, 14, 2, 15, 13, 12, 19, 7, 18, 15, 19, 11, 21, 7, 10, 5, 7, 19, 0, 8, 0, 15, 15, 24, 0, 19, 15, 23, 0, 9, 20, 25, 9, 14, 21, 11, 17, 16, 19, 13, 6, 20, 18, 16, 17, 23, 17, 13, 0, 18, 5, 0, 16, 12, 25, 19, 11, 18, 6, 22, 17, 16, 21, 19, 6, 10, 0, 12, 0, 0, 8, 5, 15, 5, 17, 28, 12, 6, 17, 8, 24, 3, 18, 6, 15, 9, 6, 12, 16, 20, 17, 13, 5, 9, 10, 18, 13, 7, 3]
shd dist pc to true=[7, 16, 14, 8, 13, 12, 10, 12, 11, 9, 9, 13, 17, 13, 10, 11, 13, 6, 14, 5, 17, 11, 14, 9, 8, 7, 13, 14, 15, 14, 10, 16, 24, 6, 13, 19, 12, 12, 14, 19, 6, 8, 16, 17, 16, 20, 18, 17, 9, 9, 13, 4, 12, 17, 7, 11, 14, 14, 11, 7, 21, 14, 9, 14, 19, 14, 4, 7, 12, 8, 6, 10, 13, 12, 10, 15, 13, 12, 10, 13, 12, 19, 8, 15, 16, 15, 10, 10, 13, 17, 6, 13, 13, 4, 9, 12, 15, 10, 14, 17]
shd dist mmhc to true=[11, 12, 16, 9, 13, 13, 9, 7, 9, 14, 14, 12, 16, 13, 11, 9, 15, 10, 15, 6, 17, 14, 11, 10, 9, 0, 13, 9, 10, 13, 8, 17, 22, 11, 16, 17, 12, 19, 14, 18, 6, 11, 14, 10, 11, 18, 16, 16, 6, 13, 13, 5, 10, 14, 10, 15, 16, 10, 9, 8, 19, 13, 13, 17, 19, 15, 4, 7, 11, 7, 8, 9, 16, 14, 15, 15, 11, 12, 11, 15, 14, 14, 14, 11, 19, 15, 10, 7, 9, 17, 13, 16, 15, 3, 12, 13, 14, 9, 9, 14]
shd dist gis to true=[15, 19, 15, 9, 14, 22, 5, 12, 13, 16, 13, 14, 5, 15, 8, 12, 10, 7, 23, 2, 0, 0, 16, 1, 0, 0, 10, 12, 15, 9, 16, 22, 22, 9, 15, 26, 15, 12, 14, 12, 13, 12, 10, 12, 19, 22, 19, 15, 11, 18, 13, 11, 0, 18, 6, 23, 15, 21, 17, 8, 25, 13, 17, 24, 17, 17, 19, 15, 12, 15, 17, 14, 15, 12, 5, 15, 11, 17, 6, 22, 23, 19, 7, 22, 13, 23, 16, 13, 13, 20, 5, 14, 15, 12, 0, 22, 20, 15, 6, 19]
shd dist ske to true=[12, 18, 15, 12, 15, 12, 9, 11, 11, 8, 10, 15, 13, 14, 11, 10, 14, 10, 14, 2, 17, 11, 11, 10, 12, 4, 13, 12, 15, 12, 10, 17, 24, 10, 15, 17, 15, 15, 13, 19, 6, 12, 14, 14, 12, 18, 18, 15, 13, 12, 16, 4, 11, 13, 8, 14, 15, 13, 10, 7, 16, 15, 8, 16, 14, 14, 4, 7, 13, 9, 6, 6, 10, 15, 8, 14, 18, 17, 10, 13, 9, 17, 13, 14, 18, 16, 10, 9, 13, 15, 12, 18, 14, 5, 13, 12, 13, 11, 11, 17]

score_vector_ges=[-4123.2181584557065, -4016.381549879363, -4103.5280973179615, -4044.750243811617, -3899.284839198554, -4213.161641617248, -4118.793448268401, -4098.060445413551, -4141.398535908148, -4104.152698173907, -4087.0589490794137, -3997.502433991823, -4097.994209329669, -4094.284019516202, -4150.923511668827, -4003.3221763964984, -4007.9813198922475, -4099.36946516255, -4177.779911512993, -3920.1327166755145, -4064.537583696093, -3943.2219741765953, -4151.775649418676, -3936.382708674455, -3997.0686218010187, -4199.654551875425, -3958.5690507168288, -3946.1437946929914, -4104.0173484482775, -4153.572098036044, -4188.567919184811, -4106.169144249161, -4011.112676989692, -4065.377398161612, -4144.013622947619, -4081.05005969041, -4063.2216116186332, -4084.1195512819168, -4018.2299828354353, -4096.3821363032675, -4003.5824201156147, -4050.6943542594017, -3992.076061268321, -4020.5170905487385, -4054.472068787622, -4155.415119853873, -4086.998152652643, -4012.548322070628, -4118.262568919089, -3943.4711639456245, -4075.52614488983, -4012.5063792154174, -4108.686548529139, -4108.6006656478885, -3955.4130198938587, -4091.0535350748432, -4052.904141682305, -3978.253797846735, -4072.2833698106615, -4056.867915842261, -4162.957447645193, -4183.5100269745735, -4139.709157458729, -4135.130351649509, -4253.828898264789, -4077.272257504429, -4067.6634921626205, -4061.8714667880913, -4066.3469595777333, -4035.097255775943, -3904.288327612204, -4081.6417910410955, -4136.841855579379, -4005.9798607989724, -4049.5932513687635, -4059.677501542191, -4116.084181085886, -4109.3690546885255, -4063.465543408649, -3981.404549055143, -4120.458602568111, -4101.094166446464, -4103.809861619694, -4081.293290047669, -4037.5032109797544, -4136.654371748443, -4020.1505228213186, -4076.6800888333178, -4067.9131336391847, -4043.0977732030415, -4012.1375476526546, -4029.5581976271033, -4065.510161607802, -4172.508608907925, -3946.6819522851015, -4139.260980318473, -4075.323491532405, -4026.191036406959, -4141.281652113659, -4108.020310903852]

score_vector_pc=[-4468.032679823858, -4446.334568081239, -4479.735878727423, -4296.328937240071, -4142.617472605742, -4662.094607764962, -4574.240670537349, -4560.659152214474, -4573.360470970821, -4406.180691888995, -4443.830960077699, -4633.165999773068, -4749.0605115817825, -4744.363479793043, -4860.597703965522, -4232.737434945501, -4636.433571110724, -4986.117815593529, -4368.173535403721, -3992.8097175639327, -5472.957237874929, -4395.331271390077, -4597.3371961653, -4269.076015333861, -4274.410665601295, -4585.870094858258, -4209.952392122522, -4142.308513486302, -4657.787687473127, -4956.10902425038, -4555.889917980772, -4329.130928034692, -4847.853331549813, -4291.093607982739, -4886.608804183284, -4885.783408261719, -4387.075270965245, -5043.717702688298, -4456.93139456653, -4315.704673156207, -4174.723213417438, -4303.2690543337585, -4920.364746726575, -4984.072989594365, -4567.11875095052, -4957.674149691372, -4578.755367910718, -4636.426032542399, -4195.764861466338, -4388.277634939708, -4683.249638993208, -4302.329107881361, -4576.544614935755, -4892.596894594614, -4289.894752206366, -4815.627826685625, -5605.781310473525, -4398.491945981676, -4315.002771705626, -4591.977086049996, -5815.214998678128, -4932.023857583752, -4468.130582683861, -5103.98576994343, -4932.621070500575, -4421.686787932297, -4117.310703839352, -4365.315281464159, -4632.692948423967, -4329.146035553498, -4020.0685764034247, -4356.17062907957, -4648.74983960011, -4448.124889389915, -4324.5923643450105, -4309.9923172694425, -5168.687159024, -4706.468352322713, -4470.940545083664, -4715.9577322184605, -4660.687379933811, -4390.689811758571, -4772.128553382424, -4846.442537595538, -4767.3088907234705, -4931.187596690747, -4502.568726491422, -4735.9467231148965, -4265.728301786804, -4802.9405762728, -4602.857602617559, -4635.400713759773, -5163.712413729459, -4531.9765405883, -4594.661279463601, -4463.157848857978, -4432.112586598807, -4289.12107882625, -4351.590466671989, -4557.466671383683]

score_vector_mmhc=[-4230.830672064228, -4536.9488825496355, -4332.940210539777, -4269.847474396115, -4001.634073127138, -4763.74457006344, -4346.003954253114, -4443.20037193395, -4314.732481335092, -4422.19204829863, -4416.299295257428, -4548.759998344645, -4230.0277715093125, -4573.632639480178, -4639.354340196079, -4189.480850788734, -4362.938693223944, -4209.571655015617, -4456.461577953175, -3987.97452623635, -4512.96737261293, -4123.44777759201, -4527.101560093051, -4125.027749919074, -4356.213335458364, -4199.654551875425, -4123.709583167082, -4157.960028616002, -4329.525387977359, -4491.992920324084, -4356.7730545747145, -4250.210881930678, -4624.254300653025, -4077.4506912221605, -4475.5711020712515, -4468.977239042711, -4339.470728703738, -4872.382311286054, -4425.104113134819, -4283.827608158236, -4066.996689687122, -4189.064068662497, -4187.344379049012, -4591.589925778347, -4274.993129104811, -4392.169160201385, -4590.139375371266, -4275.8690287007275, -4193.743775080834, -4215.949683406221, -4108.366678659721, -4025.4707490415276, -4338.470062556167, -4687.1716355649, -4170.285467061757, -4748.095638474372, -4665.571111367905, -4207.426452081903, -4327.54867241899, -4210.352257739492, -5288.0359860247145, -4680.554063885855, -4480.034606467683, -4797.918389303816, -4704.232418331091, -4335.956614688825, -4117.310703839352, -4292.572638364892, -4394.493554112, -4325.419700266643, -4137.419893035849, -4178.699820545283, -4508.802386107117, -4200.5315220003595, -4301.52786377797, -4231.323903834532, -5182.064769618674, -4486.736650674255, -4179.33089561623, -4355.022832976695, -4478.255587180843, -4267.702833464698, -4290.883324051831, -4396.299454624127, -4397.543425315906, -4911.962954299313, -4310.757620957685, -4334.799307791075, -4253.98608002087, -4587.477174454338, -4334.991605438426, -4375.224768258355, -4649.76665464289, -4284.084332047447, -4275.204833117152, -4456.191320662983, -4309.250422592175, -4278.915760230901, -4266.862417571011, -4430.236548414757]

score_vector_gis=[-4118.6700973097795, -4022.229735867052, -4100.195900652925, -4050.696581693198, -3911.603895805982, -4215.794669631008, -4122.696896530142, -4107.429050796493, -4162.6193838016125, -4106.667200437005, -4088.411960442151, -3991.115680308136, -4094.5952133335672, -4094.7540165987402, -4146.750201539798, -3994.7738496714655, -4017.0301400617395, -4097.988339825149, -4181.96552760074, -3920.6598091907285, -4065.232283987596, -3943.221974176595, -4146.701947359233, -3926.8981799166017, -3981.1016266510273, -4199.654551875425, -3958.15554390424, -3952.623768680741, -4103.583757837934, -4153.862544744386, -4197.86918452247, -4111.263745607676, -4008.772494022851, -4072.870284908589, -4153.387057091736, -4082.710762335664, -4080.967597221382, -4086.1323531748294, -4034.6549843980156, -4090.357395166627, -4001.1492367872365, -4055.997619381762, -3986.1460113446074, -4017.7682487649354, -4057.3256461344927, -4164.142175302868, -4087.9989621566856, -4011.1758336186867, -4129.616472221717, -3955.3880091348083, -4079.203939601924, -4016.1209689141924, -4108.686548529139, -4106.775155229734, -3949.318669713535, -4091.1668352056254, -4045.5174438452555, -3992.814893549571, -4063.1559602600482, -4062.0373338278723, -4157.317395916331, -4188.2377838764305, -4144.928521072176, -4142.080647681494, -4253.688937791404, -4095.781603627287, -4074.464949135822, -4076.9493437662513, -4066.3469595777333, -4047.022394056992, -3921.431973547237, -4102.515533658669, -4145.8726912771735, -4010.0771774011914, -4049.5932513687635, -4059.935156619168, -4102.418439744326, -4110.30202013074, -4063.465543408649, -3987.9261486425653, -4124.381589102371, -4094.3045770712047, -4103.559763937841, -4087.08727009681, -4033.6709668526696, -4145.663641240793, -4021.907494586447, -4087.0733250905337, -4054.17811322134, -4046.4264519612207, -4004.1001236172046, -4032.8520040295302, -4063.794966756489, -4180.613685928429, -3935.3367328933973, -4141.004403216483, -4076.2408506677934, -4045.396327725235, -4141.1886832706705, -4117.894444008329]

score_vector_gis_b=[]

score_vector_ges_gis=[]

score_vector_gis_phased_b=[]

score_vector_ske=[-4357.447687593205, -4427.285417626295, -4379.990895877414, -4341.689146907695, -3976.401268661279, -4662.094607764962, -4346.003954253115, -4356.161871161647, -4305.559584959703, -4261.348952349082, -4330.842103845446, -4447.767008754815, -4633.590831969931, -4522.311602464436, -4762.1590140226, -4203.668954904025, -4387.529737312534, -4217.99125909558, -4277.76633266864, -3982.137342534358, -4598.649452881878, -4391.429166101284, -4499.833357993515, -4125.027749919074, -4472.415659255646, -4292.978779787124, -4133.323237860262, -4110.770011611003, -4500.055685203545, -4589.136016514851, -4479.308863972116, -4273.894064727529, -4816.281816352506, -4067.339796984258, -4539.11231039992, -4786.629427528709, -4285.144754432842, -4500.901736252201, -4297.980043509569, -4303.0739889184615, -4140.422829691747, -4325.81027784103, -4222.27749500834, -4219.907615219894, -4288.477625916238, -4514.972357346301, -4475.647541312565, -4498.325225234643, -4251.487143301131, -4231.683253051467, -4292.559908722138, -4036.6543882173346, -4373.099522594558, -4693.969821626941, -4260.690235203554, -4613.974822862765, -4711.448657262065, -4129.226285341975, -4272.290537319825, -4175.979390680563, -5023.529841790243, -4760.489920735654, -4374.206732031486, -4824.451038645336, -4774.055851921812, -4333.957607617497, -4117.310703839352, -4365.315281464159, -4422.865761352055, -4262.537780213172, -4020.0685764034247, -4197.293884905844, -4488.700428704856, -4175.619459960544, -4183.084172925761, -4241.750579325799, -4814.550039853169, -4650.178927731814, -4322.489393267393, -4386.087688772265, -4458.263555379301, -4371.798187585061, -4310.79689370474, -4666.365970921363, -4462.089125709012, -4726.425051093941, -4310.757620957685, -4588.017288575683, -4227.975122196741, -4465.801152778355, -4499.203507031662, -4478.456666989725, -4570.449634938981, -4427.842471921913, -4383.79461180962, -4463.157848857978, -4337.1003428975855, -4193.21096340593, -4272.603066250828, -4417.833058941373]

score_vector_opt=[]

score_vector_true=[-4108.3661765976385, -4017.802193931251, -4094.802226118293, -4045.884215539468, -3906.2247335966235, -4205.192642913146, -4119.204669098082, -4093.6985717675334, -4144.796459712606, -4092.891174355652, -4074.2444688614933, -3983.6744199742157, -4098.534321966622, -4074.464862242532, -4153.104690693048, -3998.4470884057564, -4011.6152477279797, -4093.6145286156907, -4170.13213684014, -3920.1327166755145, -4065.232283987596, -3943.221974176595, -4146.711118268335, -3930.280647611467, -3981.1016266510273, -4199.654551875425, -3950.6115709078404, -3945.6798478869387, -4094.462809139278, -4153.572098036044, -4171.33768921823, -4098.205573361557, -4008.139737157891, -4069.025262075653, -4139.076039478199, -4071.0809688446157, -4071.4486350083375, -4084.6826039791185, -4011.895793496616, -4091.1381542783274, -3995.055065653252, -4039.37014259015, -3987.8266166057965, -4026.9999305897786, -4039.09796302016, -4158.389588435934, -4078.8255846593734, -4008.6239464826563, -4117.499059513375, -3943.4711639456245, -4071.80607247956, -4009.611970878156, -4108.686548529139, -4096.752304735116, -3939.2446465855446, -4073.0961983626926, -4041.624311334359, -3971.858079065694, -4053.1475753431732, -4054.6356958482693, -4149.346923636892, -4171.7728816360805, -4125.547818822513, -4135.275181044183, -4246.891441200143, -4075.9932211534265, -4060.2113564428673, -4061.8714667880913, -4071.8186530407947, -4035.097255775943, -3904.288327612204, -4090.5143132509897, -4128.3276557028075, -3995.685699960631, -4050.5255472678186, -4049.3537783470983, -4094.18366212762, -4106.563683888919, -4065.2157304429825, -3969.0306146045605, -4110.383418325665, -4089.3222952443266, -4103.05493274434, -4076.8908835247566, -4035.3614333671594, -4130.729611183626, -3999.7682813867514, -4071.2797887469706, -4042.0340219651257, -4041.6062840813956, -4003.6763766280337, -4020.9993687066003, -4060.915462554186, -4167.389903516721, -3935.3367328933973, -4131.546005542129, -4063.845923392779, -4018.892841844834, -4141.076967929324, -4110.049409899804]

step_vector_gis=[28, 32, 38, 26, 37, 35, 38, 31, 29, 36, 27, 38, 36, 32, 36, 38, 39, 27, 33, 35, 39, 42, 35, 38, 45, 38, 39, 35, 30, 32, 29, 35, 34, 24, 40, 38, 26, 39, 36, 35, 23, 36, 27, 28, 39, 37, 34, 34, 35, 32, 34, 24, 40, 35, 38, 32, 39, 34, 28, 36, 36, 33, 34, 33, 33, 31, 34, 36, 43, 29, 37, 34, 33, 28, 37, 31, 35, 40, 32, 34, 39, 39, 39, 40, 37, 32, 36, 33, 39, 30, 42, 35, 39, 27, 37, 34, 30, 33, 39, 27]

step_vector_ske=[4, 1, 3, 4, 3, 4, 7, 3, 5, 8, 4, 5, 3, 1, 2, 4, 3, 5, 8, 3, 5, 5, 4, 2, 2, 5, 4, 6, 8, 4, 4, 2, 3, 6, 3, 3, 2, 2, 4, 3, 4, 2, 7, 2, 7, 4, 2, 5, 3, 3, 10, 1, 8, 9, 2, 1, 3, 7, 4, 7, 7, 7, 6, 4, 5, 4, 4, 0, 4, 3, 5, 5, 7, 8, 4, 1, 4, 2, 3, 7, 2, 1, 3, 3, 6, 6, 2, 4, 1, 3, 5, 6, 2, 5, 4, 1, 3, 3, 5, 3]

step_vector_ges_gis=[]

step_vector_gis_b=[]

step_vector_gis_phased_b=[]

return_dags_vector=[['ges', 'pc', 'mmhc', 'gis', 'ske', 'true'], [[(0, 1), (0, 2), (0, 3), (0, 5), (0, 7), (1, 7), (2, 1), (2, 7), (3, 1), (3, 2), (3, 6), (3, 7), (4, 3), (4, 6), (5, 1), (5, 2), (5, 3), (5, 4), (5, 6), (6, 1), (6, 7)], [(0, 2), (0, 3), (0, 5), (1, 2), (1, 5), (3, 1), (3, 6), (4, 3), (4, 5), (6, 1), (7, 1), (7, 6)], [(0, 2), (1, 2), (3, 0), (3, 1), (3, 4), (3, 6), (4, 5), (5, 0), (5, 1), (6, 1), (6, 7), (7, 1)], [(2, 0), (3, 0), (0, 4), (0, 5), (6, 0), (7, 0), (2, 1), (3, 1), (1, 5), (6, 1), (7, 1), (2, 3), (7, 2), (3, 4), (3, 5), (6, 3), (7, 3), (5, 4), (6, 4), (7, 6)], [(2, 0), (3, 0), (0, 5), (2, 1), (1, 3), (1, 5), (6, 1), (1, 7), (3, 4), (6, 3), (5, 4), (6, 7)], [(0, 2), (0, 5), (1, 5), (1, 6), (2, 1), (3, 0), (3, 1), (3, 2), (3, 4), (3, 6), (4, 0), (4, 5), (7, 1), (7, 2), (7, 6)]], [[(0, 1), (0, 2), (0, 3), (0, 4), (0, 5), (1, 3), (1, 4), (1, 6), (1, 7), (2, 4), (3, 2), (3, 6), (5, 2), (5, 3), (5, 4), (6, 2), (6, 7), (7, 2)], [(0, 1), (0, 3), (0, 4), (1, 7), (2, 4), (2, 6), (2, 7), (3, 6), (4, 7), (5, 0), (5, 3), (5, 4), (6, 7)], [(0, 1), (0, 3), (0, 4), (0, 5), (1, 7), (2, 4), (3, 5), (5, 2), (5, 4), (6, 2), (6, 3), (7, 2), (7, 4), (7, 6)], [(0, 1), (3, 0), (0, 4), (0, 5), (6, 0), (0, 7), (2, 1), (1, 4), (1, 7), (2, 4), (2, 5), (2, 6), (2, 7), (3, 5), (3, 6), (3, 7), (5, 4), (6, 5), (5, 7), (6, 7)], [(0, 1), (3, 0), (0, 4), (0, 5), (1, 7), (2, 4), (2, 6), (2, 7), (3, 5), (3, 6), (4, 5), (7, 4), (6, 7)], [(0, 2), (0, 4), (1, 0), (1, 4), (1, 7), (2, 4), (3, 0), (3, 2), (3, 6), (5, 0), (5, 1), (5, 2), (5, 3), (5, 4), (5, 6), (6, 1), (6, 2), (6, 7), (7, 2)]], [[(1, 2), (1, 3), (1, 5), (1, 6), (1, 7), (2, 0), (2, 3), (2, 4), (2, 5), (2, 6), (3, 0), (3, 4), (3, 5), (3, 6), (3, 7), (4, 0), (4, 6), (4, 7), (5, 0), (5, 6), (7, 0), (7, 5), (7, 6)], [(0, 2), (0, 3), (0, 5), (1, 6), (2, 4), (2, 5), (2, 6), (3, 1), (4, 3), (6, 5), (7, 0), (7, 4), (7, 6)], [(0, 2), (0, 3), (0, 5), (0, 7), (1, 3), (1, 6), (2, 4), (4, 3), (4, 7), (5, 3), (5, 6), (6, 2), (6, 7)], [(2, 0), (0, 3), (0, 5), (0, 7), (3, 1), (4, 1), (5, 1), (6, 1), (2, 3), (4, 2), (2, 5), (6, 2), (2, 7), (4, 3), (5, 3), (7, 3), (6, 4), (4, 7), (6, 5), (6, 7)], [(2, 0), (3, 0), (0, 5), (0, 7), (1, 3), (1, 6), (2, 4), (2, 5), (2, 6), (3, 4), (7, 4), (6, 5), (6, 7)], [(2, 0), (2, 5), (2, 6), (3, 0), (3, 1), (4, 0), (4, 1), (4, 2), (4, 3), (4, 5), (4, 7), (5, 0), (5, 1), (5, 3), (5, 6), (6, 1), (7, 0), (7, 5), (7, 6)]], [[(0, 3), (0, 5), (0, 7), (1, 3), (1, 4), (1, 6), (2, 6), (3, 5), (4, 3), (4, 5), (4, 7), (6, 4), (7, 3), (7, 5)], [(0, 3), (0, 5), (1, 3), (1, 4), (1, 5), (4, 3), (4, 5), (4, 7), (6, 2), (6, 4), (7, 3)], [(0, 3), (0, 5), (0, 7), (1, 3), (1, 5), (4, 1), (4, 3), (4, 5), (4, 6), (4, 7), (6, 2), (7, 3)], [(1, 0), (3, 0), (0, 5), (7, 0), (3, 1), (1, 4), (1, 7), (6, 2), (3, 4), (3, 5), (6, 3), (3, 7), (4, 5), (6, 4), (4, 7), (7, 5)], [(0, 3), (0, 5), (3, 1), (1, 4), (1, 5), (6, 2), (3, 4), (7, 3), (4, 5), (4, 6), (7, 4)], [(0, 3), (0, 5), (0, 7), (1, 3), (1, 4), (1, 6), (1, 7), (2, 6), (3, 5), (3, 7), (4, 3), (4, 5), (4, 7), (6, 4), (7, 5)]], [[(1, 4), (2, 1), (2, 5), (2, 6), (2, 7), (3, 6), (3, 7), (5, 1), (5, 6), (5, 7), (6, 0), (6, 7), (7, 0), (7, 1), (7, 4)], [(0, 7), (1, 2), (1, 4), (1, 5), (2, 6), (2, 7), (3, 6), (3, 7), (4, 7), (5, 2), (5, 6), (6, 7)], [(0, 7), (1, 2), (1, 4), (1, 5), (2, 6), (3, 6), (5, 2), (5, 6), (7, 2), (7, 3), (7, 4), (7, 6)], [(2, 0), (4, 0), (0, 7), (2, 1), (4, 1), (1, 5), (2, 3), (2, 5), (2, 6), (2, 7), (6, 3), (7, 3), (4, 6), (4, 7), (6, 5), (7, 5), (6, 7)], [(7, 0), (2, 1), (4, 1), (5, 1), (5, 2), (2, 6), (2, 7), (3, 6), (3, 7), (4, 7), (5, 6), (6, 7)], [(1, 4), (1, 5), (2, 1), (2, 5), (2, 6), (3, 2), (3, 6), (6, 5), (7, 0), (7, 1), (7, 2), (7, 3), (7, 4), (7, 5), (7, 6)]], [[(0, 2), (0, 3), (0, 4), (0, 7), (1, 2), (1, 7), (3, 2), (4, 1), (4, 2), (4, 7), (5, 1), (5, 4), (5, 7), (6, 1), (6, 2), (6, 3), (6, 4), (6, 7), (7, 2), (7, 3)], [(0, 4), (1, 2), (2, 6), (3, 2), (3, 6), (4, 1), (5, 1), (5, 4), (7, 0), (7, 3)], [(0, 3), (0, 4), (0, 7), (1, 2), (1, 4), (1, 5), (2, 6), (3, 2), (3, 6), (5, 4), (6, 4)], [(2, 0), (3, 0), (0, 4), (0, 5), (0, 6), (7, 0), (1, 2), (1, 4), (1, 5), (1, 6), (1, 7), (3, 2), (2, 4), (2, 6), (3, 4), (3, 6), (3, 7), (4, 5), (6, 4), (7, 5), (7, 6)], [(0, 4), (7, 0), (1, 2), (4, 1), (5, 1), (3, 2), (2, 6), (3, 6), (7, 3), (5, 4)], [(0, 1), (0, 2), (0, 3), (0, 4), (0, 7), (2, 1), (3, 1), (3, 2), (3, 6), (3, 7), (4, 1), (5, 1), (5, 2), (5, 4), (6, 1), (6, 2), (6, 4), (7, 1), (7, 2)]], [[(2, 0), (2, 3), (2, 7), (3, 0), (3, 6), (3, 7), (4, 0), (4, 2), (4, 7), (5, 0), (5, 1), (5, 2), (5, 6), (7, 0), (7, 1)], [(0, 2), (0, 5), (1, 7), (2, 3), (2, 4), (2, 5), (3, 6), (3, 7), (4, 7), (5, 6), (5, 7)], [(0, 2), (0, 5), (1, 7), (2, 4), (3, 2), (3, 6), (5, 2), (5, 6), (5, 7), (7, 3), (7, 4)], [(0, 2), (0, 4), (0, 5), (0, 7), (5, 1), (7, 1), (3, 2), (4, 2), (5, 2), (3, 4), (3, 5), (3, 6), (3, 7), (4, 7), (5, 6), (5, 7)], [(0, 2), (5, 0), (1, 7), (3, 2), (2, 4), (5, 2), (3, 6), (7, 3), (7, 4), (5, 6), (5, 7)], [(0, 2), (0, 5), (0, 7), (2, 4), (2, 5), (3, 2), (3, 5), (3, 6), (3, 7), (4, 5), (4, 7), (5, 1), (5, 6), (5, 7), (7, 1)]], [[(0, 1), (0, 3), (0, 4), (0, 5), (0, 6), (1, 3), (1, 4), (1, 6), (1, 7), (2, 4), (2, 6), (3, 2), (3, 7), (5, 4), (5, 6), (7, 2), (7, 4), (7, 5)], [(0, 1), (0, 5), (1, 3), (1, 6), (2, 3), (2, 4), (2, 6), (3, 7), (4, 7), (5, 6), (5, 7)], [(0, 1), (0, 5), (1, 3), (1, 5), (1, 6), (2, 3), (2, 4), (4, 7), (5, 7), (6, 5), (7, 3)], [(0, 1), (0, 2), (0, 5), (0, 7), (1, 2), (1, 3), (4, 1), (1, 5), (1, 6), (1, 7), (3, 2), (4, 2), (5, 2), (6, 2), (2, 7), (4, 3), (3, 6), (3, 7), (4, 7), (6, 5), (5, 7)], [(0, 1), (5, 0), (1, 3), (1, 6), (3, 2), (4, 2), (2, 6), (7, 3), (4, 7), (5, 6), (5, 7)], [(0, 2), (0, 4), (0, 5), (1, 0), (1, 3), (1, 4), (1, 5), (2, 3), (4, 2), (4, 7), (5, 2), (5, 7), (6, 1), (6, 2), (6, 5), (7, 2), (7, 3)]], [[(0, 1), (0, 6), (0, 7), (2, 0), (2, 6), (3, 7), (4, 2), (5, 0), (5, 2), (5, 7), (6, 1), (7, 1)], [(1, 0), (4, 2), (5, 0), (5, 2), (6, 0), (6, 1), (6, 2), (7, 1), (7, 3)], [(0, 1), (0, 2), (0, 5), (0, 6), (1, 7), (2, 6), (3, 7), (4, 2), (5, 2), (6, 1)], [(0, 1), (0, 2), (0, 5), (0, 6), (0, 7), (3, 1), (1, 4), (1, 5), (1, 6), (1, 7), (4, 2), (2, 5), (2, 6), (3, 7), (4, 5), (5, 7), (7, 6)], [(1, 0), (5, 0), (6, 0), (6, 1), (1, 7), (4, 2), (5, 2), (2, 6), (3, 7)], [(0, 1), (0, 6), (0, 7), (2, 0), (2, 4), (2, 6), (3, 7), (5, 0), (5, 2), (5, 4), (5, 7), (6, 1), (7, 1)]], [[(0, 4), (0, 5), (0, 6), (1, 0), (1, 2), (1, 3), (1, 4), (1, 5), (1, 6), (2, 0), (2, 3), (2, 4), (2, 6), (3, 5), (3, 6), (4, 3), (4, 5), (6, 5), (7, 0), (7, 3), (7, 4), (7, 5)], [(0, 2), (0, 6), (1, 2), (1, 3), (1, 6), (2, 4), (5, 6), (6, 3), (7, 0), (7, 3), (7, 4), (7, 6)], [(0, 3), (0, 6), (1, 2), (1, 3), (1, 6), (2, 0), (2, 4), (3, 6), (6, 4), (6, 5), (7, 0), (7, 3), (7, 4), (7, 6)], [(0, 1), (0, 2), (0, 3), (0, 6), (0, 7), (2, 1), (3, 1), (4, 1), (6, 1), (7, 1), (2, 3), (2, 4), (2, 7), (4, 3), (5, 3), (6, 3), (7, 3), (5, 4), (6, 4), (7, 4), (5, 6), (6, 7)], [(0, 2), (0, 6), (0, 7), (1, 2), (1, 3), (1, 6), (4, 2), (6, 3), (7, 3), (7, 4), (5, 6), (6, 7)], [(0, 2), (0, 6), (0, 7), (1, 2), (1, 3), (1, 6), (2, 3), (4, 0), (4, 2), (4, 3), (4, 6), (4, 7), (5, 3), (5, 6), (5, 7), (6, 3), (7, 3), (7, 6)]], [[(0, 2), (1, 0), (1, 3), (1, 5), (2, 5), (3, 0), (4, 3), (4, 6), (6, 0), (6, 1), (6, 2), (6, 3), (7, 1), (7, 2), (7, 3), (7, 6)], [(0, 3), (0, 5), (0, 6), (1, 3), (1, 5), (1, 7), (2, 6), (2, 7), (4, 3), (6, 1), (6, 7)], [(0, 3), (1, 3), (1, 5), (1, 6), (1, 7), (3, 4), (5, 0), (6, 2), (6, 7), (7, 2)], [(2, 0), (0, 3), (6, 0), (0, 7), (2, 1), (1, 3), (1, 4), (5, 1), (1, 6), (1, 7), (2, 4), (2, 6), (2, 7), (3, 4), (6, 3), (7, 3), (6, 4), (7, 4), (6, 7)], [(0, 3), (0, 5), (0, 6), (1, 3), (1, 5), (6, 1), (7, 1), (2, 6), (2, 7), (3, 4), (6, 7)], [(0, 3), (0, 4), (1, 3), (2, 0), (2, 6), (2, 7), (3, 7), (4, 3), (4, 7), (5, 1), (5, 6), (6, 0), (6, 1), (6, 7)]], [[(0, 1), (0, 5), (2, 0), (2, 3), (2, 4), (2, 5), (2, 6), (3, 0), (3, 1), (3, 4), (3, 5), (3, 7), (4, 0), (4, 1), (4, 5), (6, 0), (6, 4), (6, 5), (7, 0), (7, 5)], [(0, 1), (0, 7), (1, 6), (2, 0), (2, 3), (2, 4), (3, 5), (4, 6), (5, 6), (5, 7)], [(0, 1), (0, 2), (0, 7), (1, 6), (2, 3), (2, 4), (2, 6), (5, 1), (5, 3), (5, 6), (6, 4), (7, 5)], [(0, 1), (0, 2), (0, 4), (0, 5), (0, 7), (3, 1), (4, 1), (2, 3), (4, 2), (2, 5), (2, 7), (4, 3), (3, 5), (6, 3), (4, 5), (6, 4), (6, 5), (5, 7)], [(1, 0), (2, 0), (7, 0), (1, 6), (3, 2), (4, 2), (5, 3), (6, 4), (5, 6), (7, 5)], [(0, 1), (0, 3), (0, 6), (0, 7), (2, 0), (2, 3), (2, 7), (3, 1), (4, 1), (4, 2), (4, 3), (4, 6), (5, 3), (5, 6), (6, 3), (7, 5)]], [[(0, 2), (1, 0), (1, 2), (1, 4), (1, 5), (1, 7), (2, 4), (3, 0), (3, 2), (3, 5), (3, 7), (5, 0), (5, 4), (6, 0), (6, 2), (6, 4), (6, 5), (6, 7), (7, 0), (7, 4)], [(0, 3), (0, 6), (0, 7), (1, 0), (1, 7), (2, 3), (2, 4), (2, 6), (3, 5), (4, 5), (4, 6), (4, 7)], [(0, 1), (0, 3), (0, 6), (0, 7), (1, 2), (1, 5), (2, 4), (2, 6), (3, 2), (3, 5), (3, 7), (5, 4), (6, 4), (7, 1), (7, 4)], [(1, 0), (3, 0), (4, 0), (0, 5), (6, 0), (0, 7), (1, 2), (1, 5), (1, 7), (3, 2), (4, 2), (2, 5), (6, 2), (3, 5), (3, 7), (4, 5), (6, 4), (4, 7), (6, 5), (7, 5)], [(1, 0), (3, 0), (0, 6), (0, 7), (1, 7), (3, 2), (4, 2), (2, 6), (3, 5), (4, 5), (4, 6), (4, 7)], [(0, 7), (1, 0), (1, 2), (1, 5), (1, 7), (3, 0), (3, 2), (3, 5), (3, 7), (4, 0), (4, 2), (4, 5), (4, 7), (5, 0), (5, 2), (5, 7), (6, 0), (6, 2), (6, 4), (6, 5), (6, 7)]], [[(0, 1), (0, 3), (0, 4), (0, 5), (0, 6), (1, 2), (1, 3), (1, 4), (1, 6), (1, 7), (2, 3), (2, 4), (2, 5), (2, 7), (4, 3), (4, 7), (5, 6), (6, 3), (6, 4), (6, 7), (7, 3)], [(0, 1), (0, 3), (0, 5), (1, 2), (2, 5), (3, 1), (4, 0), (6, 5), (7, 2), (7, 4)], [(0, 1), (2, 1), (2, 5), (3, 0), (4, 0), (4, 1), (4, 7), (5, 0), (5, 6)], [(1, 0), (0, 2), (3, 0), (0, 4), (0, 5), (0, 7), (1, 2), (3, 1), (1, 4), (1, 5), (6, 1), (3, 2), (4, 2), (5, 2), (6, 2), (3, 5), (3, 7), (5, 4), (7, 4), (6, 5), (5, 7), (6, 7)], [(1, 0), (3, 0), (0, 4), (0, 5), (2, 1), (3, 1), (2, 5), (2, 7), (4, 7), (5, 6)], [(0, 1), (0, 2), (0, 5), (1, 2), (2, 5), (3, 0), (3, 2), (3, 4), (4, 0), (4, 2), (6, 0), (6, 1), (6, 5), (7, 0), (7, 4)]], [[(0, 5), (1, 2), (2, 0), (3, 5), (3, 7), (4, 0), (4, 1), (4, 2), (6, 0), (6, 4), (6, 7), (7, 0), (7, 4)], [(0, 1), (0, 5), (2, 4), (3, 5), (4, 1), (4, 7), (6, 0), (6, 7), (7, 0)], [(0, 1), (0, 5), (0, 6), (0, 7), (1, 4), (3, 5), (4, 2), (6, 7), (7, 3), (7, 4)], [(2, 0), (4, 0), (0, 5), (6, 0), (7, 0), (1, 4), (2, 4), (3, 5), (6, 3), (7, 3), (4, 7), (6, 7)], [(1, 0), (0, 5), (6, 0), (7, 0), (1, 4), (2, 4), (3, 5), (4, 7), (6, 7)], [(0, 5), (2, 0), (2, 1), (2, 4), (3, 5), (4, 0), (4, 1), (4, 6), (4, 7), (6, 0), (6, 3), (7, 0), (7, 3), (7, 6)]], [[(0, 1), (0, 2), (0, 3), (0, 6), (0, 7), (1, 6), (2, 1), (2, 3), (2, 4), (2, 7), (3, 1), (3, 6), (4, 1), (4, 6), (4, 7), (5, 1), (5, 2), (5, 4), (5, 6)], [(0, 1), (0, 3), (0, 7), (1, 4), (2, 1), (2, 3), (3, 1), (4, 6), (4, 7), (5, 2), (5, 6), (5, 7)], [(0, 1), (0, 3), (0, 7), (2, 1), (2, 3), (3, 1), (4, 1), (4, 6), (4, 7), (5, 2), (5, 6), (7, 5)], [(0, 1), (0, 2), (0, 3), (0, 4), (0, 7), (2, 1), (3, 1), (1, 4), (2, 3), (5, 2), (2, 7), (3, 4), (5, 4), (6, 4), (4, 7), (6, 5)], [(0, 1), (0, 3), (0, 7), (2, 1), (3, 1), (4, 1), (2, 3), (5, 2), (4, 6), (7, 4), (5, 6), (5, 7)], [(0, 1), (0, 3), (0, 7), (2, 1), (2, 3), (2, 5), (2, 6), (2, 7), (3, 1), (4, 1), (4, 5), (4, 7), (5, 1), (6, 1), (6, 4), (6, 5)]], [[(1, 4), (1, 5), (2, 0), (2, 6), (2, 7), (3, 0), (3, 6), (3, 7), (4, 0), (4, 3), (4, 6), (4, 7), (5, 0), (5, 2), (5, 6), (5, 7), (6, 7)], [(0, 2), (0, 3), (0, 5), (1, 5), (2, 7), (3, 4), (3, 7), (4, 1), (4, 6), (5, 6), (6, 7)], [(0, 2), (0, 3), (1, 4), (1, 5), (4, 3), (4, 6), (5, 0), (6, 5), (7, 2), (7, 3), (7, 6)], [(2, 0), (3, 0), (4, 0), (5, 0), (3, 1), (1, 4), (5, 1), (2, 5), (2, 6), (2, 7), (3, 4), (3, 5), (3, 6), (3, 7), (4, 6), (4, 7), (5, 6), (5, 7), (7, 6)], [(2, 0), (3, 0), (0, 5), (1, 4), (5, 1), (2, 7), (3, 4), (3, 7), (4, 6), (5, 6), (7, 6)], [(0, 2), (2, 6), (2, 7), (3, 0), (3, 2), (3, 4), (3, 6), (3, 7), (4, 0), (4, 1), (4, 2), (4, 5), (4, 6), (4, 7), (5, 0), (5, 1), (5, 6), (5, 7), (7, 6)]], [[(0, 5), (1, 3), (1, 6), (4, 1), (4, 6), (4, 7), (5, 1), (5, 4), (5, 6), (6, 3), (7, 1), (7, 3), (7, 6)], [(1, 6), (3, 6), (4, 1), (4, 6), (5, 0), (5, 6), (7, 1), (7, 3)], [(1, 4), (1, 6), (1, 7), (3, 6), (5, 0), (5, 4), (6, 4), (6, 5), (7, 3)], [(5, 0), (4, 1), (5, 1), (1, 6), (1, 7), (4, 3), (3, 6), (3, 7), (5, 4), (4, 6), (4, 7), (5, 6), (5, 7)], [(5, 0), (1, 4), (1, 6), (7, 1), (3, 6), (7, 3), (6, 4), (6, 5)], [(1, 6), (3, 1), (3, 4), (3, 6), (3, 7), (4, 5), (4, 6), (4, 7), (5, 0), (5, 1), (5, 6), (7, 1)]], [[(0, 1), (0, 3), (0, 4), (0, 5), (1, 5), (2, 1), (2, 3), (2, 4), (2, 5), (2, 6), (2, 7), (3, 4), (3, 5), (3, 7), (4, 1), (4, 7), (6, 3), (6, 4), (6, 7), (7, 1), (7, 5)], [(0, 1), (0, 3), (0, 4), (2, 1), (2, 3), (3, 5), (3, 6), (4, 1), (4, 7), (6, 7), (7, 1), (7, 5)], [(0, 4), (1, 0), (1, 2), (1, 4), (1, 7), (3, 0), (3, 2), (3, 5), (3, 6), (4, 6), (7, 4), (7, 5), (7, 6)], [(1, 0), (2, 0), (3, 0), (0, 4), (5, 0), (1, 2), (1, 3), (1, 4), (1, 5), (6, 1), (1, 7), (2, 3), (2, 5), (2, 7), (3, 5), (6, 3), (7, 3), (6, 4), (7, 4), (7, 5), (6, 7)], [(0, 1), (0, 3), (4, 0), (2, 1), (4, 1), (7, 1), (2, 3), (5, 3), (6, 3), (4, 7), (7, 5), (6, 7)], [(0, 1), (0, 3), (1, 2), (3, 1), (3, 2), (3, 6), (4, 0), (4, 1), (4, 2), (4, 5), (4, 6), (4, 7), (5, 1), (5, 2), (5, 3), (5, 7), (7, 1), (7, 2), (7, 3), (7, 6)]], [[(0, 1), (0, 6), (0, 7), (1, 6), (2, 3), (2, 5), (2, 6), (2, 7), (3, 1), (3, 4), (3, 6), (3, 7), (4, 1), (4, 5), (5, 6)], [(0, 1), (0, 6), (0, 7), (1, 3), (1, 6), (2, 5), (2, 7), (3, 2), (3, 7), (4, 1), (4, 3), (4, 5), (5, 6)], [(0, 1), (0, 6), (0, 7), (1, 6), (2, 3), (2, 5), (2, 7), (3, 1), (3, 7), (4, 1), (4, 3), (5, 4), (5, 6)], [(0, 1), (0, 6), (0, 7), (3, 1), (1, 4), (1, 6), (3, 2), (2, 5), (2, 6), (2, 7), (3, 4), (3, 6), (3, 7), (4, 5), (5, 6)], [(0, 1), (0, 6), (0, 7), (3, 1), (4, 1), (1, 6), (3, 2), (2, 5), (2, 7), (3, 4), (3, 7), (4, 5), (5, 6)], [(0, 1), (0, 6), (0, 7), (1, 6), (2, 5), (2, 6), (2, 7), (3, 1), (3, 2), (3, 4), (3, 6), (3, 7), (4, 1), (4, 5), (5, 6)]], [[(0, 3), (1, 0), (1, 3), (1, 6), (1, 7), (2, 0), (2, 3), (2, 4), (2, 6), (2, 7), (5, 6), (5, 7), (6, 0), (6, 3), (6, 7), (7, 0), (7, 4)], [(0, 2), (0, 7), (1, 3), (1, 7), (3, 2), (3, 5), (4, 1), (4, 5), (4, 7), (5, 6), (6, 2), (6, 7)], [(0, 2), (3, 1), (3, 2), (3, 5), (4, 2), (4, 7), (6, 2), (6, 5), (7, 0), (7, 1), (7, 6)], [(2, 0), (0, 3), (6, 0), (0, 7), (1, 3), (1, 5), (1, 6), (1, 7), (2, 3), (2, 4), (2, 5), (2, 6), (6, 3), (7, 4), (6, 5), (7, 5), (6, 7)], [(0, 2), (7, 0), (3, 1), (4, 1), (1, 7), (3, 2), (2, 6), (3, 5), (4, 5), (4, 7), (6, 5), (7, 6)], [(0, 3), (0, 7), (1, 3), (1, 5), (1, 6), (1, 7), (2, 0), (2, 3), (2, 4), (2, 5), (2, 6), (6, 0), (6, 3), (6, 5), (6, 7), (7, 4), (7, 5)]], [[(1, 4), (1, 5), (1, 6), (1, 7), (2, 0), (2, 5), (2, 6), (3, 0), (3, 5), (3, 6), (3, 7), (4, 0), (4, 7), (5, 6), (6, 0), (6, 7)], [(0, 4), (1, 4), (1, 5), (1, 7), (2, 0), (3, 5), (3, 7), (6, 0), (6, 2), (7, 6)], [(0, 2), (0, 4), (0, 6), (1, 5), (2, 5), (2, 6), (4, 1), (5, 3), (6, 5), (6, 7), (7, 1), (7, 3)], [(2, 0), (3, 0), (4, 0), (6, 0), (1, 4), (1, 5), (1, 6), (1, 7), (2, 5), (2, 6), (3, 5), (3, 6), (3, 7), (4, 7), (6, 5), (6, 7)], [(2, 0), (4, 0), (0, 6), (4, 1), (5, 1), (7, 1), (2, 6), (3, 5), (7, 3), (6, 7)], [(1, 5), (1, 6), (1, 7), (2, 0), (2, 5), (2, 6), (3, 0), (3, 5), (3, 6), (3, 7), (4, 0), (4, 1), (4, 7), (6, 0), (6, 5), (6, 7)]], [[(0, 1), (0, 3), (0, 5), (0, 6), (0, 7), (1, 2), (1, 3), (2, 3), (3, 4), (5, 1), (5, 3), (5, 4), (5, 7), (6, 1), (6, 2), (6, 3), (7, 1), (7, 3), (7, 6)], [(0, 1), (0, 3), (0, 6), (1, 2), (1, 7), (2, 3), (2, 6), (3, 4), (5, 4), (6, 7), (7, 5)], [(0, 1), (0, 3), (0, 6), (1, 2), (1, 3), (2, 6), (3, 2), (3, 4), (5, 4), (5, 7), (7, 6)], [(1, 0), (0, 3), (0, 5), (0, 6), (1, 2), (1, 3), (1, 6), (7, 1), (2, 3), (2, 5), (6, 2), (3, 4), (3, 5), (6, 3), (5, 4), (7, 5), (7, 6)], [(0, 1), (0, 3), (0, 6), (2, 1), (1, 7), (2, 3), (2, 6), (3, 4), (5, 4), (7, 5), (7, 6)], [(0, 1), (0, 6), (1, 6), (2, 0), (2, 1), (2, 3), (2, 6), (3, 0), (3, 1), (3, 4), (3, 6), (3, 7), (5, 0), (5, 4), (7, 0), (7, 1), (7, 5), (7, 6)]], [[(1, 3), (1, 5), (1, 7), (2, 0), (2, 6), (4, 0), (4, 2), (4, 6), (4, 7), (5, 0), (5, 4), (5, 6), (6, 0), (6, 7), (7, 0), (7, 3)], [(0, 2), (0, 4), (0, 7), (1, 5), (1, 7), (2, 6), (3, 1), (3, 7), (4, 6), (4, 7), (6, 7)], [(0, 2), (0, 4), (0, 7), (1, 3), (1, 5), (2, 6), (4, 6), (4, 7), (6, 7), (7, 1), (7, 3)], [(0, 2), (4, 0), (0, 5), (0, 6), (7, 0), (1, 3), (5, 1), (7, 1), (2, 6), (7, 3), (4, 6), (7, 4), (7, 5), (7, 6)], [(0, 2), (4, 0), (0, 7), (1, 3), (1, 5), (7, 1), (2, 6), (7, 3), (4, 6), (4, 7), (6, 7)], [(0, 2), (0, 4), (0, 5), (0, 6), (0, 7), (2, 6), (3, 1), (4, 6), (4, 7), (5, 1), (5, 3), (7, 1), (7, 3), (7, 5), (7, 6)]], [[(1, 0), (2, 0), (2, 1), (2, 3), (2, 5), (2, 6), (2, 7), (3, 1), (3, 5), (3, 6), (3, 7), (4, 0), (4, 1), (4, 5), (5, 0), (5, 1), (5, 6), (6, 0), (6, 1), (7, 0), (7, 1), (7, 4), (7, 6)], [(0, 1), (0, 4), (1, 3), (1, 5), (2, 3), (2, 5), (3, 7), (4, 5), (6, 1), (6, 5), (6, 7), (7, 4)], [(0, 1), (0, 4), (1, 3), (1, 5), (1, 6), (2, 3), (2, 5), (3, 7), (4, 5), (5, 6), (7, 4), (7, 6)], [(1, 0), (0, 4), (0, 5), (6, 0), (1, 3), (1, 4), (1, 5), (6, 1), (2, 3), (2, 4), (2, 5), (3, 7), (5, 4), (6, 4), (7, 4), (6, 5), (6, 7)], [(0, 1), (4, 0), (1, 3), (5, 1), (6, 1), (2, 3), (2, 5), (3, 7), (4, 5), (4, 7), (5, 6), (6, 7)], [(0, 4), (0, 5), (1, 0), (1, 3), (1, 4), (1, 5), (2, 3), (2, 4), (2, 5), (3, 7), (5, 4), (6, 0), (6, 1), (6, 4), (6, 5), (6, 7), (7, 4)]], [[(0, 4), (1, 2), (1, 4), (1, 6), (1, 7), (3, 2), (3, 5), (3, 7), (5, 0), (5, 4), (6, 0), (6, 2)], [(0, 4), (0, 6), (1, 2), (1, 4), (1, 7), (2, 3), (3, 5), (3, 7), (4, 5), (6, 1), (6, 2)], [(0, 4), (1, 2), (1, 4), (1, 6), (1, 7), (3, 2), (3, 5), (3, 7), (5, 0), (5, 4), (6, 0), (6, 2)], [(0, 4), (5, 0), (6, 0), (1, 2), (1, 4), (1, 6), (1, 7), (3, 2), (6, 2), (3, 5), (3, 7), (5, 4)], [(4, 0), (0, 6), (1, 2), (1, 4), (1, 6), (1, 7), (3, 2), (6, 2), (3, 5), (3, 7), (5, 4)], [(0, 4), (1, 2), (1, 4), (1, 6), (1, 7), (3, 2), (3, 7), (5, 0), (5, 3), (5, 4), (6, 0), (6, 2)]], [[(0, 2), (0, 6), (1, 2), (1, 3), (1, 5), (1, 7), (2, 7), (3, 0), (3, 2), (3, 7), (4, 0), (4, 6), (4, 7), (5, 2), (5, 7), (6, 2), (6, 5), (6, 7)], [(0, 4), (2, 7), (3, 1), (3, 2), (4, 7), (5, 2), (5, 7), (6, 0), (6, 2), (6, 5)], [(1, 3), (2, 5), (2, 7), (3, 0), (3, 2), (4, 0), (4, 7), (5, 7), (6, 0), (6, 2), (6, 5)], [(0, 3), (4, 0), (6, 0), (2, 1), (3, 1), (5, 1), (6, 1), (1, 7), (2, 3), (5, 2), (6, 2), (2, 7), (6, 3), (3, 7), (6, 4), (4, 7), (6, 5), (5, 7), (6, 7)], [(4, 0), (6, 0), (3, 1), (3, 2), (2, 5), (6, 2), (2, 7), (4, 7), (6, 5), (5, 7)], [(0, 3), (0, 4), (0, 6), (2, 3), (2, 5), (2, 7), (3, 1), (4, 1), (4, 5), (4, 7), (6, 1), (6, 2), (6, 3), (6, 4), (6, 5), (7, 1), (7, 5)]], [[(0, 1), (0, 2), (1, 5), (1, 6), (3, 0), (3, 1), (3, 4), (4, 1), (4, 6), (5, 2), (6, 2), (6, 5), (7, 0), (7, 1), (7, 4), (7, 6)], [(1, 7), (2, 5), (3, 0), (3, 4), (5, 1), (6, 1), (6, 2), (6, 4), (6, 7), (7, 0), (7, 4)], [(1, 5), (3, 0), (3, 1), (3, 4), (4, 6), (4, 7), (5, 2), (6, 1), (6, 2), (6, 7), (7, 0), (7, 1)], [(1, 0), (0, 2), (0, 3), (0, 6), (0, 7), (1, 3), (5, 1), (1, 6), (1, 7), (5, 2), (6, 2), (4, 3), (7, 3), (6, 4), (7, 4), (5, 6), (6, 7)], [(0, 3), (7, 0), (5, 1), (6, 1), (1, 7), (2, 5), (6, 2), (4, 3), (6, 4), (7, 4), (6, 7)], [(0, 2), (0, 3), (0, 4), (0, 7), (1, 3), (4, 3), (4, 6), (4, 7), (5, 1), (5, 2), (6, 1), (6, 2), (7, 1), (7, 3), (7, 5), (7, 6)]], [[(0, 4), (1, 0), (1, 3), (1, 4), (1, 6), (2, 3), (2, 4), (2, 6), (3, 0), (3, 4), (3, 6), (4, 6), (5, 0), (5, 1), (5, 2), (5, 3), (5, 4), (5, 6), (7, 0), (7, 1), (7, 2), (7, 3), (7, 6)], [(0, 3), (0, 4), (0, 6), (1, 6), (2, 4), (4, 3), (5, 3), (5, 6), (7, 1), (7, 2), (7, 3)], [(0, 3), (0, 6), (2, 4), (2, 7), (4, 0), (4, 3), (5, 1), (5, 3), (6, 1), (6, 5), (7, 1), (7, 3)], [(0, 1), (0, 2), (0, 3), (4, 0), (0, 7), (1, 2), (1, 3), (1, 5), (1, 6), (1, 7), (3, 2), (4, 2), (2, 5), (2, 7), (4, 3), (3, 5), (3, 6), (3, 7), (4, 5), (6, 5), (7, 5), (7, 6)], [(0, 3), (0, 4), (6, 0), (1, 6), (7, 1), (2, 4), (7, 2), (4, 3), (5, 3), (7, 3), (5, 6)], [(0, 1), (0, 3), (0, 6), (1, 5), (2, 5), (2, 7), (3, 1), (3, 5), (4, 0), (4, 1), (4, 2), (4, 3), (4, 5), (6, 1), (6, 3), (6, 5), (7, 1), (7, 3), (7, 5)]], [[(0, 6), (1, 2), (1, 4), (1, 5), (1, 6), (2, 0), (2, 5), (3, 2), (3, 5), (3, 7), (4, 0), (4, 3), (4, 6), (4, 7)], [(1, 4), (2, 0), (2, 3), (2, 5), (3, 4), (3, 5), (5, 1), (6, 0), (6, 2), (6, 4), (7, 3)], [(0, 2), (0, 6), (2, 3), (2, 5), (3, 7), (4, 1), (4, 3), (5, 1), (5, 3), (6, 1), (6, 4)], [(2, 0), (4, 0), (0, 6), (1, 3), (1, 4), (5, 1), (1, 6), (2, 3), (5, 2), (3, 4), (5, 3), (3, 7), (4, 6), (4, 7)], [(2, 0), (6, 0), (4, 1), (5, 1), (3, 2), (5, 2), (2, 6), (4, 3), (5, 3), (3, 7), (4, 6)], [(0, 6), (1, 2), (1, 4), (1, 5), (1, 6), (2, 0), (2, 5), (3, 2), (3, 5), (3, 7), (4, 0), (4, 3), (4, 6), (4, 7)]], [[(1, 3), (2, 3), (2, 6), (2, 7), (3, 7), (4, 1), (4, 3), (4, 7), (5, 0), (5, 1), (5, 3), (5, 7), (6, 1), (6, 3), (6, 4), (6, 5), (6, 7), (7, 0)], [(1, 5), (1, 6), (2, 6), (3, 1), (4, 6), (5, 0), (6, 5), (7, 0), (7, 3)], [(1, 3), (1, 5), (1, 6), (2, 3), (3, 7), (4, 6), (5, 0), (6, 2), (6, 5), (7, 0)], [(0, 3), (0, 4), (5, 0), (0, 7), (2, 1), (3, 1), (4, 1), (5, 1), (6, 1), (2, 3), (2, 4), (6, 2), (2, 7), (3, 4), (5, 3), (3, 7), (5, 4), (6, 4), (4, 7), (6, 5), (6, 7)], [(5, 0), (7, 0), (3, 1), (1, 5), (1, 6), (6, 2), (7, 3), (4, 6), (6, 5)], [(1, 3), (2, 3), (4, 1), (5, 0), (5, 1), (6, 1), (6, 2), (6, 4), (6, 5), (7, 0), (7, 1), (7, 3)]], [[(0, 3), (0, 5), (0, 6), (1, 3), (1, 5), (1, 6), (3, 5), (3, 6), (4, 0), (4, 1), (4, 3), (4, 5), (4, 6), (5, 2), (5, 6), (7, 0), (7, 1), (7, 3)], [(0, 3), (0, 5), (0, 6), (1, 3), (1, 4), (1, 5), (1, 6), (3, 4), (4, 5), (5, 2), (7, 3)], [(0, 3), (0, 5), (0, 6), (1, 3), (1, 4), (1, 5), (1, 6), (3, 7), (4, 3), (4, 5), (5, 2), (6, 5)], [(2, 0), (0, 3), (0, 5), (0, 6), (2, 1), (1, 3), (4, 1), (1, 5), (1, 6), (1, 7), (4, 2), (2, 5), (4, 3), (5, 3), (3, 6), (3, 7), (4, 5), (4, 6), (4, 7), (5, 6), (5, 7)], [(0, 3), (0, 5), (0, 6), (1, 3), (4, 1), (1, 5), (1, 6), (5, 2), (4, 3), (3, 7), (4, 5)], [(1, 0), (1, 4), (3, 0), (3, 1), (3, 5), (5, 0), (5, 1), (5, 2), (5, 4), (5, 6), (6, 0), (6, 1), (6, 4), (7, 3), (7, 4), (7, 5)]], [[(0, 1), (0, 2), (0, 4), (2, 1), (2, 4), (3, 0), (3, 1), (3, 2), (3, 4), (3, 7), (5, 1), (5, 3), (5, 4), (5, 7), (6, 1), (6, 2), (6, 3), (6, 4), (6, 7), (7, 0), (7, 1), (7, 2), (7, 4)], [(0, 2), (0, 3), (0, 4), (1, 4), (1, 5), (1, 6), (3, 5), (3, 6), (4, 2), (5, 7), (7, 2), (7, 4)], [(0, 3), (0, 4), (0, 5), (1, 2), (1, 4), (1, 5), (1, 6), (3, 5), (3, 6), (4, 2), (5, 7), (6, 2), (7, 2), (7, 6)], [(3, 0), (4, 0), (5, 0), (0, 6), (0, 7), (1, 2), (1, 4), (1, 5), (1, 6), (1, 7), (3, 2), (2, 4), (2, 6), (2, 7), (3, 5), (3, 6), (3, 7), (4, 6), (4, 7), (5, 6), (5, 7), (7, 6)], [(0, 2), (3, 0), (0, 4), (1, 4), (1, 5), (1, 6), (4, 2), (7, 2), (3, 5), (3, 6), (4, 7), (5, 7)], [(0, 3), (1, 2), (1, 3), (1, 4), (1, 5), (1, 6), (2, 4), (2, 7), (4, 0), (4, 3), (5, 0), (5, 2), (5, 3), (5, 6), (5, 7), (6, 0), (6, 2), (6, 3), (6, 4), (6, 7), (7, 0), (7, 3)]], [[(0, 4), (1, 3), (1, 5), (1, 6), (1, 7), (3, 0), (3, 4), (3, 7), (5, 2), (5, 6), (6, 0), (7, 5)], [(2, 5), (3, 0), (3, 1), (4, 0), (4, 3), (5, 1), (6, 0), (6, 1), (6, 5), (7, 1), (7, 5)], [(0, 3), (0, 4), (0, 6), (1, 5), (1, 6), (3, 1), (3, 4), (5, 2), (6, 5), (7, 1), (7, 5)], [(0, 3), (0, 4), (0, 6), (3, 1), (5, 1), (1, 6), (7, 1), (5, 2), (3, 4), (5, 3), (3, 6), (3, 7), (5, 6), (5, 7)], [(3, 0), (0, 4), (6, 0), (3, 1), (1, 5), (1, 6), (7, 1), (5, 2), (3, 4), (5, 6), (7, 5)], [(1, 7), (3, 0), (3, 1), (3, 4), (3, 6), (3, 7), (4, 0), (5, 1), (5, 2), (5, 7), (6, 0), (6, 1), (6, 5)]], [[(0, 3), (1, 0), (1, 3), (2, 5), (2, 7), (4, 3), (4, 6), (5, 0), (5, 1), (5, 4), (5, 7), (6, 1), (6, 3), (7, 0), (7, 1), (7, 4), (7, 6)], [(0, 5), (1, 0), (1, 5), (2, 1), (2, 5), (3, 4), (3, 6), (4, 5), (5, 7), (6, 4), (6, 7)], [(1, 0), (1, 2), (3, 0), (3, 4), (3, 6), (4, 5), (4, 6), (5, 0), (5, 1), (5, 2), (5, 7), (6, 7)], [(1, 0), (3, 0), (4, 0), (0, 5), (6, 0), (0, 7), (1, 2), (3, 1), (1, 5), (1, 6), (1, 7), (5, 2), (2, 7), (4, 3), (3, 6), (4, 5), (4, 6), (6, 5), (5, 7), (6, 7)], [(1, 0), (5, 0), (2, 1), (5, 1), (5, 2), (4, 3), (6, 3), (4, 5), (6, 4), (5, 7), (6, 7)], [(0, 1), (0, 3), (0, 5), (0, 6), (1, 3), (1, 5), (4, 3), (5, 2), (5, 4), (6, 3), (6, 4), (6, 5), (6, 7), (7, 2), (7, 5)]], [[(0, 1), (0, 2), (0, 3), (0, 6), (1, 2), (1, 3), (1, 6), (3, 6), (4, 1), (4, 2), (4, 6), (4, 7), (5, 1), (5, 2), (5, 6), (5, 7), (6, 2), (7, 0), (7, 1), (7, 2), (7, 3), (7, 6)], [(0, 1), (0, 2), (2, 4), (2, 7), (3, 0), (3, 7), (4, 6), (4, 7), (5, 1), (5, 6)], [(0, 1), (0, 2), (0, 3), (1, 3), (3, 7), (4, 2), (4, 6), (5, 1), (5, 2), (5, 6), (7, 2)], [(0, 1), (0, 2), (0, 3), (0, 6), (0, 7), (1, 2), (1, 3), (1, 4), (5, 1), (1, 6), (2, 4), (2, 7), (4, 3), (5, 3), (6, 3), (7, 3), (5, 4), (4, 6), (4, 7), (5, 6), (5, 7), (6, 7)], [(1, 0), (2, 0), (0, 3), (1, 5), (2, 4), (2, 7), (3, 7), (4, 6), (7, 4), (5, 6)], [(1, 0), (2, 0), (3, 0), (3, 1), (3, 2), (4, 0), (4, 1), (4, 5), (5, 0), (5, 1), (5, 2), (6, 0), (6, 1), (6, 2), (6, 4), (6, 5), (7, 2), (7, 3), (7, 4)]], [[(0, 1), (0, 2), (0, 3), (0, 5), (0, 6), (1, 5), (1, 7), (2, 4), (3, 4), (6, 4), (6, 5), (7, 3), (7, 5), (7, 6)], [(0, 2), (0, 5), (1, 5), (2, 4), (3, 0), (3, 4), (4, 6), (6, 7), (7, 1), (7, 5)], [(0, 2), (0, 3), (0, 5), (0, 6), (2, 4), (3, 4), (4, 6), (5, 1), (6, 5), (6, 7), (7, 1), (7, 5)], [(1, 0), (0, 2), (3, 0), (4, 0), (0, 5), (6, 0), (0, 7), (3, 1), (1, 5), (1, 6), (1, 7), (3, 2), (4, 2), (6, 2), (4, 3), (3, 7), (4, 6), (6, 5), (7, 5), (6, 7)], [(0, 2), (3, 0), (5, 0), (5, 1), (7, 1), (2, 4), (3, 4), (4, 6), (5, 7), (6, 7)], [(0, 3), (0, 5), (0, 7), (1, 3), (1, 5), (1, 7), (2, 0), (2, 4), (3, 4), (3, 7), (6, 0), (6, 1), (6, 2), (6, 3), (6, 4), (6, 5), (6, 7), (7, 5)]], [[(0, 4), (0, 6), (1, 2), (1, 3), (1, 4), (1, 5), (2, 0), (2, 4), (2, 6), (3, 0), (3, 2), (3, 4), (3, 5), (3, 7), (5, 0), (5, 2), (5, 7), (7, 0), (7, 2), (7, 4)], [(0, 3), (0, 6), (0, 7), (1, 4), (1, 5), (2, 5), (2, 6), (2, 7), (3, 5), (3, 7), (4, 7)], [(1, 0), (1, 4), (1, 5), (3, 0), (3, 5), (3, 7), (4, 7), (5, 4), (6, 0), (6, 2), (7, 0), (7, 2)], [(0, 1), (0, 3), (0, 4), (0, 5), (0, 6), (0, 7), (2, 1), (3, 1), (4, 1), (5, 1), (7, 1), (2, 4), (2, 5), (2, 6), (2, 7), (3, 5), (3, 7), (4, 5), (4, 7)], [(3, 0), (0, 6), (0, 7), (1, 4), (5, 1), (2, 5), (2, 6), (2, 7), (3, 5), (3, 7), (7, 4)], [(0, 1), (0, 3), (0, 4), (0, 6), (0, 7), (1, 3), (1, 4), (1, 5), (1, 7), (2, 1), (2, 3), (2, 4), (2, 5), (2, 6), (2, 7), (4, 3), (4, 7), (5, 3), (5, 7), (7, 3)]], [[(2, 3), (2, 5), (2, 6), (2, 7), (3, 0), (4, 0), (4, 3), (4, 5), (4, 7), (5, 0), (5, 1), (5, 3), (6, 1), (6, 3), (6, 5), (6, 7), (7, 3)], [(0, 2), (1, 6), (2, 3), (2, 7), (3, 6), (4, 3), (4, 7), (5, 0), (5, 1), (6, 7)], [(0, 2), (1, 5), (1, 6), (2, 3), (2, 7), (4, 2), (4, 3), (4, 7), (5, 0), (6, 3), (6, 7)], [(0, 1), (0, 2), (0, 3), (0, 5), (1, 2), (4, 1), (1, 5), (1, 6), (1, 7), (3, 2), (4, 2), (2, 5), (2, 6), (2, 7), (4, 3), (3, 5), (3, 6), (3, 7), (4, 7), (5, 6), (7, 5), (7, 6)], [(2, 0), (0, 5), (5, 1), (6, 1), (2, 3), (2, 7), (4, 3), (6, 3), (4, 7), (6, 7)], [(0, 3), (0, 5), (3, 2), (3, 5), (3, 6), (4, 2), (4, 3), (4, 6), (4, 7), (5, 1), (5, 2), (5, 7), (6, 1), (6, 2), (7, 2), (7, 6)]], [[(0, 5), (1, 2), (1, 3), (1, 4), (2, 3), (2, 4), (2, 5), (2, 7), (3, 5), (3, 7), (4, 3), (4, 5), (4, 7), (6, 0), (6, 2), (6, 4), (7, 0), (7, 5)], [(0, 5), (0, 7), (1, 2), (1, 4), (1, 5), (2, 6), (3, 2), (3, 5), (4, 6), (5, 7), (7, 4)], [(1, 2), (1, 4), (2, 4), (2, 6), (3, 0), (3, 2), (3, 5), (4, 6), (4, 7), (5, 0), (5, 7), (7, 0)], [(0, 5), (0, 7), (2, 1), (3, 1), (4, 1), (3, 2), (2, 4), (6, 2), (3, 5), (6, 3), (7, 3), (5, 4), (6, 4), (7, 4), (6, 5), (7, 5), (6, 7)], [(0, 5), (0, 7), (1, 2), (1, 4), (5, 1), (3, 2), (2, 6), (3, 5), (4, 6), (7, 4), (5, 7)], [(0, 3), (2, 1), (2, 3), (2, 4), (3, 1), (4, 1), (5, 0), (5, 2), (5, 3), (5, 4), (5, 6), (5, 7), (6, 0), (6, 2), (6, 4), (6, 7), (7, 0), (7, 3), (7, 4)]], [[(0, 3), (1, 4), (3, 2), (3, 4), (3, 5), (4, 2), (4, 6), (5, 1), (5, 2), (5, 4), (5, 6), (6, 2), (7, 1), (7, 2), (7, 6)], [(1, 4), (2, 5), (3, 0), (3, 2), (4, 5), (4, 6), (7, 1), (7, 2)], [(1, 4), (1, 5), (2, 3), (2, 5), (2, 6), (2, 7), (3, 0), (4, 6), (5, 4), (7, 1)], [(2, 0), (0, 3), (7, 0), (4, 1), (5, 1), (1, 7), (2, 3), (2, 5), (2, 6), (2, 7), (4, 3), (6, 3), (7, 3), (4, 5), (4, 6)], [(3, 0), (1, 4), (7, 1), (3, 2), (2, 5), (7, 2), (5, 4), (4, 6)], [(1, 4), (1, 5), (1, 6), (1, 7), (2, 5), (2, 6), (3, 0), (3, 2), (3, 6), (4, 5), (6, 4), (7, 2)]], [[(0, 3), (0, 4), (0, 5), (0, 6), (1, 2), (1, 5), (1, 6), (2, 3), (2, 6), (2, 7), (3, 4), (3, 5), (3, 6), (5, 4), (5, 6), (6, 4), (7, 3), (7, 4), (7, 5), (7, 6)], [(0, 3), (0, 6), (1, 5), (2, 1), (2, 7), (3, 5), (4, 3), (4, 6), (5, 6), (7, 3), (7, 4), (7, 6)], [(0, 3), (0, 6), (1, 5), (2, 1), (3, 2), (3, 5), (3, 7), (4, 3), (4, 6), (4, 7), (5, 6), (7, 2), (7, 6)], [(0, 3), (0, 4), (0, 5), (0, 6), (1, 2), (3, 1), (5, 1), (7, 1), (3, 2), (6, 2), (7, 2), (3, 4), (5, 3), (6, 3), (5, 4), (6, 4), (7, 4), (6, 5), (7, 5), (7, 6)], [(0, 3), (0, 6), (1, 2), (1, 5), (7, 2), (4, 3), (3, 5), (3, 7), (4, 6), (4, 7), (5, 6), (6, 7)], [(0, 3), (0, 4), (0, 6), (1, 2), (1, 5), (2, 3), (2, 7), (3, 4), (3, 5), (5, 4), (6, 3), (6, 4), (6, 5), (7, 3), (7, 4), (7, 6)]], [[(1, 4), (1, 5), (1, 6), (1, 7), (2, 0), (3, 0), (3, 2), (4, 0), (4, 2), (5, 0), (5, 2), (5, 6), (6, 0), (6, 2), (6, 3), (6, 4), (7, 0), (7, 3), (7, 4), (7, 6)], [(0, 2), (1, 4), (1, 5), (3, 2), (4, 2), (6, 2), (6, 3), (6, 4), (7, 1), (7, 3), (7, 4)], [(0, 2), (1, 4), (1, 5), (1, 7), (2, 3), (2, 6), (4, 2), (4, 6), (4, 7), (6, 3), (6, 5), (7, 3), (7, 6)], [(0, 2), (0, 6), (4, 1), (5, 1), (1, 7), (2, 3), (4, 2), (5, 2), (2, 6), (2, 7), (4, 3), (3, 6), (3, 7), (5, 4), (4, 6), (4, 7), (7, 6)], [(0, 2), (4, 1), (1, 5), (7, 1), (2, 3), (2, 4), (6, 2), (6, 3), (3, 7), (6, 4), (7, 4)], [(0, 2), (0, 4), (0, 6), (2, 3), (2, 4), (2, 6), (3, 6), (4, 1), (4, 3), (4, 6), (5, 1), (5, 2), (5, 4), (7, 1), (7, 2), (7, 3), (7, 4), (7, 5), (7, 6)]], [[(0, 1), (0, 2), (0, 3), (0, 5), (0, 6), (1, 6), (1, 7), (2, 3), (2, 4), (2, 5), (2, 6), (5, 4), (6, 3), (7, 2), (7, 6)], [(1, 0), (2, 5), (3, 2), (5, 0), (5, 4), (6, 3), (6, 4), (7, 1), (7, 2)], [(0, 1), (0, 5), (2, 3), (2, 7), (3, 1), (3, 6), (5, 2), (5, 4), (7, 1)], [(0, 1), (2, 0), (5, 0), (0, 6), (0, 7), (2, 1), (6, 1), (7, 1), (2, 3), (2, 5), (2, 6), (2, 7), (3, 6), (4, 5)], [(0, 1), (5, 0), (7, 1), (2, 3), (2, 5), (7, 2), (3, 6), (4, 5), (4, 6)], [(0, 1), (0, 2), (0, 3), (0, 4), (0, 5), (0, 6), (0, 7), (2, 1), (2, 3), (2, 4), (2, 5), (2, 6), (4, 5), (6, 1), (6, 3), (7, 1), (7, 2)]], [[(0, 2), (0, 3), (0, 5), (0, 6), (0, 7), (1, 2), (1, 3), (1, 7), (3, 2), (4, 1), (4, 2), (4, 3), (4, 5), (4, 7), (5, 1), (5, 2), (5, 3), (5, 6), (6, 1), (6, 2), (7, 2), (7, 3)], [(0, 3), (0, 5), (0, 7), (1, 2), (1, 5), (2, 3), (4, 3), (4, 5), (4, 7), (6, 1), (6, 2), (6, 5)], [(0, 3), (0, 5), (0, 7), (1, 2), (3, 2), (4, 1), (4, 3), (4, 5), (4, 7), (5, 1), (6, 1), (6, 2), (6, 5)], [(0, 1), (0, 2), (0, 3), (0, 5), (0, 6), (0, 7), (1, 2), (1, 3), (5, 1), (1, 6), (7, 1), (2, 3), (4, 2), (5, 2), (2, 6), (7, 2), (4, 3), (3, 6), (4, 5), (4, 6), (4, 7), (5, 6), (7, 6)], [(0, 3), (0, 5), (0, 7), (1, 2), (5, 1), (6, 1), (3, 2), (6, 2), (4, 3), (4, 5), (4, 7), (6, 5)], [(0, 1), (0, 2), (0, 3), (0, 6), (2, 1), (3, 2), (4, 1), (4, 3), (4, 5), (5, 0), (5, 1), (5, 6), (6, 1), (6, 2), (7, 0), (7, 1), (7, 4), (7, 5)]], [[(0, 3), (0, 5), (0, 6), (0, 7), (1, 7), (3, 1), (3, 2), (3, 5), (3, 6), (4, 1), (4, 3), (4, 5), (4, 6), (4, 7), (5, 2), (5, 6), (5, 7), (6, 1), (6, 2)], [(0, 3), (0, 5), (0, 6), (1, 3), (1, 4), (1, 6), (2, 4), (2, 5), (2, 6), (3, 6), (5, 7), (6, 7)], [(0, 3), (0, 5), (0, 6), (1, 3), (3, 2), (4, 1), (4, 7), (5, 2), (5, 7), (6, 1), (6, 2), (6, 3), (7, 6)], [(2, 0), (3, 0), (4, 0), (0, 5), (6, 0), (0, 7), (1, 3), (1, 4), (1, 6), (1, 7), (2, 3), (2, 4), (2, 5), (2, 6), (2, 7), (3, 5), (6, 3), (4, 5), (6, 4), (4, 7), (7, 5)], [(0, 3), (5, 0), (0, 6), (3, 1), (4, 1), (1, 6), (4, 2), (5, 2), (2, 6), (3, 6), (5, 7), (6, 7)], [(1, 4), (2, 3), (2, 5), (2, 6), (3, 0), (3, 1), (5, 0), (5, 1), (5, 3), (5, 4), (5, 6), (6, 0), (6, 1), (6, 3), (6, 4), (7, 1), (7, 2), (7, 4), (7, 5), (7, 6)]], [[(0, 1), (2, 0), (2, 1), (2, 6), (2, 7), (3, 0), (3, 1), (3, 2), (3, 4), (3, 5), (4, 0), (4, 1), (4, 2), (4, 7), (5, 0), (5, 2), (5, 6), (5, 7), (6, 0), (6, 1), (6, 7), (7, 1)], [(0, 6), (2, 0), (2, 1), (2, 5), (3, 2), (3, 4), (3, 5), (5, 6), (7, 5)], [(1, 2), (1, 4), (2, 0), (2, 5), (3, 4), (5, 3), (5, 7), (6, 0), (6, 5), (6, 7)], [(2, 0), (0, 3), (0, 4), (5, 0), (6, 0), (0, 7), (1, 2), (1, 3), (1, 4), (5, 1), (1, 7), (2, 4), (5, 2), (6, 2), (2, 7), (4, 3), (5, 3), (5, 4), (4, 7), (6, 5), (5, 7), (6, 7)], [(2, 0), (0, 6), (2, 1), (3, 2), (5, 2), (3, 4), (3, 5), (5, 6), (7, 5)], [(0, 2), (0, 4), (1, 4), (2, 1), (2, 3), (2, 4), (3, 4), (5, 0), (5, 1), (5, 2), (5, 3), (5, 4), (5, 7), (6, 0), (6, 1), (6, 5), (6, 7), (7, 3), (7, 4)]], [[(0, 1), (0, 4), (0, 6), (1, 4), (3, 0), (3, 1), (3, 4), (3, 6), (3, 7), (5, 0), (5, 6), (6, 1), (6, 2), (6, 4), (7, 0), (7, 1), (7, 4), (7, 5)], [(0, 3), (0, 4), (1, 3), (2, 6), (3, 6), (5, 1), (5, 6), (7, 0), (7, 1), (7, 4)], [(0, 3), (0, 4), (1, 3), (1, 5), (1, 7), (5, 6), (6, 2), (6, 3), (6, 4), (7, 0), (7, 4)], [(1, 0), (3, 0), (4, 0), (0, 6), (1, 3), (4, 1), (5, 1), (1, 6), (1, 7), (6, 2), (2, 7), (4, 3), (3, 6), (5, 4), (4, 6), (4, 7), (5, 6), (6, 7)], [(0, 3), (4, 0), (7, 0), (1, 3), (5, 1), (7, 1), (6, 2), (6, 3), (7, 4), (6, 5)], [(0, 1), (0, 3), (0, 5), (1, 7), (3, 1), (4, 0), (4, 1), (4, 7), (5, 3), (6, 0), (6, 1), (6, 2), (6, 3), (6, 4), (6, 5), (6, 7)]], [[(1, 7), (2, 0), (2, 5), (3, 2), (3, 5), (3, 6), (4, 2), (4, 5), (4, 6), (6, 2), (6, 5), (7, 2), (7, 3), (7, 4), (7, 5)], [(2, 0), (2, 3), (2, 4), (2, 5), (3, 6), (5, 4), (6, 4), (6, 5), (7, 1), (7, 3), (7, 4)], [(0, 2), (2, 3), (2, 4), (2, 5), (3, 6), (3, 7), (5, 4), (6, 4), (6, 5), (7, 1), (7, 4)], [(0, 2), (3, 0), (5, 0), (0, 7), (3, 1), (1, 7), (3, 2), (2, 4), (5, 2), (7, 2), (3, 4), (5, 3), (3, 6), (3, 7), (5, 4), (6, 4), (7, 4), (5, 6), (5, 7)], [(2, 0), (7, 1), (2, 3), (4, 2), (2, 5), (3, 6), (7, 3), (4, 5), (4, 6), (7, 4), (6, 5)], [(2, 0), (2, 4), (3, 2), (3, 4), (3, 6), (5, 2), (5, 3), (5, 4), (5, 6), (5, 7), (6, 4), (7, 1), (7, 2), (7, 3), (7, 4)]], [[(0, 1), (0, 2), (0, 4), (0, 6), (0, 7), (1, 6), (2, 4), (2, 5), (2, 6), (2, 7), (3, 4), (5, 1), (5, 4), (5, 6), (7, 1), (7, 6)], [(0, 4), (0, 7), (1, 0), (1, 6), (2, 4), (2, 6), (3, 4), (5, 2), (5, 4), (6, 7)], [(0, 1), (0, 4), (0, 7), (1, 2), (1, 6), (2, 4), (3, 4), (5, 2), (5, 4), (6, 2), (6, 7)], [(0, 1), (0, 2), (0, 3), (4, 0), (0, 7), (1, 2), (1, 5), (1, 6), (1, 7), (2, 3), (4, 2), (5, 2), (2, 6), (2, 7), (4, 3), (5, 3), (4, 5), (5, 6), (5, 7), (6, 7)], [(1, 0), (0, 4), (0, 7), (6, 1), (2, 4), (5, 2), (6, 2), (3, 4), (5, 4), (6, 7)], [(0, 1), (0, 4), (0, 6), (1, 6), (2, 0), (2, 4), (2, 5), (2, 6), (2, 7), (3, 4), (5, 1), (5, 4), (5, 6), (7, 0), (7, 1), (7, 6)]], [[(1, 2), (1, 5), (1, 6), (1, 7), (2, 4), (2, 5), (3, 0), (3, 2), (4, 0), (5, 0), (5, 4), (6, 0), (6, 3), (6, 4), (6, 5), (7, 2), (7, 3), (7, 4), (7, 5)], [(0, 4), (0, 5), (1, 5), (1, 6), (1, 7), (2, 3), (2, 4), (2, 7), (3, 6), (4, 6), (4, 7), (5, 4)], [(1, 5), (1, 6), (2, 4), (2, 5), (2, 7), (3, 2), (4, 0), (5, 0), (5, 4), (5, 7), (6, 3), (6, 4), (7, 4)], [(1, 0), (4, 0), (0, 5), (6, 0), (1, 4), (1, 5), (6, 1), (3, 2), (2, 4), (2, 5), (2, 7), (3, 4), (6, 3), (4, 5), (6, 4), (4, 7), (5, 7), (6, 7)], [(4, 0), (5, 0), (1, 5), (6, 1), (1, 7), (3, 2), (2, 4), (2, 7), (6, 3), (5, 4), (6, 4), (7, 4)], [(0, 4), (0, 5), (0, 6), (2, 0), (2, 1), (2, 3), (2, 4), (2, 5), (2, 6), (2, 7), (3, 6), (4, 5), (4, 7), (5, 1), (5, 7), (6, 1), (6, 4), (6, 5), (6, 7)]], [[(0, 1), (0, 7), (1, 2), (1, 3), (2, 7), (3, 2), (3, 7), (4, 7), (5, 1), (5, 2), (5, 6)], [(0, 1), (0, 7), (1, 5), (2, 1), (2, 3), (3, 7), (4, 7), (6, 5)], [(0, 1), (0, 7), (1, 2), (2, 3), (3, 7), (4, 7), (5, 1), (5, 6), (6, 2)], [(0, 1), (0, 3), (0, 4), (7, 0), (1, 2), (5, 1), (2, 3), (5, 2), (3, 4), (7, 3), (7, 4), (6, 5)], [(0, 1), (0, 7), (1, 2), (5, 1), (2, 3), (3, 7), (4, 7), (5, 6)], [(0, 1), (0, 7), (2, 0), (2, 1), (2, 3), (2, 7), (3, 7), (4, 7), (5, 1), (5, 6)]], [[(0, 1), (0, 4), (0, 6), (1, 7), (2, 7), (3, 2), (3, 5), (4, 1), (4, 2), (4, 6), (4, 7), (5, 1), (5, 2), (5, 6), (5, 7), (6, 2)], [(0, 6), (1, 6), (1, 7), (2, 3), (2, 4), (2, 6), (3, 7), (4, 0), (4, 7), (5, 1), (5, 2), (5, 3), (5, 6)], [(0, 4), (0, 6), (1, 4), (1, 5), (1, 7), (2, 6), (3, 2), (3, 6), (3, 7), (4, 2), (4, 7), (5, 2), (5, 3), (5, 6)], [(0, 1), (4, 0), (0, 6), (4, 1), (5, 1), (1, 7), (3, 2), (4, 2), (5, 2), (6, 2), (2, 7), (5, 3), (4, 6), (4, 7), (5, 6), (5, 7)], [(4, 0), (6, 0), (5, 1), (6, 1), (7, 1), (3, 2), (4, 2), (5, 2), (6, 2), (3, 5), (3, 7), (4, 7), (5, 6)], [(0, 1), (0, 6), (1, 7), (2, 7), (3, 2), (4, 0), (4, 1), (4, 2), (4, 6), (4, 7), (5, 1), (5, 2), (5, 3), (5, 6), (5, 7), (6, 2)]], [[(0, 1), (0, 2), (0, 3), (1, 2), (3, 1), (3, 2), (4, 0), (4, 2), (4, 3), (4, 5), (4, 6), (5, 0), (5, 1), (5, 2), (5, 3), (6, 0), (6, 1), (6, 2), (7, 1), (7, 2), (7, 3), (7, 5)], [(0, 3), (0, 6), (1, 6), (2, 4), (2, 7), (3, 4), (3, 7), (5, 0), (5, 4), (7, 1)], [(0, 3), (0, 5), (0, 6), (1, 6), (1, 7), (3, 4), (4, 2), (5, 4), (6, 5), (7, 2), (7, 3)], [(2, 0), (0, 3), (0, 5), (6, 0), (7, 0), (2, 1), (3, 1), (4, 1), (6, 1), (7, 1), (2, 4), (2, 5), (7, 2), (4, 3), (5, 3), (7, 3), (4, 5), (6, 4), (7, 4), (6, 5), (7, 5)], [(0, 3), (5, 0), (6, 0), (6, 1), (7, 1), (4, 2), (7, 2), (3, 4), (7, 3), (5, 4)], [(1, 6), (2, 0), (2, 6), (3, 0), (3, 6), (4, 0), (4, 2), (4, 3), (4, 5), (4, 6), (5, 0), (6, 0), (7, 0), (7, 1), (7, 2), (7, 3), (7, 5), (7, 6)]], [[(1, 0), (1, 2), (1, 3), (1, 4), (1, 5), (1, 6), (1, 7), (2, 4), (3, 2), (3, 4), (3, 7), (5, 2), (5, 4), (5, 6), (5, 7), (6, 2), (6, 4), (7, 0), (7, 2), (7, 4)], [(1, 0), (1, 5), (2, 6), (3, 1), (4, 6), (4, 7), (5, 6), (5, 7), (7, 0)], [(0, 1), (0, 7), (1, 3), (1, 5), (1, 7), (2, 6), (5, 6), (6, 4), (7, 2), (7, 4), (7, 5)], [(1, 0), (7, 0), (1, 2), (1, 3), (1, 5), (1, 7), (4, 2), (2, 6), (2, 7), (3, 7), (4, 5), (4, 6), (4, 7), (5, 6), (5, 7), (7, 6)], [(1, 0), (7, 0), (1, 3), (5, 1), (6, 2), (4, 6), (4, 7), (5, 6), (5, 7)], [(1, 0), (1, 2), (1, 5), (1, 7), (2, 6), (2, 7), (3, 1), (3, 7), (4, 7), (5, 4), (5, 6), (5, 7), (6, 4), (6, 7), (7, 0)]], [[(0, 1), (0, 2), (0, 3), (0, 5), (1, 3), (2, 1), (2, 3), (2, 5), (4, 0), (4, 1), (4, 2), (4, 3), (4, 7), (5, 3), (6, 0), (6, 1), (6, 2), (6, 3), (7, 0), (7, 1), (7, 3), (7, 5), (7, 6)], [(1, 4), (1, 6), (3, 2), (4, 0), (4, 2), (5, 2), (5, 3), (6, 0), (6, 2), (7, 0), (7, 2), (7, 6)], [(0, 6), (0, 7), (2, 3), (2, 5), (3, 5), (4, 1), (4, 2), (6, 1), (6, 2), (6, 7)], [(0, 1), (0, 2), (0, 6), (0, 7), (2, 1), (3, 1), (4, 1), (1, 5), (6, 1), (1, 7), (3, 2), (2, 4), (2, 5), (2, 6), (2, 7), (3, 4), (3, 5), (3, 6), (3, 7), (4, 6), (4, 7), (6, 5), (5, 7), (6, 7)], [(0, 4), (6, 0), (0, 7), (1, 4), (1, 6), (2, 3), (2, 4), (2, 5), (2, 6), (2, 7), (5, 3), (6, 7)], [(0, 1), (0, 4), (0, 6), (1, 2), (1, 4), (1, 6), (3, 2), (3, 6), (4, 2), (5, 2), (5, 3), (5, 4), (5, 6), (7, 0), (7, 1), (7, 2), (7, 6)]], [[(0, 2), (0, 4), (0, 5), (0, 6), (1, 0), (1, 2), (1, 3), (1, 5), (1, 6), (2, 4), (3, 0), (3, 2), (3, 4), (3, 6), (3, 7), (5, 2), (6, 2), (6, 4), (6, 5), (7, 0), (7, 4), (7, 6)], [(0, 2), (0, 3), (0, 6), (1, 5), (2, 5), (3, 5), (3, 7), (4, 3), (4, 6), (6, 7)], [(0, 2), (0, 3), (0, 6), (1, 5), (2, 5), (2, 7), (3, 4), (3, 5), (3, 7), (6, 4), (7, 6)], [(0, 1), (2, 0), (0, 3), (4, 0), (0, 6), (2, 1), (3, 1), (5, 1), (2, 5), (2, 6), (2, 7), (4, 3), (3, 5), (3, 6), (3, 7), (4, 6), (4, 7), (6, 5), (7, 6)], [(2, 0), (3, 0), (6, 0), (1, 5), (2, 5), (3, 4), (3, 5), (3, 7), (6, 4), (6, 7)], [(0, 6), (1, 0), (1, 4), (1, 5), (1, 7), (2, 0), (2, 4), (2, 5), (3, 0), (3, 6), (4, 0), (4, 3), (4, 6), (5, 3), (5, 6), (5, 7), (7, 3), (7, 4), (7, 6)]], [[(0, 1), (0, 3), (0, 5), (0, 6), (0, 7), (2, 1), (2, 6), (3, 2), (3, 5), (4, 1), (5, 1), (5, 4), (5, 7), (6, 1), (6, 4), (6, 7), (7, 1)], [(0, 3), (1, 0), (1, 5), (1, 6), (2, 1), (2, 3), (3, 5), (4, 5), (4, 6), (5, 7), (6, 0), (6, 7)], [(0, 1), (0, 6), (2, 1), (2, 3), (3, 0), (3, 5), (5, 1), (5, 4), (5, 7), (6, 1), (6, 4), (6, 7)], [(1, 0), (0, 2), (0, 3), (4, 0), (0, 5), (0, 6), (1, 2), (1, 5), (1, 6), (1, 7), (3, 2), (4, 2), (5, 2), (6, 2), (7, 2), (4, 3), (3, 5), (3, 6), (7, 3), (4, 5), (4, 6), (4, 7), (7, 5), (7, 6)], [(0, 1), (0, 3), (6, 0), (2, 1), (5, 1), (6, 1), (3, 2), (5, 3), (5, 4), (6, 4), (5, 7), (6, 7)], [(0, 1), (0, 4), (1, 6), (2, 1), (2, 6), (3, 0), (3, 2), (4, 6), (4, 7), (5, 0), (5, 1), (5, 3), (5, 4), (5, 7), (7, 6)]], [[(0, 2), (0, 4), (0, 7), (1, 0), (1, 2), (1, 4), (2, 4), (3, 0), (3, 2), (3, 4), (3, 7), (5, 0), (5, 3), (5, 4), (5, 7), (6, 3), (6, 7), (7, 2), (7, 4)], [(0, 7), (1, 0), (1, 4), (3, 4), (4, 7), (5, 3), (6, 7), (7, 2)], [(0, 1), (1, 4), (2, 7), (3, 4), (3, 5), (3, 6), (7, 0), (7, 4), (7, 6)], [(1, 0), (2, 0), (3, 0), (0, 4), (5, 0), (0, 6), (0, 7), (2, 1), (1, 4), (2, 4), (2, 7), (3, 4), (5, 3), (5, 4), (7, 4), (7, 6)], [(0, 1), (0, 7), (1, 4), (7, 2), (3, 4), (5, 3), (7, 4), (6, 7)], [(0, 1), (0, 3), (0, 6), (1, 3), (1, 4), (2, 3), (4, 3), (5, 3), (7, 0), (7, 2), (7, 3), (7, 4), (7, 6)]], [[(0, 2), (0, 7), (1, 0), (1, 2), (1, 7), (3, 7), (4, 0), (4, 6), (4, 7), (5, 0), (5, 1), (5, 2), (5, 6), (5, 7), (6, 0), (6, 1), (6, 7)], [(0, 1), (0, 2), (0, 7), (1, 2), (1, 6), (2, 5), (3, 7), (4, 6), (4, 7), (5, 6), (5, 7), (6, 7)], [(0, 6), (0, 7), (1, 0), (1, 2), (1, 6), (2, 0), (2, 5), (3, 7), (4, 6), (4, 7), (5, 6), (7, 5), (7, 6)], [(0, 1), (0, 2), (5, 0), (0, 6), (0, 7), (1, 2), (1, 4), (1, 6), (1, 7), (5, 2), (3, 4), (3, 7), (5, 4), (6, 4), (7, 4), (5, 6), (5, 7), (6, 7)], [(0, 1), (0, 2), (0, 7), (1, 2), (1, 6), (5, 2), (3, 7), (4, 6), (4, 7), (5, 6), (7, 5), (7, 6)], [(0, 6), (0, 7), (1, 2), (1, 6), (1, 7), (2, 0), (3, 7), (4, 6), (4, 7), (5, 0), (5, 2), (5, 6), (5, 7), (6, 7)]], [[(0, 6), (0, 7), (1, 0), (1, 6), (1, 7), (2, 0), (2, 1), (2, 4), (2, 5), (2, 6), (2, 7), (3, 0), (3, 1), (3, 5), (3, 6), (3, 7), (4, 1), (4, 6), (4, 7), (5, 0), (5, 1), (5, 4), (5, 6), (5, 7), (6, 7)], [(0, 4), (0, 6), (1, 4), (1, 6), (2, 4), (2, 6), (3, 0), (5, 1), (5, 3), (7, 1), (7, 6)], [(0, 3), (1, 4), (1, 6), (1, 7), (3, 5), (4, 0), (4, 2), (5, 2), (6, 0), (6, 3), (6, 7)], [(0, 2), (3, 0), (4, 0), (6, 0), (0, 7), (1, 2), (1, 3), (1, 4), (6, 1), (1, 7), (3, 2), (4, 2), (5, 2), (6, 2), (7, 2), (3, 5), (6, 3), (3, 7), (4, 5), (4, 7), (6, 5), (5, 7)], [(3, 0), (0, 4), (6, 0), (4, 1), (1, 5), (6, 1), (7, 1), (2, 4), (6, 2), (3, 5), (7, 6)], [(0, 3), (1, 3), (1, 5), (2, 0), (2, 3), (2, 5), (4, 1), (4, 2), (4, 3), (4, 5), (4, 6), (5, 0), (5, 3), (6, 1), (6, 2), (6, 3), (6, 5), (6, 7), (7, 1), (7, 3)]], [[(0, 2), (0, 4), (0, 5), (0, 6), (0, 7), (1, 3), (1, 4), (1, 5), (1, 7), (2, 1), (2, 3), (2, 4), (2, 6), (3, 4), (3, 6), (3, 7), (6, 4), (6, 5), (6, 7), (7, 4), (7, 5)], [(1, 4), (2, 3), (2, 4), (2, 6), (4, 3), (6, 3), (6, 5), (7, 0), (7, 4), (7, 6)], [(1, 4), (2, 0), (2, 4), (2, 6), (4, 3), (4, 7), (6, 3), (6, 5), (7, 0), (7, 6)], [(0, 1), (0, 2), (0, 3), (0, 4), (0, 6), (0, 7), (2, 1), (4, 1), (5, 1), (7, 1), (2, 4), (6, 2), (2, 7), (4, 3), (5, 3), (6, 3), (3, 7), (5, 4), (6, 4), (4, 7), (5, 6), (5, 7), (6, 7)], [(7, 0), (1, 4), (2, 3), (2, 4), (6, 2), (4, 3), (6, 3), (7, 4), (6, 5), (7, 6)], [(0, 2), (0, 3), (0, 4), (0, 7), (1, 2), (1, 4), (1, 7), (4, 2), (4, 3), (5, 6), (5, 7), (6, 2), (6, 3), (6, 4), (7, 3), (7, 6)]], [[(0, 1), (2, 0), (2, 1), (3, 0), (3, 1), (3, 4), (3, 5), (3, 6), (4, 0), (4, 1), (5, 4), (6, 0), (6, 4), (6, 5), (6, 7), (7, 0), (7, 1), (7, 5)], [(0, 7), (1, 0), (1, 3), (2, 0), (3, 5), (4, 3), (4, 5), (4, 6), (5, 7), (6, 0), (6, 3), (6, 7)], [(0, 1), (0, 2), (0, 6), (0, 7), (1, 3), (3, 4), (3, 5), (5, 4), (6, 3), (6, 4), (6, 7), (7, 5)], [(0, 1), (0, 2), (0, 6), (0, 7), (1, 2), (1, 3), (5, 1), (1, 7), (5, 2), (6, 2), (2, 7), (4, 3), (5, 3), (6, 3), (5, 4), (6, 4), (4, 7), (5, 6), (5, 7), (6, 7)], [(1, 0), (2, 0), (6, 0), (7, 0), (1, 3), (4, 3), (5, 3), (3, 6), (5, 4), (4, 6), (5, 7), (6, 7)], [(1, 0), (1, 3), (2, 0), (4, 3), (5, 3), (5, 4), (5, 6), (5, 7), (6, 0), (6, 1), (6, 3), (6, 4), (7, 0), (7, 1), (7, 4), (7, 6)]], [[(0, 2), (0, 3), (0, 4), (0, 5), (0, 6), (0, 7), (2, 6), (3, 1), (3, 4), (3, 6), (3, 7), (4, 2), (4, 6), (5, 1), (5, 2), (5, 4), (5, 7), (7, 1), (7, 2)], [(0, 6), (1, 5), (2, 0), (3, 4), (3, 6), (4, 5), (7, 1), (7, 2), (7, 3)], [(0, 6), (1, 5), (1, 7), (2, 0), (3, 4), (3, 6), (4, 0), (5, 4), (7, 2), (7, 3)], [(1, 0), (0, 2), (3, 0), (0, 4), (0, 6), (0, 7), (3, 1), (1, 4), (5, 1), (1, 7), (2, 4), (5, 2), (2, 6), (7, 2), (3, 4), (5, 3), (3, 6), (3, 7), (5, 4), (4, 6), (5, 7)], [(2, 0), (0, 6), (5, 1), (7, 1), (7, 2), (3, 4), (3, 6), (7, 3), (5, 4)], [(1, 5), (2, 0), (2, 1), (2, 5), (3, 0), (3, 1), (3, 4), (3, 6), (4, 1), (4, 5), (4, 6), (6, 0), (7, 0), (7, 1), (7, 2), (7, 3), (7, 4), (7, 5), (7, 6)]], [[(0, 1), (0, 3), (1, 3), (2, 0), (2, 1), (2, 4), (2, 5), (2, 6), (2, 7), (4, 0), (4, 1), (4, 3), (4, 5), (4, 7), (5, 0), (5, 1), (5, 3), (5, 6), (5, 7), (6, 0), (6, 1), (6, 3), (6, 7), (7, 3)], [(0, 4), (1, 3), (1, 5), (1, 6), (2, 5), (2, 6), (2, 7), (3, 5), (3, 7), (4, 2), (4, 5), (4, 7), (6, 3), (6, 7)], [(0, 3), (1, 3), (1, 5), (1, 6), (2, 4), (2, 5), (2, 6), (2, 7), (4, 0), (4, 5), (4, 7), (6, 3), (6, 7), (7, 3)], [(0, 1), (0, 2), (0, 4), (0, 6), (0, 7), (2, 1), (3, 1), (4, 1), (5, 1), (6, 1), (7, 1), (2, 3), (2, 4), (5, 2), (2, 6), (5, 3), (3, 6), (3, 7), (5, 4), (7, 4), (5, 6), (5, 7), (6, 7)], [(4, 0), (3, 1), (5, 1), (6, 1), (2, 4), (2, 5), (6, 2), (2, 7), (3, 5), (6, 3), (7, 3), (4, 5), (4, 7), (6, 7)], [(0, 1), (0, 5), (2, 1), (2, 3), (2, 5), (2, 6), (3, 1), (4, 0), (4, 1), (4, 2), (4, 5), (4, 6), (4, 7), (5, 1), (5, 3), (6, 1), (6, 5), (7, 1), (7, 2), (7, 3), (7, 5), (7, 6)]], [[(1, 0), (2, 0), (2, 1), (3, 0), (3, 2), (3, 4), (3, 5), (4, 0), (4, 1), (4, 7), (5, 0), (5, 7), (6, 1), (6, 2), (6, 5), (7, 0), (7, 1)], [(0, 1), (0, 3), (0, 4), (0, 5), (1, 6), (1, 7), (2, 0), (2, 6), (3, 4), (4, 1), (4, 7), (5, 7), (6, 5)], [(0, 1), (0, 2), (0, 3), (0, 4), (0, 5), (3, 4), (4, 1), (5, 6), (5, 7), (6, 1), (6, 2), (7, 1), (7, 4)], [(1, 0), (2, 0), (0, 3), (0, 4), (5, 0), (0, 7), (1, 3), (1, 4), (1, 5), (1, 6), (1, 7), (2, 3), (2, 4), (2, 5), (2, 6), (3, 4), (3, 6), (3, 7), (5, 4), (4, 7), (5, 6), (5, 7), (7, 6)], [(1, 0), (2, 0), (0, 3), (0, 4), (0, 5), (1, 4), (1, 6), (1, 7), (2, 6), (4, 3), (7, 4), (6, 5), (5, 7)], [(1, 0), (2, 0), (2, 1), (2, 5), (2, 6), (3, 0), (3, 2), (3, 4), (3, 6), (4, 0), (4, 1), (4, 7), (5, 0), (5, 6), (5, 7), (6, 1), (7, 0), (7, 1)]], [[(0, 1), (2, 1), (2, 3), (2, 5), (2, 7), (3, 0), (3, 1), (3, 4), (3, 6), (3, 7), (4, 0), (4, 1), (4, 6), (5, 0), (5, 1), (7, 0), (7, 5)], [(1, 0), (1, 2), (2, 7), (3, 2), (3, 4), (3, 6), (3, 7), (5, 0), (5, 2), (5, 7), (6, 4), (7, 0)], [(1, 0), (1, 2), (2, 7), (3, 2), (3, 7), (4, 3), (4, 6), (5, 0), (5, 2), (5, 7), (6, 3), (7, 0)], [(0, 1), (2, 0), (0, 4), (0, 5), (0, 7), (2, 1), (3, 1), (4, 1), (5, 1), (3, 2), (2, 4), (2, 5), (2, 7), (3, 4), (3, 6), (3, 7), (4, 6), (7, 5)], [(1, 0), (5, 0), (7, 0), (1, 2), (3, 2), (5, 2), (2, 7), (3, 4), (3, 6), (3, 7), (6, 4), (5, 7)], [(1, 0), (1, 2), (1, 7), (3, 0), (3, 2), (3, 4), (3, 6), (3, 7), (4, 0), (4, 6), (5, 0), (5, 2), (5, 7), (7, 0), (7, 2)]], [[(0, 1), (0, 4), (0, 6), (0, 7), (1, 5), (1, 6), (2, 4), (2, 5), (3, 2), (3, 4), (3, 5), (3, 7), (4, 6), (7, 2), (7, 4), (7, 5)], [(0, 4), (0, 7), (1, 0), (1, 5), (1, 6), (2, 3), (2, 5), (3, 4), (3, 7), (4, 6), (4, 7), (5, 7)], [(0, 1), (0, 2), (0, 4), (0, 7), (1, 5), (1, 6), (2, 5), (3, 2), (3, 4), (3, 7), (4, 6), (4, 7), (5, 7)], [(0, 1), (0, 2), (0, 4), (7, 0), (1, 2), (1, 4), (1, 5), (1, 6), (2, 3), (2, 4), (5, 2), (6, 2), (4, 3), (5, 3), (6, 3), (7, 3), (6, 4), (7, 4), (7, 5), (7, 6)], [(1, 0), (0, 4), (0, 7), (1, 5), (1, 6), (2, 3), (2, 5), (3, 4), (3, 7), (4, 6), (4, 7), (5, 7)], [(0, 1), (0, 4), (0, 6), (0, 7), (1, 5), (1, 6), (2, 4), (2, 5), (3, 2), (3, 4), (3, 5), (3, 7), (4, 6), (7, 2), (7, 4), (7, 5)]], [[(0, 3), (0, 6), (0, 7), (1, 3), (1, 4), (1, 6), (1, 7), (2, 3), (2, 6), (4, 2), (4, 6), (5, 2), (5, 4), (5, 6), (5, 7), (6, 3), (7, 4)], [(0, 6), (1, 6), (2, 4), (3, 6), (4, 7), (5, 3), (5, 4), (5, 6), (5, 7), (7, 1)], [(0, 6), (0, 7), (2, 4), (3, 4), (3, 6), (4, 7), (5, 3), (5, 4), (5, 6), (5, 7), (6, 1), (7, 1)], [(0, 3), (0, 6), (0, 7), (1, 3), (1, 4), (1, 6), (1, 7), (2, 3), (4, 2), (5, 2), (2, 6), (6, 3), (5, 4), (4, 6), (7, 4), (5, 6), (5, 7)], [(0, 6), (6, 1), (7, 1), (2, 4), (5, 3), (3, 6), (5, 4), (4, 7), (5, 6), (5, 7)], [(0, 5), (0, 6), (0, 7), (1, 4), (1, 6), (1, 7), (2, 1), (2, 4), (2, 5), (2, 6), (3, 4), (3, 6), (4, 5), (4, 6), (4, 7), (5, 7), (6, 5)]], [[(0, 1), (0, 7), (1, 2), (1, 3), (1, 7), (4, 3), (5, 3), (6, 3), (6, 4), (7, 3), (7, 5), (7, 6)], [(0, 1), (0, 7), (1, 7), (2, 1), (4, 3), (5, 3), (6, 4), (6, 7), (7, 3), (7, 5)], [(0, 1), (1, 2), (3, 4), (3, 5), (3, 7), (4, 6), (5, 7), (7, 0), (7, 1), (7, 6)], [(1, 0), (7, 0), (1, 2), (1, 5), (1, 7), (4, 3), (3, 5), (3, 6), (3, 7), (4, 5), (4, 6), (4, 7), (5, 6), (5, 7), (6, 7)], [(1, 0), (7, 0), (1, 2), (1, 7), (4, 3), (5, 3), (3, 7), (4, 6), (5, 7), (7, 6)], [(1, 0), (1, 3), (1, 7), (2, 1), (4, 3), (5, 3), (6, 3), (6, 4), (7, 0), (7, 3), (7, 5), (7, 6)]], [[(0, 4), (1, 0), (1, 2), (1, 4), (2, 0), (2, 3), (2, 5), (3, 0), (3, 4), (5, 0), (5, 4), (6, 0), (6, 5), (6, 7), (7, 3)], [(0, 5), (1, 2), (1, 4), (2, 3), (2, 5), (3, 0), (3, 4), (4, 0), (4, 5), (6, 5), (7, 3), (7, 6)], [(0, 3), (0, 4), (0, 5), (2, 1), (2, 3), (2, 5), (4, 1), (4, 3), (5, 4), (6, 5), (6, 7), (7, 3)], [(0, 2), (0, 3), (4, 0), (5, 0), (6, 0), (1, 2), (1, 3), (4, 1), (1, 5), (3, 2), (5, 2), (6, 2), (2, 7), (4, 3), (6, 3), (3, 7), (4, 5), (6, 5), (6, 7)], [(3, 0), (4, 0), (0, 5), (2, 1), (1, 4), (2, 3), (2, 5), (3, 4), (7, 3), (4, 5), (6, 5), (7, 6)], [(0, 4), (1, 0), (1, 4), (2, 0), (2, 1), (2, 3), (2, 5), (3, 0), (3, 4), (5, 0), (5, 4), (6, 0), (6, 5), (6, 7), (7, 3)]], [[(0, 2), (1, 3), (1, 4), (1, 7), (3, 2), (4, 0), (4, 3), (5, 0), (5, 6), (5, 7), (6, 4), (7, 0), (7, 2), (7, 4)], [(0, 1), (0, 5), (0, 7), (1, 3), (1, 4), (1, 7), (2, 7), (3, 2), (4, 3), (5, 7), (6, 4), (6, 5)], [(0, 2), (1, 7), (3, 1), (3, 2), (3, 4), (4, 0), (4, 1), (4, 6), (5, 0), (5, 7), (6, 5), (7, 0), (7, 2)], [(0, 1), (0, 2), (0, 4), (0, 5), (0, 6), (7, 0), (3, 1), (1, 4), (5, 1), (7, 1), (3, 2), (2, 6), (7, 2), (3, 4), (3, 5), (3, 6), (5, 4), (6, 4), (5, 6), (7, 5)], [(1, 0), (5, 0), (7, 0), (1, 3), (1, 4), (1, 7), (3, 2), (7, 2), (4, 3), (6, 4), (5, 6), (5, 7)], [(0, 2), (0, 7), (1, 0), (1, 3), (1, 4), (1, 6), (1, 7), (3, 2), (4, 0), (4, 3), (4, 6), (5, 0), (5, 4), (5, 6), (5, 7), (7, 2)]], [[(0, 4), (1, 0), (1, 4), (2, 1), (2, 6), (3, 0), (3, 1), (3, 4), (5, 4), (5, 6), (5, 7), (6, 0), (6, 3), (6, 4), (7, 3), (7, 4)], [(0, 4), (1, 0), (1, 3), (2, 6), (3, 0), (3, 7), (4, 7), (5, 6), (5, 7), (6, 3)], [(0, 1), (0, 3), (0, 4), (1, 2), (1, 3), (3, 6), (3, 7), (6, 2), (6, 5), (7, 4), (7, 5)], [(1, 0), (0, 3), (0, 4), (0, 5), (6, 0), (1, 3), (1, 4), (1, 6), (2, 3), (2, 5), (2, 6), (2, 7), (3, 4), (3, 5), (6, 3), (3, 7), (5, 4), (6, 4), (7, 4), (6, 5), (7, 5)], [(0, 1), (3, 0), (0, 4), (3, 1), (2, 6), (6, 3), (7, 3), (7, 4), (5, 6), (7, 5)], [(1, 0), (2, 1), (2, 6), (3, 1), (3, 4), (4, 0), (5, 0), (5, 4), (5, 6), (5, 7), (6, 0), (6, 3), (6, 4), (7, 0), (7, 3), (7, 4)]], [[(0, 1), (0, 3), (0, 4), (0, 6), (1, 2), (1, 3), (1, 4), (1, 5), (1, 6), (2, 6), (3, 2), (3, 4), (4, 2), (4, 5), (5, 2), (7, 1), (7, 3)], [(1, 0), (1, 2), (1, 7), (2, 5), (2, 6), (3, 2), (3, 7), (4, 0), (4, 5), (6, 0), (6, 4)], [(1, 0), (1, 2), (1, 7), (2, 6), (3, 2), (4, 0), (5, 2), (6, 0), (6, 4), (7, 3)], [(0, 1), (2, 0), (0, 4), (5, 0), (0, 6), (2, 1), (3, 1), (1, 4), (5, 1), (1, 6), (1, 7), (3, 2), (2, 4), (5, 2), (2, 6), (3, 4), (5, 3), (3, 7)], [(1, 0), (4, 0), (6, 0), (1, 2), (7, 1), (3, 2), (5, 2), (2, 6), (7, 3), (5, 4), (6, 4)], [(0, 4), (1, 0), (1, 4), (1, 5), (1, 7), (2, 1), (2, 4), (2, 5), (3, 2), (3, 4), (3, 5), (3, 6), (3, 7), (6, 0), (6, 2)]], [[(1, 0), (1, 2), (1, 3), (1, 7), (4, 7), (5, 2), (5, 4), (5, 7), (6, 0), (6, 2), (6, 3), (6, 4), (7, 2)], [(0, 1), (0, 6), (1, 2), (1, 3), (1, 7), (2, 5), (2, 7), (3, 6), (4, 5), (4, 6), (4, 7)], [(1, 0), (1, 3), (2, 1), (2, 4), (2, 5), (2, 7), (4, 5), (4, 7), (6, 0), (6, 3), (7, 1)], [(1, 0), (6, 0), (1, 2), (1, 3), (1, 7), (5, 2), (6, 2), (7, 2), (6, 3), (5, 4), (6, 4), (4, 7), (5, 7)], [(0, 1), (0, 6), (1, 2), (3, 1), (1, 7), (5, 2), (2, 7), (3, 6), (5, 4), (6, 4), (4, 7)], [(0, 1), (0, 6), (1, 2), (1, 3), (1, 7), (4, 7), (5, 2), (5, 4), (5, 7), (6, 1), (6, 2), (6, 3), (6, 4), (7, 2)]], [[(0, 3), (0, 4), (0, 6), (1, 5), (1, 7), (2, 1), (2, 3), (2, 4), (2, 6), (3, 1), (3, 5), (3, 6), (4, 1), (4, 7), (5, 7), (6, 4)], [(0, 3), (0, 4), (1, 4), (1, 5), (2, 3), (2, 4), (3, 5), (5, 7), (6, 0), (6, 4), (7, 4)], [(0, 3), (0, 4), (0, 6), (1, 5), (2, 3), (2, 4), (3, 5), (4, 1), (4, 6), (4, 7), (5, 7)], [(0, 2), (3, 0), (4, 0), (0, 6), (1, 2), (1, 4), (1, 5), (1, 7), (3, 2), (4, 2), (2, 6), (3, 4), (3, 5), (3, 6), (4, 6), (4, 7), (5, 7)], [(0, 3), (4, 0), (0, 6), (1, 4), (1, 5), (2, 3), (2, 4), (3, 5), (4, 6), (4, 7), (5, 7)], [(1, 2), (1, 4), (1, 5), (1, 7), (2, 0), (3, 0), (4, 0), (4, 2), (4, 3), (4, 6), (4, 7), (5, 3), (6, 0), (7, 5)]], [[(0, 2), (0, 3), (0, 7), (1, 0), (1, 2), (1, 3), (1, 5), (1, 7), (2, 7), (3, 2), (4, 0), (4, 2), (4, 6), (4, 7), (5, 0), (5, 2), (5, 3), (5, 4), (5, 6), (5, 7), (6, 0), (6, 2), (6, 3), (6, 7)], [(0, 6), (1, 3), (1, 5), (3, 0), (3, 2), (3, 7), (4, 5), (5, 6), (5, 7)], [(0, 3), (0, 6), (3, 2), (3, 7), (4, 5), (5, 1), (6, 5), (7, 5)], [(3, 0), (0, 5), (0, 6), (0, 7), (3, 1), (1, 4), (1, 5), (1, 6), (1, 7), (3, 2), (2, 4), (2, 5), (2, 7), (3, 4), (3, 5), (3, 6), (4, 5), (4, 7), (6, 5), (5, 7), (6, 7)], [(3, 0), (0, 6), (1, 3), (5, 1), (3, 2), (7, 3), (5, 4), (5, 6), (7, 5)], [(0, 1), (0, 3), (0, 5), (0, 6), (1, 3), (1, 4), (1, 5), (1, 6), (2, 4), (2, 5), (3, 2), (3, 4), (3, 5), (3, 6), (3, 7), (4, 5), (6, 5), (7, 5)]], [[(0, 1), (0, 5), (1, 5), (2, 0), (2, 1), (2, 3), (2, 6), (2, 7), (3, 0), (4, 0), (4, 1), (4, 3), (4, 6), (6, 0), (6, 1), (6, 5), (7, 1), (7, 4), (7, 6)], [(0, 3), (0, 5), (1, 5), (2, 3), (4, 1), (4, 3), (6, 0), (6, 4), (6, 5), (7, 2), (7, 4), (7, 6)], [(0, 3), (0, 5), (0, 6), (1, 5), (2, 1), (4, 1), (4, 3), (6, 4), (6, 5), (6, 7), (7, 2), (7, 4)], [(1, 0), (0, 2), (0, 3), (0, 5), (0, 6), (1, 2), (1, 3), (4, 1), (1, 5), (1, 7), (3, 2), (4, 2), (6, 2), (2, 7), (4, 3), (3, 6), (4, 6), (4, 7), (6, 5), (6, 7)], [(0, 3), (0, 5), (0, 6), (4, 1), (1, 5), (2, 3), (2, 7), (3, 4), (4, 6), (4, 7), (6, 5), (6, 7)], [(0, 5), (1, 0), (1, 3), (1, 4), (1, 5), (2, 0), (2, 1), (2, 4), (2, 6), (2, 7), (3, 0), (4, 0), (4, 3), (4, 6), (6, 0), (6, 5), (7, 1), (7, 4), (7, 6)]], [[(0, 1), (0, 3), (0, 5), (0, 6), (3, 1), (3, 2), (3, 6), (3, 7), (4, 1), (4, 7), (5, 2), (7, 2), (7, 5), (7, 6)], [(0, 1), (0, 3), (0, 5), (1, 3), (2, 3), (2, 5), (4, 1), (6, 3), (7, 2), (7, 4)], [(0, 1), (0, 3), (0, 5), (2, 3), (2, 5), (2, 6), (2, 7), (3, 1), (3, 6), (4, 1), (7, 4), (7, 6)], [(0, 1), (3, 0), (0, 5), (0, 6), (3, 1), (4, 1), (3, 2), (5, 2), (7, 2), (3, 6), (3, 7), (4, 7), (7, 5), (7, 6)], [(0, 1), (0, 3), (0, 5), (3, 1), (4, 1), (2, 3), (2, 5), (7, 2), (3, 6), (7, 4)], [(0, 1), (0, 3), (0, 5), (0, 7), (3, 1), (3, 2), (4, 1), (4, 7), (5, 2), (6, 0), (6, 3), (6, 7), (7, 2), (7, 3), (7, 5)]], [[(0, 5), (0, 6), (0, 7), (1, 2), (1, 5), (1, 7), (2, 0), (2, 5), (2, 6), (3, 0), (3, 1), (3, 6), (3, 7), (4, 0), (4, 1), (4, 7), (5, 6), (5, 7), (7, 6)], [(0, 2), (0, 4), (1, 4), (1, 7), (2, 6), (3, 0), (3, 7), (6, 5), (6, 7), (7, 5)], [(1, 4), (2, 0), (2, 5), (2, 6), (3, 0), (3, 7), (4, 0), (5, 6), (7, 1), (7, 5), (7, 6)], [(2, 0), (3, 0), (4, 0), (0, 5), (0, 6), (0, 7), (2, 1), (3, 1), (1, 4), (1, 5), (1, 7), (2, 5), (2, 6), (2, 7), (3, 4), (3, 5), (3, 6), (4, 5), (4, 7), (5, 6), (7, 5), (7, 6)], [(2, 0), (3, 0), (4, 0), (1, 4), (7, 1), (2, 6), (7, 3), (6, 5), (7, 5), (7, 6)], [(0, 2), (1, 0), (3, 0), (3, 2), (3, 7), (4, 0), (4, 1), (4, 2), (4, 7), (5, 0), (6, 2), (6, 3), (6, 5), (6, 7), (7, 0), (7, 1), (7, 5)]], [[(0, 3), (0, 4), (0, 6), (0, 7), (2, 1), (2, 7), (3, 1), (4, 1), (4, 3), (4, 5), (4, 6), (4, 7), (5, 1), (5, 3), (5, 7), (6, 1), (6, 3), (6, 5), (6, 7), (7, 1), (7, 3)], [(1, 3), (1, 7), (2, 7), (3, 5), (4, 0), (4, 5), (6, 0), (6, 4), (6, 5), (7, 3), (7, 5)], [(0, 4), (0, 6), (1, 3), (1, 7), (3, 5), (3, 7), (4, 5), (6, 4), (6, 5), (7, 2), (7, 5)], [(2, 0), (3, 0), (4, 0), (5, 0), (0, 6), (1, 2), (3, 1), (1, 5), (1, 6), (1, 7), (3, 2), (4, 2), (5, 2), (2, 6), (7, 2), (4, 3), (3, 6), (3, 7), (4, 5), (4, 7), (5, 6), (7, 5), (7, 6)], [(4, 0), (6, 0), (1, 3), (7, 1), (2, 7), (5, 3), (7, 3), (5, 4), (6, 4), (5, 6), (5, 7)], [(0, 3), (0, 7), (1, 7), (2, 3), (2, 7), (3, 1), (3, 7), (4, 0), (4, 5), (4, 7), (5, 3), (5, 7), (6, 0), (6, 3), (6, 4), (6, 5), (6, 7)]], [[(0, 3), (0, 7), (1, 0), (1, 2), (1, 3), (1, 4), (1, 5), (1, 7), (2, 3), (2, 7), (4, 2), (4, 5), (4, 6), (4, 7), (5, 0), (5, 2), (5, 3), (5, 7), (6, 0), (6, 3), (6, 5), (6, 7), (7, 3)], [(0, 3), (0, 5), (0, 7), (1, 3), (1, 5), (2, 5), (4, 1), (4, 5), (6, 3), (6, 4), (6, 7)], [(1, 2), (1, 3), (1, 4), (1, 5), (3, 0), (4, 5), (4, 6), (5, 0), (5, 2), (6, 3), (6, 7), (7, 0)], [(3, 0), (5, 0), (6, 0), (7, 0), (1, 2), (1, 3), (4, 1), (1, 5), (1, 7), (3, 2), (4, 2), (5, 2), (7, 2), (5, 3), (6, 3), (4, 5), (6, 4), (4, 7), (6, 5), (7, 5), (6, 7)], [(0, 3), (0, 5), (0, 7), (1, 3), (4, 1), (1, 5), (5, 2), (3, 6), (4, 5), (4, 6), (6, 7)], [(0, 6), (2, 1), (3, 0), (3, 1), (3, 6), (4, 0), (4, 1), (4, 3), (4, 6), (5, 0), (5, 1), (5, 2), (5, 4), (5, 6), (5, 7), (7, 0), (7, 1), (7, 4), (7, 6)]], [[(0, 4), (0, 5), (0, 7), (1, 2), (1, 3), (3, 2), (3, 4), (3, 5), (3, 6), (4, 2), (5, 4), (5, 7), (6, 4), (6, 5), (7, 4)], [(0, 4), (0, 7), (3, 1), (3, 5), (4, 2), (4, 5), (5, 7), (6, 5)], [(2, 1), (2, 4), (3, 1), (4, 0), (4, 5), (4, 7), (5, 3), (5, 6), (5, 7), (7, 0)], [(0, 4), (0, 5), (0, 7), (2, 1), (3, 1), (4, 1), (4, 2), (3, 4), (3, 5), (6, 3), (5, 4), (6, 4), (7, 4), (6, 5), (5, 7)], [(4, 0), (7, 0), (3, 1), (4, 2), (5, 3), (5, 4), (5, 6), (7, 5)], [(0, 4), (0, 7), (1, 2), (3, 1), (3, 2), (3, 4), (3, 5), (4, 2), (4, 5), (4, 7), (5, 7), (6, 3), (6, 4), (6, 5)]], [[(0, 3), (0, 7), (1, 0), (1, 2), (1, 3), (1, 6), (1, 7), (2, 5), (3, 5), (4, 0), (4, 6), (4, 7), (6, 2), (6, 3), (6, 7), (7, 2), (7, 3), (7, 5)], [(0, 4), (1, 2), (1, 7), (2, 5), (2, 6), (2, 7), (3, 5), (3, 6), (3, 7), (4, 7)], [(0, 1), (0, 4), (1, 2), (1, 7), (2, 5), (3, 5), (6, 2), (6, 3), (7, 2), (7, 3), (7, 4)], [(0, 2), (3, 0), (4, 0), (0, 6), (0, 7), (2, 1), (4, 1), (1, 6), (7, 1), (4, 2), (2, 5), (2, 6), (2, 7), (4, 3), (3, 5), (3, 6), (3, 7), (4, 7), (7, 5), (7, 6)], [(0, 4), (2, 1), (7, 1), (5, 2), (2, 6), (2, 7), (5, 3), (3, 6), (3, 7), (7, 4)], [(0, 1), (0, 4), (1, 2), (1, 4), (1, 7), (3, 0), (3, 2), (3, 7), (5, 0), (5, 1), (5, 2), (5, 3), (6, 0), (6, 2), (6, 3), (7, 2), (7, 4)]], [[(0, 2), (0, 3), (0, 4), (0, 5), (1, 3), (1, 4), (1, 5), (1, 6), (2, 1), (2, 3), (2, 6), (5, 3), (6, 3), (6, 5), (7, 1), (7, 3), (7, 4), (7, 5)], [(0, 3), (0, 4), (1, 2), (1, 4), (2, 0), (2, 6), (3, 4), (3, 5), (5, 6), (7, 1), (7, 5)], [(0, 2), (0, 3), (0, 4), (2, 1), (2, 6), (3, 4), (3, 5), (4, 1), (5, 7), (6, 5), (6, 7), (7, 1)], [(0, 1), (2, 0), (0, 3), (0, 4), (0, 5), (2, 1), (3, 1), (1, 4), (5, 1), (2, 5), (6, 2), (3, 5), (7, 3), (7, 4), (6, 5), (7, 5), (7, 6)], [(2, 0), (0, 3), (0, 4), (2, 1), (4, 1), (7, 1), (6, 2), (3, 4), (3, 5), (6, 5), (5, 7)], [(0, 3), (0, 4), (0, 5), (1, 2), (1, 3), (1, 4), (1, 5), (1, 7), (2, 0), (2, 3), (2, 7), (5, 3), (6, 2), (6, 3), (6, 5), (7, 3), (7, 4), (7, 5)]], [[(0, 1), (0, 2), (0, 3), (0, 5), (0, 6), (1, 2), (1, 3), (1, 5), (1, 6), (1, 7), (2, 6), (2, 7), (3, 2), (3, 5), (3, 6), (3, 7), (4, 1), (4, 3), (4, 5), (4, 6), (5, 7), (6, 5), (6, 7)], [(0, 5), (1, 2), (1, 3), (2, 5), (3, 4), (4, 5), (6, 0), (6, 1), (6, 3), (7, 1), (7, 5)], [(0, 5), (1, 2), (1, 3), (1, 6), (1, 7), (2, 5), (4, 3), (4, 5), (4, 6), (6, 0), (7, 5)], [(1, 0), (0, 2), (3, 0), (0, 4), (0, 5), (0, 6), (1, 2), (3, 1), (1, 5), (1, 6), (7, 1), (3, 2), (4, 2), (6, 2), (7, 2), (3, 4), (3, 5), (3, 6), (7, 3), (5, 4), (6, 4), (6, 5), (7, 5), (7, 6)], [(5, 0), (6, 0), (2, 1), (3, 1), (1, 6), (7, 1), (5, 2), (3, 4), (3, 6), (5, 4), (7, 5)], [(0, 1), (0, 2), (0, 3), (0, 5), (0, 6), (0, 7), (2, 1), (2, 3), (2, 5), (2, 6), (3, 1), (3, 6), (4, 3), (4, 5), (4, 6), (5, 1), (5, 6), (5, 7), (6, 1), (7, 1)]], [[(0, 3), (1, 0), (1, 2), (1, 3), (2, 0), (2, 3), (4, 1), (4, 2), (5, 0), (5, 2), (5, 3), (6, 0), (6, 1), (6, 2), (6, 3), (6, 7), (7, 1), (7, 2), (7, 3)], [(0, 2), (0, 3), (0, 6), (1, 2), (1, 3), (2, 5), (2, 7), (3, 5), (3, 6), (4, 2), (6, 7)], [(0, 2), (0, 3), (0, 6), (1, 2), (1, 3), (2, 4), (2, 7), (3, 5), (3, 6), (5, 2), (7, 6)], [(2, 0), (3, 0), (5, 0), (7, 0), (1, 2), (1, 3), (3, 2), (2, 4), (5, 2), (2, 6), (2, 7), (5, 3), (3, 6), (3, 7), (5, 4), (7, 4), (5, 6), (7, 6)], [(0, 2), (0, 3), (0, 6), (1, 2), (1, 3), (2, 4), (5, 2), (2, 7), (3, 5), (3, 6), (7, 6)], [(0, 3), (2, 0), (2, 1), (3, 1), (4, 2), (5, 2), (5, 3), (6, 0), (6, 3), (7, 2), (7, 3), (7, 6)]], [[(0, 2), (0, 3), (0, 5), (0, 7), (1, 3), (1, 4), (1, 5), (1, 7), (2, 5), (2, 6), (2, 7), (3, 2), (3, 4), (3, 7), (5, 4), (6, 7), (7, 5)], [(0, 2), (0, 5), (1, 3), (1, 4), (2, 3), (2, 6), (3, 4), (3, 7), (4, 5), (5, 7)], [(0, 2), (1, 3), (1, 4), (2, 6), (2, 7), (3, 2), (3, 4), (3, 7), (5, 0), (5, 4), (5, 7), (7, 6)], [(0, 1), (2, 0), (0, 3), (0, 5), (3, 1), (4, 1), (5, 1), (6, 1), (2, 3), (4, 2), (6, 2), (2, 7), (4, 3), (3, 5), (6, 3), (3, 7), (4, 5), (6, 4), (6, 5), (5, 7), (6, 7)], [(0, 2), (5, 0), (3, 1), (4, 1), (3, 2), (2, 6), (3, 4), (3, 7), (5, 4), (5, 7)], [(0, 2), (0, 3), (0, 5), (1, 3), (1, 4), (1, 5), (2, 6), (2, 7), (3, 2), (3, 4), (3, 5), (3, 7), (5, 4), (5, 7), (6, 5), (6, 7)]], [[(0, 3), (0, 4), (0, 5), (0, 6), (0, 7), (1, 3), (1, 6), (1, 7), (2, 7), (3, 7), (4, 2), (4, 3), (5, 2), (5, 3), (5, 4), (5, 6), (6, 2), (6, 3), (6, 4)], [(0, 3), (0, 4), (0, 5), (0, 7), (1, 6), (1, 7), (2, 4), (2, 5), (2, 6), (3, 5), (3, 6), (3, 7), (4, 6)], [(0, 4), (0, 5), (0, 7), (1, 6), (1, 7), (2, 4), (2, 5), (2, 6), (3, 7), (5, 3), (6, 3), (6, 4)], [(0, 3), (0, 4), (0, 5), (0, 7), (1, 5), (6, 1), (1, 7), (4, 2), (5, 2), (6, 2), (4, 3), (3, 5), (6, 3), (3, 7), (4, 5), (6, 4), (4, 7), (6, 5), (6, 7)], [(0, 3), (0, 4), (0, 5), (0, 7), (6, 1), (1, 7), (2, 4), (2, 5), (2, 6), (3, 5), (3, 6), (3, 7), (4, 6)], [(0, 2), (0, 4), (0, 5), (0, 7), (1, 3), (1, 6), (1, 7), (2, 4), (4, 3), (5, 2), (5, 3), (6, 3), (6, 4), (6, 5), (7, 3), (7, 5)]], [[(0, 1), (0, 5), (2, 4), (3, 1), (3, 2), (3, 4), (3, 5), (3, 7), (4, 0), (4, 1), (4, 5), (4, 7), (5, 1), (6, 0), (6, 1), (6, 2), (6, 5), (6, 7), (7, 0), (7, 1)], [(0, 1), (0, 4), (1, 7), (3, 2), (3, 7), (4, 2), (5, 0), (5, 3), (6, 2), (6, 7)], [(0, 1), (0, 4), (0, 5), (2, 3), (2, 6), (3, 5), (3, 7), (4, 2), (7, 1), (7, 6)], [(1, 0), (0, 2), (3, 0), (0, 4), (5, 0), (0, 6), (0, 7), (3, 1), (1, 4), (1, 6), (1, 7), (3, 2), (2, 4), (2, 6), (3, 4), (5, 3), (3, 6), (3, 7), (7, 4), (5, 6), (5, 7), (6, 7)], [(0, 1), (4, 0), (0, 5), (7, 1), (3, 2), (2, 4), (6, 2), (3, 5), (3, 7), (6, 7)], [(0, 1), (0, 6), (1, 3), (1, 6), (3, 2), (3, 6), (4, 0), (4, 2), (4, 3), (4, 6), (5, 0), (5, 1), (5, 3), (5, 4), (5, 7), (6, 2), (7, 0), (7, 1), (7, 3), (7, 6)]], [[(0, 3), (1, 0), (1, 3), (1, 4), (1, 5), (1, 6), (2, 1), (2, 4), (2, 6), (4, 0), (4, 3), (4, 5), (4, 6), (5, 0), (5, 3), (6, 5), (7, 1), (7, 4), (7, 5), (7, 6)], [(0, 1), (0, 2), (0, 4), (1, 3), (1, 6), (1, 7), (2, 6), (3, 4), (3, 5), (4, 2), (5, 6), (5, 7)], [(0, 1), (0, 4), (1, 3), (1, 6), (2, 0), (2, 4), (2, 6), (3, 4), (5, 3), (6, 5), (7, 1), (7, 4), (7, 5)], [(1, 0), (0, 4), (1, 2), (1, 3), (1, 4), (6, 1), (1, 7), (4, 2), (6, 2), (7, 2), (3, 4), (5, 3), (5, 4), (4, 7), (6, 5), (5, 7)], [(0, 1), (0, 2), (4, 0), (1, 3), (1, 6), (7, 1), (4, 2), (6, 2), (4, 3), (3, 5), (5, 6), (7, 5)], [(0, 4), (1, 0), (1, 2), (1, 4), (1, 6), (1, 7), (3, 1), (3, 4), (3, 5), (4, 2), (4, 7), (5, 4), (5, 6), (5, 7), (6, 2)]], [[(1, 0), (2, 3), (2, 4), (2, 5), (3, 1), (3, 4), (4, 0), (4, 1), (5, 0), (5, 1), (5, 3), (5, 6), (5, 7), (6, 0), (6, 3), (6, 4), (6, 7), (7, 1), (7, 3), (7, 4)], [(0, 4), (0, 7), (1, 6), (1, 7), (2, 4), (2, 5), (3, 7), (4, 3), (5, 3), (5, 6), (6, 7)], [(0, 5), (1, 6), (1, 7), (3, 4), (3, 5), (3, 7), (4, 0), (4, 2), (5, 2), (5, 6), (7, 0), (7, 6)], [(1, 0), (3, 0), (4, 0), (5, 0), (0, 6), (0, 7), (1, 3), (1, 5), (1, 7), (2, 3), (2, 4), (2, 5), (2, 6), (2, 7), (4, 3), (5, 3), (3, 6), (3, 7), (4, 6), (5, 6), (7, 6)], [(4, 0), (7, 0), (6, 1), (7, 1), (4, 2), (5, 2), (3, 4), (5, 3), (7, 3), (6, 5), (7, 6)], [(1, 0), (1, 7), (2, 1), (2, 4), (2, 5), (2, 7), (3, 6), (3, 7), (4, 0), (4, 3), (4, 6), (4, 7), (5, 0), (5, 3), (5, 6), (5, 7), (6, 0), (6, 1), (6, 7)]], [[(0, 3), (0, 5), (0, 6), (0, 7), (1, 2), (1, 3), (1, 5), (2, 3), (2, 4), (2, 6), (3, 6), (4, 3), (4, 6), (5, 2), (5, 3), (5, 4), (5, 6), (5, 7), (7, 2)], [(0, 3), (1, 5), (2, 1), (4, 2), (4, 3), (4, 5), (5, 3), (6, 0), (6, 2), (7, 1), (7, 5)], [(0, 3), (0, 6), (1, 2), (1, 4), (1, 5), (2, 6), (3, 4), (3, 5), (4, 2), (5, 4), (5, 7)], [(0, 1), (0, 3), (0, 4), (6, 0), (0, 7), (2, 1), (3, 1), (5, 1), (3, 2), (2, 4), (5, 2), (6, 2), (2, 7), (3, 4), (3, 5), (5, 4), (6, 4), (6, 5), (5, 7)], [(0, 3), (0, 6), (2, 1), (1, 5), (1, 7), (4, 2), (2, 6), (4, 3), (3, 5), (4, 5), (5, 7)], [(0, 1), (0, 3), (0, 6), (0, 7), (2, 1), (2, 3), (2, 4), (2, 5), (2, 6), (2, 7), (4, 3), (4, 5), (5, 1), (5, 3), (6, 3), (7, 4), (7, 5)]], [[(0, 1), (0, 3), (0, 4), (0, 5), (0, 6), (1, 4), (1, 6), (2, 1), (2, 6), (3, 4), (3, 6), (5, 4), (5, 6), (6, 4)], [(0, 1), (1, 6), (2, 1), (2, 6), (3, 6), (4, 0), (4, 1), (5, 6)], [(0, 1), (0, 3), (0, 4), (0, 5), (2, 1), (2, 6), (3, 6), (4, 1), (5, 6), (6, 1)], [(0, 1), (0, 4), (0, 6), (2, 1), (1, 3), (4, 1), (1, 5), (6, 1), (2, 3), (2, 5), (2, 6), (3, 5), (6, 3), (4, 5), (6, 5)], [(0, 1), (4, 0), (2, 1), (4, 1), (6, 1), (2, 6), (3, 6), (5, 6)], [(0, 1), (0, 3), (0, 4), (0, 5), (0, 6), (1, 6), (2, 1), (2, 6), (3, 6), (4, 1), (4, 6), (5, 6)]], [[(0, 4), (0, 5), (1, 0), (2, 0), (2, 1), (2, 4), (2, 5), (3, 0), (3, 1), (3, 7), (4, 5), (6, 0), (6, 1), (6, 2), (6, 7), (7, 1), (7, 2), (7, 5)], [(0, 2), (0, 5), (1, 6), (1, 7), (2, 4), (2, 6), (2, 7), (3, 0), (3, 1), (4, 5), (5, 7), (7, 6)], [(0, 2), (0, 3), (0, 5), (2, 4), (2, 7), (3, 1), (5, 4), (6, 1), (6, 2), (6, 7), (7, 1), (7, 5)], [(2, 0), (3, 0), (0, 4), (0, 5), (0, 6), (3, 1), (1, 6), (1, 7), (2, 4), (2, 5), (2, 6), (2, 7), (3, 7), (4, 5), (7, 5)], [(0, 2), (0, 3), (5, 0), (3, 1), (6, 1), (1, 7), (4, 2), (2, 6), (2, 7), (5, 4), (5, 7), (6, 7)], [(0, 4), (0, 5), (0, 6), (1, 6), (1, 7), (2, 0), (2, 4), (2, 5), (2, 6), (2, 7), (3, 0), (3, 1), (3, 7), (4, 5), (7, 5)]], [[(0, 3), (0, 4), (0, 5), (0, 6), (1, 3), (1, 5), (1, 6), (1, 7), (2, 3), (2, 5), (2, 6), (2, 7), (3, 5), (3, 6), (3, 7), (4, 6), (4, 7), (5, 6), (7, 5)], [(0, 4), (0, 5), (1, 3), (1, 5), (2, 3), (2, 5), (3, 7), (4, 6), (4, 7), (5, 6), (7, 5)], [(0, 4), (0, 5), (0, 7), (1, 3), (1, 5), (2, 3), (2, 5), (3, 7), (4, 6), (4, 7), (5, 6), (7, 5)], [(0, 1), (0, 4), (5, 0), (2, 1), (3, 1), (4, 1), (5, 1), (6, 1), (3, 2), (4, 2), (5, 2), (7, 2), (3, 4), (3, 6), (7, 3), (5, 4), (6, 4), (7, 4), (6, 5), (7, 5)], [(4, 0), (0, 5), (1, 3), (1, 5), (2, 3), (2, 5), (3, 7), (4, 6), (4, 7), (5, 6), (7, 5)], [(0, 3), (0, 4), (0, 6), (1, 3), (1, 5), (1, 6), (1, 7), (2, 3), (2, 7), (4, 3), (4, 5), (4, 6), (4, 7), (6, 5), (6, 7), (7, 3), (7, 5)]], [[(0, 1), (0, 4), (0, 7), (1, 3), (1, 4), (1, 6), (2, 0), (2, 1), (2, 3), (2, 4), (2, 7), (3, 4), (3, 6), (5, 0), (5, 4), (5, 7), (7, 6)], [(0, 1), (2, 4), (3, 1), (4, 0), (4, 3), (5, 0), (6, 7), (7, 0), (7, 2)], [(0, 1), (0, 4), (1, 3), (2, 4), (2, 7), (3, 4), (5, 0), (5, 4), (7, 0), (7, 6)], [(0, 1), (0, 2), (0, 3), (0, 4), (5, 0), (0, 7), (2, 1), (3, 1), (4, 1), (1, 6), (2, 3), (2, 4), (2, 7), (3, 4), (3, 6), (5, 4), (5, 7), (7, 6)], [(0, 1), (0, 4), (5, 0), (7, 0), (1, 3), (2, 4), (7, 2), (3, 4), (7, 6)], [(0, 4), (0, 5), (1, 0), (1, 2), (1, 3), (1, 4), (1, 7), (3, 4), (3, 7), (4, 2), (5, 2), (6, 7), (7, 0), (7, 2), (7, 4), (7, 5)]], [[(0, 1), (0, 2), (0, 4), (0, 5), (0, 7), (1, 3), (1, 4), (1, 5), (1, 6), (2, 6), (2, 7), (3, 5), (5, 2), (5, 7), (6, 4)], [(0, 1), (0, 5), (0, 7), (1, 6), (2, 3), (2, 5), (2, 6), (3, 5), (3, 7), (4, 6)], [(0, 1), (0, 5), (0, 7), (1, 6), (2, 6), (3, 5), (5, 2), (6, 4)], [(1, 0), (0, 2), (0, 3), (0, 4), (0, 5), (0, 7), (1, 2), (1, 3), (1, 4), (1, 5), (6, 1), (5, 2), (6, 2), (7, 2), (5, 3), (6, 4), (4, 7), (6, 5), (5, 7)], [(0, 1), (0, 5), (0, 7), (1, 6), (3, 2), (2, 5), (2, 6), (3, 5), (3, 7), (6, 4)], [(0, 1), (0, 3), (0, 4), (0, 5), (0, 6), (0, 7), (1, 3), (1, 6), (2, 4), (2, 5), (2, 6), (4, 6), (5, 3), (7, 5)]], [[(0, 5), (1, 2), (2, 0), (2, 7), (3, 0), (3, 4), (4, 0), (4, 1), (4, 2), (4, 5), (4, 7), (6, 1), (6, 2), (6, 7), (7, 5)], [(0, 3), (0, 5), (2, 0), (2, 1), (2, 6), (4, 2), (4, 3), (4, 7), (5, 7), (6, 1), (6, 7)], [(0, 2), (0, 3), (0, 4), (0, 5), (2, 1), (2, 4), (2, 6), (3, 4), (4, 7), (6, 1), (7, 5), (7, 6)], [(2, 0), (3, 0), (4, 0), (0, 5), (2, 1), (1, 6), (4, 2), (2, 6), (2, 7), (4, 3), (4, 5), (4, 6), (4, 7), (7, 5), (6, 7)], [(2, 0), (0, 3), (0, 5), (2, 1), (6, 1), (4, 2), (6, 2), (4, 3), (4, 7), (5, 7), (6, 7)], [(0, 5), (2, 0), (2, 1), (2, 6), (3, 0), (4, 0), (4, 1), (4, 2), (4, 3), (4, 5), (4, 6), (4, 7), (6, 1), (7, 5), (7, 6)]], [[(0, 5), (1, 2), (1, 3), (2, 3), (4, 1), (5, 1), (6, 0), (6, 1), (6, 4), (6, 5), (7, 0), (7, 1), (7, 2), (7, 3), (7, 4), (7, 5)], [(0, 6), (0, 7), (1, 6), (1, 7), (2, 1), (2, 7), (3, 1), (3, 6), (4, 6), (4, 7), (5, 0), (5, 1), (5, 7)], [(0, 7), (1, 2), (1, 3), (1, 5), (1, 6), (1, 7), (3, 6), (4, 6), (4, 7), (5, 0), (6, 0), (7, 2)], [(0, 2), (0, 3), (4, 0), (0, 5), (0, 7), (2, 1), (3, 1), (4, 1), (1, 5), (1, 6), (1, 7), (3, 2), (2, 7), (3, 7), (4, 5), (4, 6), (4, 7), (6, 5), (7, 6)], [(5, 0), (6, 0), (0, 7), (2, 1), (3, 1), (1, 5), (1, 6), (1, 7), (2, 7), (3, 6), (4, 6), (4, 7), (5, 7)], [(1, 2), (1, 3), (1, 4), (1, 5), (3, 2), (5, 0), (5, 4), (6, 0), (6, 1), (6, 4), (6, 5), (7, 0), (7, 1), (7, 2), (7, 3), (7, 4), (7, 5)]]]

