Number of nodes=8
Number of samples=1000
Cut of limit used=0.01
total_score_ges=-407099.1941719365
total_score_pc=-442856.71199316706
total_score_mmhc=-429719.585685814
total_score_gis=-407623.77501925826
total_score_ske=-428968.77490643994
total_score_true=-406494.5386784962
shd dist ges to true=[13, 17, 1, 14, 11, 15, 9, 9, 8, 6, 22, 18, 13, 0, 15, 9, 19, 14, 25, 13, 13, 18, 7, 9, 3, 14, 17, 6, 20, 17, 19, 0, 1, 7, 14, 3, 0, 6, 11, 11, 15, 0, 15, 21, 14, 8, 12, 13, 18, 0, 9, 15, 5, 0, 18, 14, 17, 20, 14, 6, 14, 0, 23, 0, 2, 3, 13, 6, 19, 11, 12, 5, 8, 5, 4, 15, 7, 13, 5, 0, 14, 1, 8, 19, 13, 16, 15, 13, 0, 5, 15, 0, 6, 0, 21, 13, 8, 12, 4, 20]
shd dist pc to true=[5, 12, 3, 13, 11, 5, 9, 11, 13, 9, 14, 13, 4, 13, 9, 10, 13, 12, 19, 8, 13, 12, 8, 10, 9, 17, 19, 4, 18, 12, 11, 7, 6, 7, 13, 12, 6, 9, 15, 10, 13, 5, 6, 15, 8, 6, 8, 9, 14, 0, 5, 12, 6, 9, 10, 12, 4, 14, 12, 9, 17, 14, 15, 8, 3, 4, 10, 1, 11, 15, 9, 7, 11, 11, 15, 11, 8, 11, 8, 8, 4, 6, 10, 13, 12, 12, 10, 10, 0, 7, 15, 5, 6, 5, 14, 7, 8, 13, 7, 11]
shd dist mmhc to true=[14, 14, 3, 12, 8, 8, 12, 11, 11, 8, 13, 15, 3, 17, 12, 10, 12, 11, 20, 14, 11, 16, 11, 8, 12, 16, 19, 5, 17, 14, 15, 5, 8, 11, 15, 10, 6, 10, 12, 7, 16, 4, 11, 13, 10, 10, 11, 6, 9, 4, 4, 14, 7, 7, 6, 13, 7, 14, 9, 1, 19, 6, 12, 4, 1, 6, 9, 3, 13, 14, 10, 11, 12, 14, 11, 8, 7, 5, 5, 7, 9, 6, 8, 14, 14, 9, 15, 11, 2, 9, 18, 11, 7, 0, 15, 15, 8, 17, 9, 16]
shd dist gis to true=[9, 21, 9, 18, 14, 4, 6, 0, 21, 17, 26, 21, 4, 14, 2, 18, 11, 11, 21, 14, 16, 8, 17, 9, 12, 17, 12, 11, 21, 14, 20, 13, 17, 11, 19, 14, 8, 13, 16, 14, 14, 14, 8, 20, 14, 15, 18, 3, 13, 8, 5, 19, 5, 14, 13, 10, 17, 21, 9, 7, 17, 16, 19, 5, 10, 15, 9, 14, 17, 9, 12, 20, 5, 18, 21, 0, 14, 5, 5, 18, 18, 17, 11, 21, 11, 11, 18, 10, 0, 0, 25, 6, 10, 0, 20, 0, 8, 22, 4, 18]
shd dist ske to true=[10, 9, 5, 10, 2, 6, 3, 9, 12, 7, 10, 15, 6, 16, 9, 12, 12, 14, 20, 13, 16, 12, 7, 8, 12, 16, 18, 5, 18, 13, 13, 2, 3, 8, 11, 8, 6, 10, 15, 8, 16, 0, 11, 17, 11, 6, 11, 6, 12, 4, 4, 14, 6, 6, 9, 13, 9, 16, 10, 3, 18, 14, 14, 5, 1, 4, 7, 4, 7, 14, 11, 9, 9, 11, 14, 12, 13, 6, 5, 0, 4, 7, 13, 13, 13, 13, 15, 13, 0, 3, 13, 7, 7, 1, 16, 10, 8, 13, 7, 12]

score_vector_ges=[-4176.19106975287, -4077.7976840476117, -4051.383400668579, -4141.745297071978, -4182.118860766237, -4036.6264469347225, -4153.751321696912, -3984.647728176533, -4098.431561152087, -4079.061065560082, -4029.2969931270463, -4069.040762853649, -4098.684231956788, -4160.543755104045, -4105.354595081046, -4114.134027405047, -4066.0951063967786, -4095.579864260272, -4224.593750742492, -4098.851203416277, -4076.8596436311745, -4109.132466017531, -4047.6459087678813, -4012.903298258544, -4102.7473879674435, -4006.774784053074, -4112.254986978052, -4046.063433423241, -4077.0568958701733, -4167.646146860978, -4006.253512918919, -4001.422949842782, -4086.6221015387696, -4061.370028003963, -4070.860157544952, -4111.760447058525, -4017.709807650562, -4101.256112021766, -4037.7932770491816, -4039.723145033806, -4092.948120670138, -4115.1735329374205, -4056.6866808556583, -4153.531456477393, -4037.7428216067287, -3980.978883019386, -4017.212294649835, -4066.0593765793133, -4138.117428519019, -4010.2123299037958, -4052.439800381162, -4165.496337426733, -4007.205421619022, -4089.474474324586, -4028.894793646739, -4111.99191905679, -4063.4038357264244, -4140.533746144845, -4088.123957182837, -3934.05645669295, -4117.86421744568, -4045.6611074657885, -4141.380901061093, -4024.9774784772508, -4063.4487061975806, -4013.8820781101567, -4099.74613735021, -4051.2658140082867, -4092.6237938467884, -3991.6212026180474, -3995.2846880519082, -4046.287450665654, -4060.5676782300266, -4033.3297863180933, -4130.011771782579, -4113.436092131701, -4042.100262592468, -4104.432709719851, -3973.672412299329, -4043.0030491176203, -4044.9255305076313, -4066.958878589634, -4195.69509956965, -4110.280035782034, -4059.032577747247, -4054.8488848467796, -4139.9042104300315, -4045.3950291318683, -4086.7376309132396, -4096.886890368005, -4061.0924224396313, -4016.736492964051, -4137.504051346669, -3924.7597163476485, -4105.12090455297, -4004.55176075312, -3960.7792383042997, -4034.8891354849866, -4016.320768079179, -4064.108692204302]

score_vector_pc=[-4782.0178981497065, -4437.031688421725, -4153.901735413091, -4407.553336744724, -4691.492801765464, -4083.3551289231527, -4466.609052806651, -4492.342688855822, -4689.162058483561, -4411.355013130257, -4530.676816740053, -4412.995559694963, -4231.144263295031, -4757.352690629819, -4498.233463255222, -4385.854420194002, -4419.793438519711, -4339.08056027005, -5044.155097243983, -4174.930572771644, -4612.502945688678, -4438.8544656767945, -4274.608416703379, -4424.978621847425, -4431.775505586233, -4705.645055954127, -4596.335598358054, -4165.136283378218, -4352.405956268988, -4543.060235766789, -4506.353137839253, -4288.648409246677, -4239.947100906529, -4506.140867042331, -5231.600133208391, -4500.101782445919, -4242.040122512524, -4433.749930380215, -4309.713074544149, -4218.511622059707, -4424.594242156839, -4140.9099809136915, -4606.498461524674, -5052.065024685884, -4290.563184807634, -4169.876550143641, -4466.731181132821, -4566.998078934998, -4493.167487945404, -4010.2123299037958, -4169.966829022908, -4794.986928729433, -4586.256476557524, -4795.139059383261, -4373.9526396447245, -4705.746201888123, -4200.951842407588, -4386.868253162101, -4440.378819114206, -4221.376673914288, -4973.033926773704, -4353.393512264279, -4371.901417443238, -4521.4692805234035, -4083.3220818293144, -4216.513304961537, -4350.127384418919, -4178.7566258548, -4321.730751031041, -4295.964790001301, -4224.9592027250865, -4390.5007960878265, -4562.917546534948, -4273.09363729881, -4527.239000703245, -4485.732402828518, -4299.569483976152, -4341.470180484217, -4060.4359278216634, -4217.138839853402, -4074.990162412989, -4430.676331852702, -4368.212339998916, -4821.75012958479, -4287.219584197572, -5568.750553334177, -4430.093756064499, -4383.299160209496, -4086.7376309132396, -4285.689131604447, -4530.651577246856, -4348.123020503235, -4423.620710762234, -4074.284807656555, -4478.837470640487, -4384.350753317869, -4154.658678209888, -4601.388970060311, -4200.910747424402, -4544.808587060394]

score_vector_mmhc=[-4268.649399170852, -4224.590197895795, -4153.901735413092, -4249.5075397979235, -4412.008466165673, -4150.006699687341, -4282.5770611547505, -4191.109872805326, -4456.062315797262, -4272.467826633949, -4437.163921427391, -4365.491890800889, -4146.415537928174, -4333.102756414365, -4484.769917299853, -4360.111830080898, -4457.305266489258, -4239.450184422228, -4703.146921649502, -4143.695290134934, -4405.597003762234, -4556.724772766181, -4079.15896333966, -4154.592722707253, -4658.983364660885, -4130.0248974433225, -4566.692974877997, -4125.3008643193625, -4461.783246672141, -4405.694437364867, -4266.054639453851, -4147.697661518134, -4122.492985818659, -4224.392557773978, -4837.342947085641, -4230.889198907067, -4141.885464994823, -4299.110709479199, -4357.269749885642, -4185.507003489127, -4429.351482728495, -4139.0287513132225, -4440.349961312516, -4574.201121653686, -4154.546642619999, -4285.766844704011, -4169.102808773596, -4159.628787858303, -4378.846502165131, -4020.9607602731585, -4071.5308363656977, -4318.269657082658, -4308.404443688785, -4312.948175152641, -4143.5859194827235, -4268.12405879723, -4308.142888390152, -4493.351477342453, -4472.110970642638, -4004.054449168454, -4856.151170625328, -4370.070131562538, -4298.94328839398, -4150.862319356732, -4060.8908138279276, -4168.568543758893, -4307.587456413204, -4166.264502338387, -4309.970153092744, -4204.124307219397, -4135.789295643302, -4233.1399492146575, -4424.94951499755, -4292.014052814928, -4302.560730841499, -4364.397249814012, -4130.30079369976, -4162.834332481989, -4051.41180129393, -4075.2370992355127, -4075.7877101250087, -4258.655095731588, -4246.215973495946, -4589.605254171027, -4500.768739812962, -4790.94084595994, -4344.654823384494, -4318.833186999156, -4221.529663554111, -4113.865521052171, -4651.8451756736795, -4326.43828002091, -4352.8520767092405, -3924.7597163476485, -4338.19387732279, -4375.076308574928, -4086.2131734481695, -4379.681630317287, -4061.600213803568, -4554.963575678157]

score_vector_gis=[-4180.943683526961, -4082.0531483526693, -4062.478506242485, -4138.940107891015, -4177.015851423999, -4025.1897092790678, -4152.30402382634, -3971.270791943237, -4115.109344984228, -4083.724158169737, -4040.4714465180505, -4068.5123313097206, -4091.358472598662, -4185.494360132726, -4091.738299768488, -4136.440744694279, -4063.4131256628807, -4098.129147491303, -4225.860106960956, -4108.584641337446, -4089.2470639582784, -4106.359170928591, -4066.9374553226726, -4018.7794580938553, -4112.972525004484, -4002.6668467518366, -4105.455034186216, -4067.2346262324463, -4074.077288144776, -4172.7791769725045, -4017.2109153524707, -4023.1649424043476, -4108.712140234745, -4070.6166319997456, -4082.009030736358, -4133.294268411036, -4027.614293204214, -4105.718688196116, -4050.386802489781, -4056.993013062345, -4090.0640647228265, -4133.832989313075, -4052.8938528725603, -4152.453488128307, -4045.9400217911048, -3984.708077372856, -4027.818614485751, -4050.248065699461, -4129.082527310508, -4024.2177145361647, -4048.921126788494, -4179.416516114638, -4004.01752799605, -4105.140145409746, -4025.0547526223945, -4111.676062843895, -4056.5650850011807, -4146.04959807412, -4081.4054698897576, -3936.4113760751575, -4124.3542083091725, -4064.9524507805, -4140.965321044948, -4026.369376068612, -4078.433387996161, -4034.881524893163, -4104.770998082389, -4063.9440816621, -4094.5164360934104, -3980.427354692042, -3999.8151787120723, -4069.8403551202464, -4067.3862184885593, -4050.4041388322366, -4139.864898874254, -4100.481124777577, -4052.2495190426453, -4094.984866854725, -3973.672412299329, -4075.810196699646, -4061.015338110927, -4098.729113397737, -4200.574040352878, -4114.726397539049, -4042.2093537556348, -4062.4549850979984, -4134.02679711715, -4038.3266335597423, -4086.7376309132387, -4089.007184437853, -4082.3749770367976, -4029.2120932648795, -4141.326823480634, -3924.7597163476494, -4103.2378011886585, -3991.6032323104337, -3964.332519967695, -4061.244782461141, -4016.4840490218817, -4066.089049723324]

score_vector_gis_b=[]

score_vector_ges_gis=[]

score_vector_gis_phased_b=[]

score_vector_ske=[-4191.82529061324, -4257.044453576547, -4112.512401794256, -4373.170695518575, -4449.082664947734, -4068.4883842635927, -4264.637231300581, -4174.25114766516, -4436.075414415655, -4323.51635491559, -4390.3062315976595, -4358.490934302738, -4142.790637784911, -4521.12456967458, -4495.279806181958, -4253.7632761554005, -4451.216660197994, -4298.836488506749, -4674.713890883632, -4148.3975243011, -4519.847452016767, -4492.348713139472, -4047.6459087678804, -4154.592722707253, -4434.971993991501, -4112.743214097333, -4570.809987448528, -4125.3008643193625, -4352.405956268988, -4508.558042284219, -4166.365614045136, -4133.134296080242, -4095.9721581226736, -4202.418824915825, -4510.003204531645, -4231.10849218904, -4141.885464994823, -4299.110709479199, -4309.713074544149, -4198.135731639844, -4416.010069853944, -4115.1735329374205, -4315.593305811024, -4564.822725348922, -4183.967447787156, -4169.876550143641, -4169.102808773596, -4464.604280185567, -4368.549773075674, -4020.960760273158, -4071.5308363656977, -4730.948565001911, -4377.491195134238, -4279.09619444326, -4212.87293551046, -4272.248025565024, -4148.327912517271, -4333.842986341424, -4405.497177746022, -3935.384307314404, -4804.594569808289, -4353.393512264279, -4279.917810249984, -4400.656603430963, -4060.8908138279276, -4216.513304961536, -4255.521704344705, -4178.291020220245, -4244.36256228162, -4236.862486301795, -4106.061464870809, -4207.581097751104, -4353.402169150295, -4273.09363729881, -4427.5203933468665, -4678.075256911889, -4336.653929770024, -4203.449473833241, -4051.411801293929, -4043.0030491176212, -4074.990162412989, -4262.682673085785, -4308.001125961401, -4568.922694737143, -4259.629329218504, -4509.793282599164, -4344.654823384494, -4379.945910163958, -4086.7376309132387, -4134.335425132129, -4465.8415598903875, -4319.966011381277, -4352.8520767092405, -3968.8458382478257, -4366.959186878988, -4348.130283234501, -4086.2131734481695, -4290.367176634997, -4044.326302022472, -4535.825705035701]

score_vector_opt=[]

score_vector_true=[-4175.654151249228, -4068.1425357853614, -4051.493677432563, -4125.1171087657185, -4164.954882270589, -4020.4739768634404, -4143.566849961979, -3971.2707919432373, -4097.888827809774, -4069.766503597498, -4012.278717375445, -4062.5990846271925, -4086.7497288303666, -4160.543755104045, -4091.9224497909613, -4113.278276044014, -4057.496064885517, -4082.0152757820565, -4215.6009870914295, -4097.983803381608, -4077.3660529981307, -4099.553696204354, -4050.8157173479976, -4009.4234134294347, -4103.563771129868, -3991.155661982445, -4106.629851609177, -4046.2974903994377, -4066.857027469023, -4161.170496399766, -3997.655923824344, -4001.422949842782, -4086.7375417710177, -4059.381297003048, -4064.0525690831423, -4112.192380349959, -4017.7098076505617, -4100.169879353096, -4037.903315886151, -4030.7836700644257, -4080.075877719745, -4115.1735329374205, -4055.5429918775526, -4135.874009849921, -4031.3289216915737, -3970.514489472378, -4016.040483903331, -4051.663875964481, -4123.894952062034, -4010.2123299037958, -4051.1420048043356, -4156.770738048988, -4003.942366570905, -4089.474474324586, -4012.5506687469797, -4112.4633385595225, -4042.117630884696, -4123.296041497647, -4067.7537948168033, -3937.22035313681, -4114.402364451491, -4045.6611074657885, -4122.593777483371, -4024.9774784772508, -4061.3235618440112, -4015.6715239202454, -4095.2274754806326, -4050.645181544977, -4074.225605497894, -3992.914462926022, -3994.485246992462, -4047.8591625702734, -4058.9525241494102, -4035.4256137941966, -4126.434042755489, -4100.481124777577, -4042.218955369783, -4091.247023836876, -3972.6568487012837, -4043.0030491176203, -4035.6234373770158, -4067.166405040477, -4193.0636723942425, -4103.786281919884, -4026.4943131025466, -4055.8698943679774, -4130.231254529894, -4032.2798551434003, -4086.7376309132396, -4089.0071844378535, -4065.9319883792887, -4016.7364929640507, -4136.757149477528, -3924.7597163476485, -4088.89594297744, -3991.6032323104337, -3957.979734789467, -4037.9998429930197, -4017.149115883222, -4049.366562827101]

step_vector_gis=[40, 29, 26, 35, 37, 29, 39, 41, 36, 34, 30, 39, 37, 34, 40, 31, 35, 41, 33, 33, 37, 35, 28, 31, 32, 36, 35, 37, 31, 32, 33, 32, 28, 23, 35, 32, 30, 37, 35, 40, 37, 37, 27, 37, 36, 36, 40, 40, 43, 35, 38, 32, 31, 37, 33, 18, 28, 36, 33, 33, 35, 35, 39, 39, 27, 32, 21, 24, 34, 40, 22, 31, 33, 36, 32, 34, 43, 40, 43, 21, 28, 33, 26, 34, 32, 39, 43, 36, 37, 26, 34, 34, 39, 30, 35, 33, 40, 38, 35, 34]

step_vector_ske=[7, 8, 3, 5, 4, 6, 5, 5, 6, 8, 2, 4, 2, 3, 4, 4, 2, 2, 5, 2, 5, 1, 6, 6, 1, 8, 3, 6, 5, 2, 6, 6, 7, 4, 6, 4, 2, 4, 2, 2, 5, 3, 3, 4, 8, 5, 5, 3, 9, 7, 4, 0, 2, 5, 3, 5, 2, 3, 7, 10, 2, 1, 3, 5, 3, 6, 7, 2, 4, 9, 5, 3, 4, 1, 2, 3, 3, 7, 3, 0, 0, 8, 5, 4, 1, 2, 3, 4, 2, 2, 4, 4, 2, 2, 3, 6, 7, 7, 4, 3]

step_vector_ges_gis=[]

step_vector_gis_b=[]

step_vector_gis_phased_b=[]

return_dags_vector=[['ges', 'pc', 'mmhc', 'gis', 'ske', 'true'], [[(0, 2), (0, 3), (2, 6), (3, 2), (4, 0), (4, 1), (4, 3), (4, 7), (5, 0), (6, 1), (7, 0), (7, 2), (7, 3), (7, 5)], [(0, 7), (2, 6), (2, 7), (3, 7), (4, 0), (4, 1), (4, 3), (4, 7), (5, 0), (5, 7), (6, 1)], [(0, 3), (1, 4), (1, 6), (2, 6), (4, 0), (4, 3), (4, 7), (5, 0), (7, 0), (7, 2), (7, 3), (7, 5)], [(4, 0), (0, 5), (0, 7), (4, 1), (6, 1), (3, 2), (6, 2), (7, 2), (4, 3), (3, 7), (6, 4), (4, 7), (7, 5), (6, 7)], [(0, 4), (5, 0), (7, 0), (4, 1), (6, 1), (2, 6), (7, 2), (3, 4), (7, 3), (7, 4), (7, 5)], [(0, 2), (0, 4), (0, 5), (0, 7), (2, 4), (2, 6), (2, 7), (3, 7), (4, 1), (4, 3), (4, 7), (6, 1), (7, 5)]], [[(0, 5), (1, 3), (1, 4), (1, 5), (2, 0), (2, 4), (2, 5), (2, 6), (2, 7), (3, 0), (3, 2), (3, 5), (3, 6), (4, 0), (6, 0), (6, 4), (7, 4), (7, 5)], [(0, 4), (0, 5), (1, 0), (1, 4), (2, 5), (2, 7), (3, 2), (3, 5), (4, 7), (5, 7), (6, 2), (6, 4)], [(0, 5), (1, 4), (2, 3), (2, 5), (2, 6), (2, 7), (3, 5), (3, 6), (4, 0), (6, 4), (7, 1), (7, 4), (7, 5)], [(0, 2), (0, 4), (0, 5), (0, 6), (0, 7), (3, 1), (4, 1), (1, 5), (6, 1), (1, 7), (3, 2), (2, 4), (2, 5), (2, 6), (2, 7), (3, 5), (3, 6), (4, 6), (4, 7), (7, 5), (6, 7)], [(0, 1), (0, 4), (0, 5), (1, 4), (3, 2), (5, 2), (2, 6), (2, 7), (3, 5), (6, 4), (7, 4), (5, 7)], [(0, 4), (1, 0), (1, 3), (1, 4), (2, 6), (3, 0), (3, 2), (3, 4), (3, 6), (3, 7), (5, 0), (5, 2), (5, 3), (5, 7), (6, 4), (7, 2), (7, 4)]], [[(0, 2), (0, 4), (0, 5), (0, 7), (1, 4), (1, 5), (2, 6), (2, 7), (3, 5), (4, 5), (6, 7), (7, 5)], [(0, 4), (0, 5), (1, 4), (1, 5), (2, 0), (3, 5), (6, 2), (7, 5), (7, 6)], [(0, 2), (0, 4), (0, 5), (1, 4), (1, 5), (2, 6), (3, 5), (6, 7), (7, 5)], [(0, 1), (2, 0), (0, 3), (0, 4), (0, 5), (0, 7), (1, 3), (4, 1), (5, 1), (7, 1), (6, 2), (2, 7), (5, 3), (7, 3), (7, 5), (6, 7)], [(2, 0), (0, 4), (5, 0), (1, 4), (1, 5), (6, 2), (3, 5), (7, 5), (7, 6)], [(0, 4), (0, 5), (0, 7), (1, 4), (1, 5), (2, 0), (2, 6), (2, 7), (3, 5), (6, 7), (7, 5)]], [[(0, 1), (0, 3), (0, 5), (1, 2), (1, 3), (1, 5), (1, 6), (3, 2), (3, 5), (3, 6), (4, 0), (4, 1), (4, 3), (4, 5), (5, 2), (5, 6), (6, 2), (7, 0), (7, 1), (7, 5), (7, 6)], [(0, 4), (0, 5), (2, 4), (2, 5), (3, 1), (4, 5), (5, 3), (5, 6), (6, 1), (6, 3), (7, 0), (7, 1), (7, 3)], [(0, 4), (0, 7), (1, 2), (3, 1), (5, 0), (5, 2), (5, 3), (5, 4), (6, 1), (6, 3), (6, 5), (7, 1), (7, 3)], [(0, 1), (0, 3), (0, 4), (0, 5), (0, 6), (0, 7), (2, 1), (3, 1), (1, 5), (6, 1), (1, 7), (2, 5), (2, 6), (3, 4), (3, 5), (6, 3), (3, 7), (5, 4), (7, 4), (6, 5), (6, 7)], [(4, 0), (0, 5), (7, 0), (3, 1), (6, 1), (7, 1), (4, 2), (2, 5), (5, 3), (6, 3), (7, 3), (4, 5), (5, 6)], [(2, 1), (3, 1), (3, 5), (3, 6), (3, 7), (4, 0), (4, 5), (5, 0), (5, 1), (5, 2), (5, 6), (6, 1), (7, 0), (7, 1), (7, 2), (7, 6)]], [[(0, 2), (0, 5), (0, 6), (1, 0), (1, 2), (1, 4), (1, 6), (1, 7), (2, 5), (2, 6), (3, 0), (3, 2), (3, 5), (3, 6), (3, 7), (4, 0), (4, 2), (4, 5), (5, 6), (5, 7)], [(0, 1), (0, 2), (0, 6), (1, 2), (1, 6), (2, 5), (3, 5), (4, 1), (4, 5), (6, 2), (7, 3), (7, 5)], [(0, 1), (0, 2), (0, 3), (0, 6), (1, 2), (1, 4), (1, 6), (3, 5), (3, 7), (4, 5), (5, 2), (5, 6), (5, 7), (6, 2)], [(1, 0), (2, 0), (3, 0), (0, 5), (0, 6), (1, 2), (1, 4), (1, 5), (1, 6), (1, 7), (3, 2), (2, 5), (2, 6), (3, 4), (3, 6), (3, 7), (5, 4), (5, 6), (5, 7)], [(1, 0), (2, 0), (6, 0), (1, 2), (4, 1), (1, 6), (5, 2), (6, 2), (3, 5), (3, 7), (4, 5), (5, 7)], [(1, 0), (1, 2), (1, 6), (1, 7), (2, 0), (3, 0), (3, 5), (3, 7), (4, 1), (4, 5), (5, 2), (5, 7), (6, 0), (6, 2)]], [[(0, 6), (0, 7), (1, 0), (1, 2), (1, 4), (1, 5), (1, 6), (1, 7), (2, 0), (2, 3), (2, 6), (3, 0), (3, 6), (4, 0), (4, 3), (5, 3), (5, 6), (5, 7)], [(0, 1), (0, 3), (0, 4), (1, 2), (1, 4), (2, 3), (5, 1), (5, 3), (5, 7), (6, 1), (6, 3), (6, 7), (7, 1)], [(0, 4), (0, 6), (1, 0), (1, 2), (1, 4), (1, 5), (1, 6), (1, 7), (2, 3), (3, 0), (3, 6), (5, 3), (5, 7)], [(0, 1), (0, 3), (0, 4), (1, 2), (1, 3), (1, 4), (5, 1), (6, 1), (7, 1), (2, 3), (5, 3), (6, 3), (6, 5), (7, 5), (7, 6)], [(0, 1), (0, 3), (0, 4), (1, 2), (1, 4), (5, 1), (6, 1), (7, 1), (3, 2), (5, 3), (6, 3), (5, 7), (6, 7)], [(0, 1), (0, 3), (0, 4), (0, 6), (1, 2), (1, 3), (1, 4), (1, 6), (2, 3), (5, 1), (5, 3), (6, 3), (7, 1), (7, 5)]], [[(0, 2), (1, 4), (1, 6), (1, 7), (2, 4), (5, 0), (5, 2), (5, 4), (5, 7), (6, 0), (6, 2), (6, 3), (6, 5), (7, 0), (7, 3), (7, 4)], [(2, 5), (4, 1), (6, 0), (6, 1), (6, 3), (6, 5), (7, 0), (7, 1), (7, 3), (7, 5)], [(0, 6), (0, 7), (1, 4), (3, 6), (3, 7), (5, 2), (5, 7), (6, 1), (6, 5), (7, 1)], [(2, 0), (6, 0), (7, 0), (1, 4), (6, 1), (1, 7), (2, 4), (5, 2), (7, 2), (6, 3), (7, 3), (5, 4), (7, 4), (6, 5), (5, 7)], [(6, 0), (7, 0), (1, 4), (6, 1), (1, 7), (5, 2), (6, 3), (7, 3), (6, 5), (5, 7)], [(1, 4), (1, 6), (1, 7), (2, 0), (2, 7), (4, 7), (5, 2), (5, 7), (6, 0), (6, 3), (6, 5), (7, 0), (7, 3)]], [[(0, 5), (1, 0), (1, 2), (1, 6), (2, 6), (3, 0), (3, 2), (3, 5), (3, 7), (4, 0), (4, 2), (4, 5), (4, 6), (6, 0), (6, 5), (7, 0), (7, 2), (7, 5), (7, 6)], [(0, 4), (0, 5), (1, 0), (1, 2), (1, 6), (2, 3), (2, 6), (3, 5), (3, 7), (4, 6), (5, 6), (7, 5)], [(0, 1), (0, 4), (0, 5), (1, 2), (1, 6), (2, 6), (3, 2), (3, 5), (3, 7), (4, 6), (5, 7), (6, 5)], [(1, 0), (3, 0), (4, 0), (5, 0), (1, 2), (1, 6), (3, 2), (4, 2), (6, 2), (5, 3), (7, 3), (4, 6), (5, 6), (7, 5), (7, 6)], [(1, 0), (4, 0), (0, 5), (1, 2), (1, 6), (3, 2), (2, 6), (3, 5), (3, 7), (4, 6), (6, 5), (5, 7)], [(1, 0), (1, 2), (1, 6), (3, 0), (3, 2), (3, 5), (4, 0), (4, 2), (4, 6), (5, 0), (5, 6), (6, 2), (7, 3), (7, 5), (7, 6)]], [[(1, 3), (1, 4), (1, 5), (1, 6), (2, 0), (3, 0), (3, 2), (3, 5), (3, 7), (4, 2), (5, 0), (5, 6), (6, 0), (6, 2), (6, 4), (7, 2)], [(0, 2), (0, 4), (1, 6), (2, 6), (3, 1), (3, 2), (4, 6), (5, 3), (5, 6), (7, 0), (7, 2)], [(0, 2), (0, 5), (1, 6), (2, 3), (2, 6), (2, 7), (3, 1), (3, 5), (4, 6), (6, 5)], [(0, 2), (0, 3), (0, 5), (0, 7), (2, 1), (1, 3), (1, 4), (1, 5), (6, 1), (1, 7), (2, 4), (2, 5), (6, 2), (2, 7), (5, 3), (6, 3), (3, 7), (6, 4), (7, 4), (6, 5)], [(2, 0), (4, 0), (7, 0), (1, 3), (1, 6), (2, 3), (6, 2), (2, 7), (3, 5), (4, 6), (6, 5)], [(1, 6), (2, 0), (3, 0), (3, 1), (3, 2), (3, 4), (3, 5), (3, 6), (3, 7), (4, 2), (4, 6), (5, 0), (6, 0), (6, 2), (6, 5), (7, 2)]], [[(0, 3), (1, 0), (1, 3), (1, 4), (2, 0), (2, 3), (2, 7), (5, 0), (5, 3), (5, 4), (6, 1), (6, 3), (6, 4), (7, 0), (7, 1), (7, 3), (7, 4)], [(0, 1), (0, 3), (2, 0), (2, 7), (4, 1), (4, 7), (5, 3), (5, 4), (6, 3), (6, 4), (7, 1)], [(0, 1), (0, 2), (0, 3), (2, 7), (3, 5), (4, 1), (5, 4), (6, 3), (6, 4), (7, 1), (7, 4)], [(0, 1), (0, 2), (3, 0), (0, 6), (0, 7), (2, 1), (3, 1), (1, 4), (1, 6), (1, 7), (2, 6), (2, 7), (3, 5), (3, 6), (5, 4), (6, 4), (7, 4), (6, 5), (7, 5), (7, 6)], [(1, 0), (2, 0), (3, 0), (1, 4), (1, 7), (7, 2), (5, 3), (6, 3), (5, 4), (4, 6), (4, 7)], [(1, 0), (1, 4), (2, 0), (3, 0), (5, 3), (5, 4), (6, 0), (6, 1), (6, 3), (6, 4), (7, 1), (7, 2), (7, 3), (7, 4)]], [[(0, 1), (0, 3), (0, 4), (0, 7), (1, 3), (1, 4), (1, 5), (1, 6), (1, 7), (3, 2), (3, 5), (4, 3), (4, 5), (5, 2), (6, 3), (6, 4), (6, 5), (6, 7), (7, 3), (7, 5)], [(0, 1), (0, 3), (0, 7), (1, 7), (3, 2), (3, 7), (4, 1), (5, 2), (5, 3), (6, 1)], [(0, 1), (0, 3), (0, 4), (0, 7), (1, 4), (1, 6), (1, 7), (2, 5), (3, 2), (3, 5), (3, 7)], [(0, 1), (0, 2), (0, 3), (0, 4), (5, 0), (1, 3), (1, 4), (1, 6), (1, 7), (2, 3), (5, 2), (6, 2), (7, 2), (4, 3), (5, 3), (6, 3), (7, 3), (5, 4), (4, 6), (5, 6), (5, 7), (7, 6)], [(1, 0), (3, 0), (7, 0), (4, 1), (6, 1), (1, 7), (3, 2), (5, 2), (3, 5), (7, 3)], [(1, 0), (3, 0), (3, 2), (3, 6), (3, 7), (4, 0), (4, 1), (5, 1), (5, 2), (5, 3), (6, 0), (6, 1), (7, 0), (7, 1), (7, 4), (7, 6)]], [[(0, 1), (0, 2), (0, 3), (0, 5), (0, 6), (0, 7), (1, 7), (2, 3), (2, 6), (3, 6), (4, 2), (5, 1), (5, 2), (5, 3), (5, 4), (5, 6), (5, 7), (6, 1)], [(0, 1), (0, 2), (0, 5), (1, 3), (1, 6), (2, 6), (3, 5), (4, 2), (5, 4), (7, 0), (7, 1)], [(0, 1), (0, 7), (1, 7), (2, 0), (2, 4), (2, 6), (4, 5), (5, 0), (5, 3), (5, 6), (6, 1)], [(0, 1), (2, 0), (3, 0), (5, 0), (0, 6), (0, 7), (2, 1), (3, 1), (1, 6), (1, 7), (4, 2), (2, 6), (5, 3), (3, 6), (5, 4), (5, 6), (5, 7)], [(0, 1), (2, 0), (5, 0), (0, 7), (3, 1), (6, 1), (1, 7), (2, 4), (6, 2), (5, 3), (4, 5)], [(0, 5), (0, 6), (0, 7), (2, 0), (2, 3), (2, 4), (2, 6), (2, 7), (3, 5), (5, 1), (5, 4), (6, 1), (6, 5), (7, 1), (7, 6)]], [[(0, 1), (1, 2), (2, 6), (3, 0), (3, 1), (4, 2), (4, 6), (4, 7), (5, 0), (5, 1), (7, 0), (7, 1), (7, 2), (7, 5), (7, 6)], [(0, 5), (1, 2), (1, 5), (3, 0), (3, 1), (4, 6), (5, 7), (6, 2), (7, 2), (7, 4)], [(0, 3), (0, 5), (1, 2), (1, 5), (3, 1), (4, 6), (6, 2), (7, 2), (7, 4), (7, 5)], [(3, 0), (0, 5), (1, 2), (1, 3), (1, 5), (4, 2), (2, 6), (7, 2), (3, 5), (4, 6), (7, 4), (7, 5), (7, 6)], [(3, 0), (0, 5), (2, 1), (1, 3), (1, 5), (2, 6), (2, 7), (4, 6), (4, 7), (7, 5)], [(0, 5), (1, 2), (1, 3), (1, 5), (1, 6), (3, 0), (3, 5), (4, 6), (4, 7), (6, 2), (7, 2), (7, 5)]], [[(0, 1), (0, 4), (0, 6), (1, 3), (1, 4), (1, 5), (1, 7), (3, 2), (3, 6), (4, 2), (4, 5), (4, 6), (4, 7), (5, 3), (7, 2), (7, 3)], [(0, 1), (1, 7), (2, 4), (2, 7), (3, 6), (3, 7), (4, 0), (4, 1), (5, 3)], [(1, 0), (2, 4), (2, 5), (2, 7), (3, 6), (3, 7), (4, 0), (4, 1), (5, 3), (6, 0), (7, 1), (7, 4)], [(0, 1), (0, 3), (0, 4), (0, 6), (1, 3), (4, 1), (1, 5), (7, 1), (2, 3), (4, 2), (2, 5), (2, 6), (7, 2), (4, 3), (5, 3), (6, 3), (7, 3), (4, 5), (4, 6), (7, 4), (6, 5), (7, 6)], [(1, 0), (4, 0), (4, 1), (7, 1), (2, 4), (2, 7), (3, 5), (3, 6), (3, 7)], [(0, 1), (0, 4), (0, 6), (1, 3), (1, 5), (1, 7), (3, 2), (3, 6), (4, 1), (4, 2), (4, 5), (4, 6), (4, 7), (5, 3), (7, 2), (7, 3)]], [[(0, 1), (0, 2), (0, 4), (0, 6), (1, 2), (3, 1), (3, 2), (3, 5), (4, 1), (4, 2), (4, 6), (4, 7), (5, 1), (5, 2), (5, 4), (5, 6), (6, 1), (6, 2), (6, 7), (7, 1), (7, 2)], [(0, 2), (0, 4), (2, 4), (2, 6), (3, 1), (3, 2), (3, 5), (4, 5), (4, 6), (5, 6), (7, 6)], [(0, 2), (1, 3), (2, 6), (3, 2), (3, 5), (4, 0), (4, 2), (4, 6), (4, 7), (5, 6), (6, 7)], [(0, 1), (0, 2), (0, 4), (0, 6), (3, 1), (1, 6), (3, 2), (2, 4), (2, 6), (2, 7), (3, 4), (5, 3), (3, 6), (5, 4), (4, 6), (5, 6), (5, 7), (7, 6)], [(0, 2), (0, 4), (3, 1), (3, 2), (2, 4), (2, 6), (5, 3), (5, 4), (6, 4), (5, 6), (6, 7)], [(0, 1), (0, 2), (0, 4), (0, 6), (1, 6), (2, 4), (2, 6), (3, 1), (3, 2), (3, 4), (3, 6), (4, 6), (5, 3), (5, 4), (5, 6), (5, 7), (7, 6)]], [[(0, 4), (0, 6), (1, 2), (1, 6), (1, 7), (2, 0), (2, 5), (4, 3), (4, 6), (5, 3), (5, 4), (5, 6), (6, 3), (7, 0), (7, 5), (7, 6)], [(0, 6), (1, 6), (2, 0), (2, 1), (2, 5), (3, 4), (3, 6), (4, 6), (5, 3), (5, 6), (7, 0), (7, 1), (7, 5)], [(0, 2), (0, 6), (0, 7), (1, 6), (2, 1), (2, 5), (3, 4), (3, 5), (3, 6), (4, 6), (6, 5), (7, 1)], [(2, 0), (4, 0), (0, 5), (0, 6), (7, 0), (1, 2), (1, 3), (4, 1), (1, 5), (1, 6), (1, 7), (2, 3), (2, 5), (2, 7), (4, 3), (3, 5), (3, 6), (7, 3), (4, 5), (4, 6), (4, 7), (5, 6), (7, 6)], [(2, 0), (6, 0), (7, 0), (2, 1), (1, 6), (7, 1), (2, 5), (3, 4), (3, 5), (3, 6), (4, 6), (5, 6), (5, 7)], [(0, 2), (0, 4), (0, 5), (0, 6), (0, 7), (1, 6), (2, 1), (4, 3), (4, 6), (5, 2), (5, 3), (5, 4), (5, 6), (5, 7), (6, 3), (7, 1), (7, 6)]], [[(0, 1), (0, 2), (0, 3), (0, 4), (0, 5), (0, 7), (1, 7), (2, 6), (3, 1), (3, 5), (3, 6), (4, 1), (4, 5), (5, 1), (5, 2), (5, 6), (6, 1), (6, 7)], [(0, 7), (1, 0), (2, 5), (2, 6), (3, 1), (3, 5), (4, 0), (4, 1), (5, 6), (6, 7)], [(0, 1), (0, 4), (0, 7), (1, 2), (1, 3), (1, 4), (2, 5), (2, 6), (4, 3), (5, 6), (6, 7)], [(0, 1), (0, 2), (0, 4), (6, 0), (0, 7), (2, 1), (1, 3), (4, 1), (1, 5), (1, 7), (2, 5), (6, 2), (4, 3), (6, 3), (4, 5), (6, 5), (6, 7)], [(1, 0), (0, 4), (7, 0), (3, 1), (1, 4), (5, 2), (6, 2), (5, 3), (6, 5), (7, 6)], [(1, 0), (1, 3), (2, 1), (2, 6), (4, 0), (4, 1), (4, 3), (4, 7), (5, 1), (5, 2), (5, 4), (5, 6), (6, 0), (6, 3), (6, 7), (7, 0)]], [[(0, 1), (0, 2), (0, 4), (0, 7), (1, 7), (2, 1), (2, 3), (2, 5), (2, 6), (3, 1), (4, 1), (4, 3), (4, 5), (4, 7), (5, 1), (5, 7), (6, 1), (6, 3), (6, 5), (6, 7)], [(0, 4), (1, 5), (1, 7), (2, 0), (2, 1), (2, 6), (3, 2), (4, 5), (4, 7), (5, 6), (6, 7)], [(0, 4), (1, 2), (1, 3), (1, 5), (1, 7), (2, 0), (2, 3), (2, 6), (4, 5), (4, 7), (6, 5), (6, 7)], [(1, 0), (0, 2), (3, 0), (4, 0), (0, 7), (1, 2), (1, 3), (1, 5), (1, 6), (1, 7), (3, 2), (5, 2), (2, 6), (4, 3), (3, 6), (4, 5), (4, 6), (4, 7), (5, 6), (5, 7), (6, 7)], [(0, 2), (4, 0), (2, 1), (5, 1), (1, 7), (2, 3), (2, 6), (5, 4), (4, 7), (5, 6), (6, 7)], [(1, 2), (1, 3), (1, 5), (1, 7), (2, 0), (3, 2), (4, 0), (4, 3), (4, 5), (4, 7), (5, 7), (6, 1), (6, 2), (6, 5), (7, 0)]], [[(1, 0), (1, 2), (1, 4), (1, 5), (1, 7), (2, 0), (3, 0), (3, 1), (3, 2), (3, 4), (3, 5), (3, 7), (4, 0), (4, 2), (5, 0), (5, 2), (5, 7), (6, 1), (6, 2), (6, 5), (6, 7), (7, 0), (7, 2), (7, 4)], [(0, 2), (0, 3), (0, 4), (1, 5), (2, 4), (2, 5), (3, 1), (3, 7), (4, 1), (4, 3), (6, 2), (6, 7), (7, 5)], [(0, 2), (0, 3), (1, 4), (1, 5), (1, 6), (2, 6), (3, 1), (3, 4), (3, 7), (4, 2), (5, 2), (5, 7), (6, 7)], [(1, 0), (0, 2), (0, 3), (0, 4), (0, 7), (1, 3), (1, 4), (5, 1), (1, 6), (1, 7), (3, 2), (2, 4), (5, 2), (2, 6), (2, 7), (5, 3), (3, 6), (3, 7), (5, 4), (4, 6), (7, 4), (5, 7), (7, 6)], [(0, 2), (3, 0), (0, 4), (1, 3), (1, 4), (5, 1), (4, 2), (5, 2), (2, 6), (3, 4), (3, 7), (5, 7), (6, 7)], [(0, 3), (1, 3), (2, 0), (2, 1), (2, 3), (2, 4), (2, 5), (2, 6), (4, 0), (4, 1), (4, 5), (4, 7), (5, 0), (5, 1), (5, 3), (5, 7), (6, 1), (6, 3), (6, 4), (6, 7), (7, 3)]], [[(0, 3), (1, 0), (2, 3), (2, 5), (3, 5), (4, 1), (4, 2), (4, 3), (4, 5), (5, 6), (7, 0), (7, 1), (7, 2)], [(0, 1), (0, 3), (1, 4), (2, 3), (2, 4), (2, 5), (2, 7), (5, 4), (5, 6), (7, 0), (7, 1)], [(0, 1), (0, 3), (0, 4), (0, 7), (1, 4), (1, 7), (2, 5), (2, 7), (3, 2), (4, 2), (4, 5), (5, 6)], [(0, 1), (0, 2), (3, 0), (0, 7), (4, 1), (1, 7), (3, 2), (4, 2), (5, 2), (7, 2), (4, 3), (5, 3), (3, 7), (5, 4), (4, 7), (5, 6), (5, 7)], [(1, 0), (0, 3), (0, 7), (4, 1), (1, 7), (3, 2), (4, 2), (2, 5), (2, 7), (4, 5), (5, 6)], [(0, 1), (0, 3), (0, 7), (2, 0), (2, 3), (2, 4), (2, 5), (2, 6), (2, 7), (3, 4), (4, 1), (5, 4), (6, 5), (7, 1)]], [[(0, 5), (3, 0), (3, 1), (3, 2), (3, 5), (3, 6), (5, 1), (5, 2), (5, 4), (6, 0), (6, 4), (6, 5), (7, 0), (7, 2), (7, 4), (7, 5)], [(1, 5), (2, 0), (2, 7), (3, 1), (3, 2), (3, 5), (4, 5), (4, 7), (6, 4), (6, 5), (7, 0)], [(0, 3), (0, 7), (1, 5), (3, 1), (3, 2), (3, 5), (5, 4), (5, 6), (6, 2), (6, 4), (7, 2), (7, 4)], [(2, 0), (4, 0), (0, 5), (0, 6), (0, 7), (2, 1), (1, 3), (1, 5), (2, 3), (2, 5), (2, 7), (4, 3), (3, 5), (3, 7), (4, 5), (4, 6), (4, 7), (5, 6), (7, 6)], [(0, 2), (7, 0), (3, 1), (5, 1), (3, 2), (7, 2), (3, 5), (4, 5), (4, 6), (7, 4), (5, 6)], [(0, 6), (2, 7), (3, 0), (3, 1), (3, 2), (3, 7), (5, 0), (5, 1), (5, 3), (5, 4), (5, 6), (5, 7), (6, 4), (7, 0), (7, 4), (7, 6)]], [[(0, 1), (0, 7), (1, 7), (2, 0), (2, 3), (2, 4), (2, 6), (3, 0), (3, 1), (3, 4), (3, 5), (3, 7), (4, 1), (4, 7), (5, 0), (5, 4), (6, 0), (6, 4), (6, 7)], [(0, 1), (0, 4), (0, 5), (1, 2), (1, 7), (2, 3), (2, 6), (3, 5), (3, 7), (4, 6), (5, 4), (6, 7)], [(0, 1), (0, 7), (1, 2), (1, 7), (2, 3), (3, 7), (4, 5), (4, 6), (5, 0), (5, 3), (6, 2), (6, 7)], [(0, 1), (0, 2), (0, 3), (4, 0), (0, 5), (6, 1), (7, 1), (3, 2), (4, 2), (5, 2), (6, 2), (5, 3), (6, 3), (3, 7), (4, 5), (6, 4), (4, 7), (6, 5), (6, 7)], [(0, 1), (4, 0), (0, 5), (1, 2), (1, 7), (2, 3), (6, 2), (3, 5), (3, 7), (4, 5), (6, 4), (6, 7)], [(0, 1), (0, 4), (0, 5), (2, 5), (3, 2), (3, 4), (3, 5), (3, 7), (4, 2), (4, 5), (4, 6), (4, 7), (6, 1), (6, 2), (6, 5), (6, 7), (7, 1)]], [[(0, 2), (1, 4), (1, 6), (3, 7), (4, 3), (4, 6), (4, 7), (5, 0), (5, 2), (5, 4), (7, 0), (7, 2)], [(0, 7), (1, 4), (2, 0), (2, 5), (2, 7), (3, 7), (4, 3), (4, 5), (4, 7), (5, 0), (6, 1), (6, 4)], [(0, 2), (0, 5), (0, 7), (1, 4), (1, 6), (4, 3), (4, 6), (4, 7), (5, 2), (5, 4), (7, 2), (7, 3)], [(2, 0), (4, 0), (5, 0), (0, 7), (1, 2), (3, 1), (1, 4), (1, 5), (1, 6), (2, 4), (2, 5), (2, 7), (3, 4), (3, 7), (4, 5), (4, 6), (4, 7), (5, 7)], [(2, 0), (5, 0), (7, 0), (1, 4), (1, 6), (5, 2), (7, 2), (4, 3), (7, 3), (5, 4), (4, 6), (4, 7)], [(1, 5), (1, 6), (2, 0), (3, 4), (3, 7), (4, 1), (4, 5), (4, 6), (5, 0), (5, 2), (7, 0), (7, 2), (7, 4)]], [[(0, 5), (2, 0), (2, 1), (2, 4), (2, 5), (2, 7), (5, 1), (5, 3), (5, 4), (6, 0), (6, 4), (6, 5), (7, 6)], [(0, 2), (0, 5), (1, 2), (1, 5), (3, 5), (4, 2), (5, 2), (6, 4), (7, 2), (7, 6)], [(1, 2), (1, 5), (2, 0), (2, 4), (2, 5), (2, 7), (5, 0), (5, 3), (6, 4), (7, 6)], [(0, 2), (0, 4), (5, 0), (0, 6), (2, 1), (5, 1), (4, 2), (5, 2), (2, 6), (2, 7), (5, 3), (4, 6), (4, 7), (5, 6), (7, 6)], [(2, 0), (5, 0), (2, 1), (5, 1), (2, 4), (2, 5), (7, 2), (5, 3), (6, 4), (7, 6)], [(0, 2), (2, 1), (2, 4), (2, 7), (5, 0), (5, 1), (5, 2), (5, 3), (5, 4), (6, 2), (6, 4), (6, 7)]], [[(0, 1), (0, 2), (0, 3), (0, 6), (1, 3), (1, 5), (2, 4), (3, 5), (4, 1), (4, 3), (6, 7), (7, 1), (7, 4), (7, 5)], [(0, 2), (1, 3), (1, 4), (2, 4), (3, 5), (6, 0), (6, 7), (7, 1), (7, 4)], [(0, 2), (0, 6), (1, 4), (1, 7), (2, 4), (3, 5), (4, 7), (7, 6)], [(0, 1), (0, 2), (0, 4), (0, 6), (1, 2), (3, 1), (4, 1), (1, 5), (1, 7), (4, 2), (2, 7), (3, 4), (3, 5), (4, 7), (7, 5), (7, 6)], [(2, 0), (0, 6), (1, 3), (1, 4), (1, 7), (2, 4), (3, 5), (4, 7), (7, 6)], [(0, 1), (0, 6), (1, 5), (2, 0), (2, 4), (3, 1), (3, 5), (4, 1), (4, 3), (6, 7), (7, 1), (7, 3), (7, 4), (7, 5)]], [[(0, 3), (0, 7), (2, 0), (2, 1), (2, 3), (2, 4), (2, 5), (4, 0), (4, 5), (4, 6), (4, 7), (5, 6), (5, 7), (6, 0), (6, 1), (6, 3), (6, 7), (7, 3)], [(1, 2), (1, 6), (2, 3), (2, 5), (3, 0), (3, 6), (4, 0), (4, 5), (4, 6), (5, 0), (5, 3), (7, 4), (7, 6)], [(0, 3), (0, 4), (1, 2), (1, 6), (2, 3), (2, 5), (3, 6), (5, 0), (5, 4), (6, 4), (7, 3), (7, 4), (7, 6)], [(3, 0), (0, 4), (5, 0), (6, 0), (7, 0), (2, 1), (6, 1), (3, 2), (2, 4), (5, 2), (2, 6), (7, 2), (3, 4), (5, 3), (3, 6), (7, 3), (5, 4), (6, 4), (7, 4), (7, 6)], [(3, 0), (0, 4), (5, 0), (1, 2), (1, 6), (3, 2), (2, 5), (3, 5), (3, 6), (5, 4), (6, 4), (7, 4), (7, 6)], [(0, 4), (0, 7), (2, 0), (2, 1), (2, 5), (3, 0), (3, 2), (3, 4), (3, 7), (4, 5), (4, 7), (5, 7), (6, 1), (6, 3), (6, 4), (6, 5)]], [[(0, 6), (2, 1), (2, 4), (3, 0), (3, 2), (3, 4), (3, 6), (4, 1), (5, 0), (5, 1), (5, 4), (5, 6), (5, 7), (6, 1), (6, 2), (7, 0), (7, 1), (7, 2), (7, 4)], [(0, 3), (0, 6), (0, 7), (1, 2), (1, 7), (2, 3), (2, 5), (2, 7), (3, 6), (5, 4), (5, 6)], [(0, 1), (0, 3), (0, 6), (0, 7), (1, 2), (1, 7), (2, 3), (2, 7), (4, 5), (4, 6), (5, 2), (5, 6), (6, 3)], [(3, 0), (0, 6), (0, 7), (1, 2), (3, 1), (1, 4), (6, 1), (7, 1), (3, 2), (6, 2), (3, 4), (3, 6), (3, 7), (5, 4), (6, 4), (5, 6), (5, 7)], [(0, 3), (0, 6), (0, 7), (1, 2), (1, 7), (2, 3), (5, 2), (2, 7), (6, 3), (5, 4), (5, 6)], [(1, 2), (1, 4), (1, 7), (3, 0), (3, 1), (3, 2), (3, 4), (3, 5), (3, 6), (3, 7), (5, 0), (5, 4), (6, 0), (6, 2), (6, 4), (6, 5), (6, 7), (7, 0)]], [[(0, 3), (0, 7), (2, 1), (3, 1), (3, 4), (3, 6), (4, 7), (5, 1), (5, 2), (6, 1), (7, 2)], [(2, 1), (3, 0), (3, 1), (3, 4), (5, 1), (5, 2), (6, 1), (6, 3), (7, 2), (7, 4)], [(0, 3), (2, 1), (3, 1), (3, 4), (3, 6), (4, 7), (5, 1), (5, 2), (6, 1), (7, 2)], [(0, 3), (0, 4), (0, 5), (0, 7), (2, 1), (3, 1), (1, 5), (6, 1), (2, 3), (2, 7), (3, 4), (3, 5), (3, 6), (3, 7), (7, 4), (6, 5), (5, 7)], [(3, 0), (2, 1), (3, 1), (5, 1), (6, 1), (5, 2), (7, 2), (4, 3), (3, 6), (7, 4)], [(0, 3), (0, 4), (2, 1), (3, 1), (3, 6), (4, 3), (5, 1), (5, 2), (6, 1), (7, 2), (7, 4)]], [[(0, 2), (0, 3), (0, 4), (0, 5), (0, 6), (2, 1), (2, 4), (2, 5), (2, 6), (3, 1), (3, 2), (3, 5), (3, 6), (4, 1), (4, 5), (4, 6), (5, 6), (6, 1), (7, 2), (7, 4), (7, 5)], [(0, 2), (0, 4), (0, 6), (1, 2), (3, 1), (3, 5), (3, 6), (4, 5), (5, 2), (7, 2), (7, 4)], [(0, 2), (0, 6), (1, 3), (2, 1), (3, 6), (4, 0), (4, 7), (5, 2), (5, 3), (5, 4), (7, 2)], [(0, 2), (0, 3), (4, 0), (0, 6), (2, 1), (3, 1), (4, 1), (6, 1), (2, 3), (4, 2), (5, 2), (2, 7), (4, 3), (5, 3), (6, 3), (7, 3), (5, 4), (4, 6), (4, 7), (5, 7), (7, 6)], [(0, 2), (0, 4), (0, 6), (1, 2), (3, 1), (5, 2), (7, 2), (3, 5), (3, 6), (4, 5), (7, 4)], [(1, 6), (2, 0), (2, 1), (2, 6), (3, 0), (3, 1), (3, 2), (3, 4), (3, 5), (3, 6), (3, 7), (4, 6), (5, 0), (5, 2), (5, 4), (5, 7), (6, 0), (7, 2), (7, 4)]], [[(0, 4), (0, 6), (0, 7), (2, 0), (2, 3), (2, 6), (2, 7), (3, 0), (3, 7), (4, 6), (4, 7), (5, 0), (5, 1), (5, 4), (5, 6), (5, 7), (7, 1)], [(0, 2), (0, 4), (2, 6), (3, 7), (4, 6), (5, 1), (5, 4), (7, 0), (7, 4)], [(0, 2), (0, 7), (1, 3), (1, 5), (3, 7), (4, 0), (4, 2), (4, 7), (5, 4), (6, 0), (6, 2)], [(0, 2), (3, 0), (0, 4), (5, 0), (0, 6), (0, 7), (5, 1), (7, 1), (3, 2), (4, 2), (5, 2), (6, 2), (3, 4), (3, 6), (3, 7), (5, 4), (4, 6), (7, 4)], [(2, 0), (4, 0), (0, 7), (5, 1), (2, 6), (3, 7), (4, 5), (4, 6), (4, 7)], [(2, 0), (2, 4), (3, 4), (3, 6), (4, 0), (5, 1), (5, 4), (6, 0), (6, 2), (6, 4), (7, 0), (7, 1), (7, 3), (7, 4), (7, 6)]], [[(0, 2), (0, 3), (0, 6), (1, 4), (1, 5), (3, 2), (4, 0), (4, 2), (4, 3), (4, 5), (4, 6), (5, 2), (5, 3), (5, 6), (5, 7), (6, 2), (7, 0), (7, 3)], [(0, 2), (0, 4), (0, 7), (1, 5), (2, 5), (2, 6), (3, 5), (4, 5), (4, 6), (5, 7)], [(0, 2), (0, 4), (0, 7), (1, 5), (4, 5), (5, 2), (5, 3), (5, 7), (6, 2), (6, 4)], [(1, 0), (0, 2), (0, 4), (0, 5), (0, 7), (3, 1), (1, 4), (1, 5), (1, 7), (3, 2), (2, 4), (5, 2), (6, 2), (3, 4), (3, 5), (6, 3), (5, 4), (6, 4), (7, 4), (5, 7), (6, 7)], [(0, 2), (4, 0), (7, 0), (5, 1), (5, 2), (6, 2), (3, 5), (4, 5), (4, 6), (5, 7)], [(0, 5), (0, 7), (2, 0), (2, 3), (2, 5), (2, 6), (3, 5), (3, 7), (4, 0), (4, 1), (4, 5), (4, 6), (4, 7), (5, 1), (6, 3), (6, 5)]], [[(0, 3), (1, 0), (2, 4), (5, 2), (5, 4), (6, 0), (6, 2), (6, 3), (6, 4), (7, 0), (7, 4)], [(0, 3), (0, 7), (1, 0), (2, 4), (3, 6), (4, 7), (5, 2), (5, 4), (6, 2), (6, 4)], [(0, 1), (0, 3), (0, 6), (0, 7), (2, 4), (3, 6), (5, 2), (5, 4), (6, 2), (6, 4), (7, 4)], [(1, 0), (0, 2), (0, 3), (0, 4), (0, 6), (0, 7), (1, 2), (1, 6), (1, 7), (2, 4), (5, 2), (2, 6), (2, 7), (6, 3), (5, 4), (4, 6), (4, 7), (5, 7)], [(1, 0), (0, 3), (7, 0), (2, 4), (5, 2), (6, 2), (3, 6), (5, 4), (6, 4), (7, 4)], [(0, 3), (1, 0), (2, 4), (5, 2), (5, 4), (6, 0), (6, 2), (6, 3), (6, 4), (7, 0), (7, 4)]], [[(1, 5), (2, 0), (3, 0), (3, 6), (5, 3), (5, 4), (5, 7), (6, 0), (6, 2), (6, 4), (6, 7), (7, 0)], [(0, 7), (2, 0), (2, 6), (3, 0), (4, 5), (4, 6), (5, 1), (5, 7), (6, 3), (6, 7)], [(0, 2), (0, 3), (0, 7), (5, 1), (5, 4), (6, 2), (6, 3), (6, 4), (6, 7), (7, 5)], [(0, 2), (0, 3), (0, 5), (0, 7), (4, 1), (1, 5), (6, 1), (3, 2), (2, 6), (2, 7), (4, 3), (3, 6), (3, 7), (4, 5), (4, 6), (6, 5), (5, 7), (6, 7)], [(2, 0), (0, 3), (7, 0), (5, 1), (6, 2), (6, 3), (5, 4), (6, 4), (5, 7), (6, 7)], [(2, 0), (3, 0), (5, 1), (5, 4), (5, 7), (6, 0), (6, 2), (6, 3), (6, 4), (6, 7), (7, 0)]], [[(0, 1), (0, 3), (0, 4), (0, 5), (0, 6), (1, 7), (2, 3), (2, 4), (2, 6), (3, 6), (5, 1), (5, 3), (5, 4), (6, 1), (6, 4)], [(0, 3), (0, 4), (2, 4), (4, 3), (5, 0), (5, 1), (5, 3), (5, 4), (6, 1), (6, 3), (7, 1)], [(0, 3), (0, 4), (0, 5), (1, 7), (2, 4), (3, 5), (3, 6), (4, 3), (4, 5), (5, 1), (6, 1)], [(1, 0), (0, 2), (0, 3), (0, 4), (0, 5), (1, 3), (1, 5), (1, 6), (7, 1), (3, 2), (4, 2), (5, 2), (6, 2), (3, 4), (3, 5), (6, 3), (5, 4)], [(0, 3), (0, 4), (5, 0), (5, 1), (6, 1), (1, 7), (2, 4), (4, 3), (5, 3), (3, 6), (5, 4)], [(0, 3), (0, 4), (1, 0), (1, 5), (1, 6), (1, 7), (2, 3), (2, 4), (5, 0), (5, 3), (5, 4), (6, 3), (6, 4)]], [[(0, 1), (0, 4), (0, 7), (1, 4), (1, 7), (2, 1), (2, 7), (3, 0), (3, 1), (3, 4), (5, 1), (5, 2), (5, 4), (5, 7), (6, 0), (6, 2), (6, 4), (6, 7)], [(0, 3), (0, 6), (1, 3), (2, 1), (2, 6), (4, 0), (4, 3), (5, 1), (7, 0), (7, 1)], [(0, 3), (0, 4), (0, 6), (0, 7), (2, 1), (2, 6), (3, 1), (4, 3), (4, 6), (5, 1)], [(1, 0), (2, 0), (0, 3), (0, 4), (0, 6), (7, 0), (1, 2), (1, 3), (1, 4), (5, 1), (1, 7), (2, 3), (2, 6), (2, 7), (3, 4), (5, 3), (6, 3), (5, 4), (6, 4), (5, 7), (7, 6)], [(3, 0), (4, 0), (6, 0), (7, 0), (2, 1), (3, 1), (5, 1), (1, 7), (2, 6), (3, 4)], [(0, 2), (1, 2), (3, 0), (3, 1), (3, 2), (3, 4), (3, 7), (4, 0), (4, 1), (5, 1), (6, 0), (6, 4), (6, 7), (7, 0), (7, 1), (7, 2)]], [[(1, 3), (1, 6), (2, 0), (2, 1), (2, 4), (2, 6), (4, 3), (5, 1), (5, 4), (5, 6), (5, 7), (6, 7), (7, 0), (7, 3)], [(0, 2), (0, 7), (1, 2), (1, 3), (1, 5), (2, 4), (3, 7), (4, 5), (5, 7), (6, 2), (6, 7)], [(1, 2), (1, 3), (1, 4), (1, 5), (2, 0), (2, 6), (4, 2), (4, 5), (5, 7), (6, 7), (7, 0), (7, 3)], [(2, 0), (3, 0), (5, 0), (6, 0), (0, 7), (2, 1), (3, 1), (4, 1), (5, 1), (7, 1), (2, 3), (2, 4), (2, 6), (4, 3), (5, 3), (6, 3), (3, 7), (5, 4), (4, 7), (5, 6), (5, 7), (6, 7)], [(2, 0), (7, 0), (1, 2), (1, 3), (1, 5), (4, 2), (2, 6), (7, 3), (4, 5), (5, 7), (6, 7)], [(1, 3), (2, 0), (2, 1), (2, 4), (2, 6), (2, 7), (4, 3), (5, 1), (5, 4), (5, 6), (5, 7), (7, 0), (7, 3), (7, 6)]], [[(0, 5), (1, 0), (1, 7), (2, 0), (2, 5), (3, 0), (3, 6), (6, 4), (6, 7), (7, 0), (7, 5)], [(0, 7), (1, 7), (2, 0), (2, 5), (3, 0), (4, 6), (5, 0), (5, 7), (6, 0), (6, 3), (6, 7)], [(0, 2), (0, 3), (0, 5), (0, 6), (0, 7), (1, 7), (3, 6), (5, 2), (6, 4), (6, 7), (7, 5)], [(1, 0), (2, 0), (0, 3), (0, 5), (7, 0), (1, 3), (1, 6), (7, 1), (2, 3), (2, 5), (3, 6), (6, 4), (7, 5), (7, 6)], [(0, 2), (0, 3), (0, 5), (6, 0), (0, 7), (1, 7), (5, 2), (6, 3), (6, 4), (7, 5), (6, 7)], [(0, 5), (1, 0), (1, 7), (2, 0), (2, 5), (3, 0), (6, 3), (6, 4), (6, 7), (7, 0), (7, 5)]], [[(0, 3), (0, 4), (2, 3), (2, 7), (4, 1), (4, 2), (4, 3), (4, 7), (5, 2), (5, 3), (5, 7), (6, 3), (7, 1), (7, 3)], [(0, 3), (1, 4), (1, 7), (2, 4), (2, 7), (3, 7), (4, 0), (5, 2), (5, 3), (6, 3)], [(0, 3), (1, 4), (1, 7), (2, 4), (2, 5), (2, 7), (4, 0), (5, 3), (6, 3), (7, 3)], [(0, 3), (4, 0), (2, 1), (1, 4), (5, 1), (7, 1), (2, 3), (2, 4), (2, 5), (7, 2), (4, 3), (5, 3), (6, 3), (7, 3), (5, 4)], [(0, 3), (4, 0), (1, 4), (1, 7), (2, 4), (2, 5), (2, 7), (5, 3), (6, 3), (7, 3)], [(0, 3), (0, 7), (2, 7), (3, 7), (4, 0), (4, 1), (4, 2), (4, 3), (4, 7), (5, 2), (5, 3), (6, 3), (6, 7), (7, 1)]], [[(0, 3), (1, 3), (1, 6), (1, 7), (2, 0), (2, 4), (2, 6), (2, 7), (3, 5), (4, 5), (4, 7), (6, 0), (6, 3), (6, 5), (6, 7), (7, 0), (7, 3), (7, 5)], [(0, 2), (0, 3), (1, 6), (1, 7), (2, 6), (3, 2), (3, 4), (3, 6), (4, 7), (5, 4), (6, 7)], [(0, 2), (0, 3), (0, 7), (1, 6), (2, 6), (3, 2), (3, 6), (4, 3), (4, 5), (4, 7), (6, 7)], [(0, 2), (0, 3), (0, 6), (0, 7), (1, 2), (1, 3), (6, 1), (1, 7), (6, 2), (7, 2), (3, 4), (6, 3), (3, 7), (5, 4), (6, 4), (7, 4), (5, 6), (5, 7), (6, 7)], [(2, 0), (3, 0), (1, 6), (1, 7), (3, 2), (2, 6), (3, 4), (3, 6), (5, 4), (4, 7), (6, 7)], [(0, 3), (0, 7), (1, 0), (1, 6), (2, 0), (2, 3), (2, 6), (2, 7), (3, 5), (3, 6), (3, 7), (4, 5), (6, 4), (6, 5), (6, 7), (7, 4), (7, 5)]], [[(0, 2), (0, 5), (1, 2), (1, 3), (1, 6), (1, 7), (3, 4), (3, 6), (3, 7), (4, 6), (4, 7), (5, 2), (5, 7), (6, 2), (6, 7), (7, 2)], [(0, 2), (0, 5), (1, 2), (1, 6), (2, 6), (2, 7), (3, 1), (3, 4), (4, 6), (4, 7), (5, 7)], [(0, 2), (0, 5), (1, 2), (1, 3), (1, 6), (3, 4), (4, 6), (4, 7), (5, 2), (5, 7), (6, 2), (7, 2)], [(0, 2), (0, 5), (1, 2), (1, 3), (1, 4), (1, 5), (6, 1), (1, 7), (3, 2), (4, 2), (2, 5), (6, 2), (2, 7), (3, 4), (3, 5), (3, 7), (4, 5), (6, 4), (4, 7), (6, 5), (7, 5), (6, 7)], [(0, 2), (5, 0), (1, 2), (3, 1), (1, 6), (6, 2), (7, 2), (4, 3), (4, 6), (4, 7), (5, 7)], [(0, 2), (1, 2), (1, 3), (1, 4), (3, 4), (5, 0), (5, 2), (5, 4), (5, 7), (6, 1), (6, 2), (6, 4), (7, 2), (7, 4)]], [[(0, 2), (0, 5), (0, 6), (0, 7), (2, 1), (2, 3), (2, 5), (3, 1), (4, 1), (4, 2), (4, 5), (4, 6), (5, 3), (5, 6), (6, 3), (7, 4), (7, 5), (7, 6)], [(0, 2), (1, 4), (1, 5), (2, 3), (3, 6), (4, 6), (4, 7), (5, 6), (7, 0), (7, 6)], [(0, 2), (1, 4), (2, 3), (4, 2), (4, 6), (4, 7), (6, 3), (6, 5), (7, 0), (7, 6)], [(2, 0), (4, 0), (0, 5), (6, 0), (0, 7), (2, 1), (1, 4), (3, 2), (2, 5), (3, 4), (3, 5), (3, 6), (4, 5), (4, 6), (4, 7), (6, 5), (6, 7)], [(0, 2), (7, 0), (4, 1), (1, 5), (2, 3), (6, 3), (6, 4), (7, 4), (6, 5), (7, 6)], [(0, 7), (2, 0), (2, 1), (2, 6), (3, 1), (3, 2), (3, 6), (4, 1), (5, 4), (5, 6), (5, 7), (6, 0), (6, 4), (6, 7), (7, 4)]], [[(0, 2), (0, 7), (1, 3), (1, 5), (2, 7), (3, 7), (4, 0), (4, 2), (4, 5), (5, 3), (6, 0), (6, 5), (6, 7)], [(0, 2), (0, 4), (0, 6), (0, 7), (1, 3), (1, 5), (2, 7), (3, 7), (4, 2), (4, 5), (5, 3), (5, 6), (6, 7)], [(0, 2), (0, 4), (0, 6), (0, 7), (1, 3), (1, 5), (2, 4), (2, 7), (3, 7), (4, 5), (5, 3), (6, 5), (6, 7)], [(0, 2), (0, 3), (0, 4), (0, 6), (7, 0), (3, 1), (4, 1), (1, 5), (2, 3), (4, 2), (7, 2), (4, 3), (3, 5), (6, 3), (7, 3), (4, 5), (4, 6), (6, 5), (7, 6)], [(0, 2), (4, 0), (6, 0), (0, 7), (1, 3), (1, 5), (4, 2), (2, 7), (5, 3), (3, 7), (4, 5), (6, 5), (6, 7)], [(0, 2), (0, 7), (1, 3), (1, 5), (2, 7), (3, 7), (4, 0), (4, 2), (4, 5), (5, 3), (6, 0), (6, 5), (6, 7)]], [[(0, 2), (0, 5), (0, 7), (2, 5), (2, 7), (3, 0), (3, 1), (3, 2), (3, 4), (4, 0), (4, 1), (4, 6), (4, 7), (6, 0), (6, 2), (7, 1)], [(0, 4), (0, 7), (1, 4), (1, 7), (2, 3), (2, 5), (2, 7), (3, 0), (3, 4), (6, 2)], [(0, 3), (0, 4), (0, 7), (1, 4), (2, 3), (2, 5), (2, 6), (3, 4), (7, 1), (7, 2)], [(0, 1), (0, 2), (3, 0), (0, 4), (0, 5), (6, 0), (0, 7), (1, 4), (1, 7), (3, 2), (2, 5), (6, 2), (2, 7), (3, 4), (4, 7)], [(3, 0), (4, 0), (0, 7), (1, 4), (1, 7), (3, 2), (2, 5), (6, 2), (2, 7), (3, 4)], [(0, 1), (0, 2), (0, 3), (0, 4), (0, 5), (0, 6), (0, 7), (1, 4), (1, 7), (2, 5), (2, 6), (2, 7), (3, 2), (3, 4), (3, 6), (4, 7)]], [[(0, 1), (0, 2), (0, 4), (0, 6), (1, 3), (1, 4), (1, 7), (2, 1), (2, 3), (2, 4), (2, 7), (3, 4), (3, 7), (4, 7), (5, 1), (5, 2), (5, 3), (5, 4), (5, 7), (6, 2), (6, 4), (6, 5)], [(0, 2), (0, 6), (1, 0), (1, 2), (1, 3), (2, 5), (2, 7), (3, 5), (3, 7), (4, 3), (5, 6), (7, 5)], [(0, 6), (1, 0), (1, 2), (1, 3), (2, 0), (2, 3), (2, 5), (3, 4), (3, 5), (6, 5), (7, 2), (7, 3)], [(0, 1), (0, 2), (0, 3), (0, 4), (0, 5), (0, 6), (7, 0), (1, 2), (1, 3), (1, 5), (3, 2), (2, 4), (5, 2), (6, 2), (7, 2), (3, 4), (5, 3), (7, 3), (5, 4), (6, 4), (7, 4), (6, 5), (7, 5)], [(1, 0), (0, 2), (0, 6), (1, 2), (3, 1), (5, 2), (7, 2), (4, 3), (5, 3), (3, 7), (5, 6), (5, 7)], [(0, 1), (0, 2), (0, 5), (0, 6), (2, 1), (2, 3), (2, 5), (3, 1), (3, 4), (3, 5), (4, 5), (6, 5), (7, 0), (7, 1), (7, 2), (7, 3), (7, 4)]], [[(0, 3), (0, 5), (0, 6), (1, 6), (2, 0), (2, 5), (3, 1), (3, 6), (4, 0), (4, 1), (4, 3), (4, 5), (4, 6), (4, 7), (5, 3), (7, 0), (7, 5)], [(0, 2), (0, 6), (1, 3), (1, 4), (3, 0), (4, 6), (4, 7), (5, 2), (5, 3), (7, 5)], [(0, 2), (0, 3), (0, 6), (1, 6), (2, 5), (3, 1), (4, 1), (4, 6), (4, 7), (5, 3), (7, 5)], [(1, 0), (2, 0), (0, 3), (5, 0), (0, 6), (0, 7), (2, 1), (1, 3), (4, 1), (5, 1), (1, 6), (2, 5), (2, 7), (4, 3), (5, 3), (3, 6), (4, 5), (4, 6), (4, 7), (5, 7)], [(2, 0), (0, 3), (0, 6), (3, 1), (1, 4), (2, 5), (5, 3), (4, 6), (7, 4), (7, 5)], [(0, 2), (0, 6), (1, 4), (1, 6), (3, 0), (3, 1), (3, 5), (4, 5), (4, 6), (4, 7), (5, 2), (5, 7), (7, 2)]], [[(0, 2), (0, 4), (0, 7), (2, 7), (3, 4), (3, 6), (3, 7), (4, 2), (5, 2), (5, 4), (5, 6), (5, 7), (6, 2), (6, 7), (7, 1)], [(0, 2), (0, 7), (2, 7), (3, 4), (3, 6), (4, 2), (5, 4), (5, 6), (7, 1)], [(2, 0), (2, 4), (2, 7), (4, 3), (4, 5), (6, 3), (6, 5), (7, 0), (7, 1)], [(0, 2), (0, 4), (0, 7), (7, 1), (2, 3), (2, 4), (5, 2), (6, 2), (2, 7), (4, 3), (6, 3), (3, 7), (6, 4), (6, 5), (5, 7), (6, 7)], [(0, 2), (0, 7), (7, 1), (4, 2), (2, 7), (3, 4), (3, 6), (5, 4), (5, 6)], [(0, 2), (3, 4), (3, 6), (4, 2), (5, 2), (5, 4), (5, 6), (6, 2), (7, 0), (7, 1), (7, 2), (7, 4)]], [[(0, 3), (0, 4), (0, 5), (0, 6), (1, 2), (2, 3), (2, 7), (3, 5), (4, 5), (4, 6), (4, 7), (6, 2), (6, 5), (6, 7), (7, 3)], [(0, 3), (0, 6), (1, 2), (2, 7), (3, 5), (3, 7), (4, 6), (4, 7), (6, 2)], [(0, 3), (0, 6), (1, 2), (2, 7), (3, 5), (6, 2), (6, 4), (7, 3), (7, 4)], [(0, 3), (0, 4), (6, 0), (2, 1), (6, 1), (2, 3), (2, 4), (6, 2), (7, 2), (3, 4), (3, 5), (7, 3), (5, 4), (6, 4), (7, 4), (6, 5)], [(0, 3), (6, 0), (1, 2), (6, 2), (2, 7), (3, 5), (7, 3), (6, 4), (7, 4)], [(0, 3), (0, 5), (0, 6), (0, 7), (1, 2), (2, 7), (3, 7), (4, 3), (4, 6), (4, 7), (5, 3), (5, 4), (6, 2), (6, 3), (6, 7)]], [[(1, 0), (1, 4), (2, 1), (3, 0), (3, 1), (3, 6), (5, 2), (5, 3), (5, 4), (6, 0), (6, 1), (6, 2), (7, 0), (7, 1), (7, 2), (7, 3), (7, 4), (7, 6)], [(0, 1), (0, 6), (1, 2), (1, 4), (2, 7), (3, 7), (4, 7), (5, 3), (5, 4), (6, 7)], [(0, 1), (0, 6), (1, 4), (2, 1), (2, 5), (2, 7), (3, 1), (3, 5), (3, 7), (5, 4), (6, 7), (7, 4)], [(0, 1), (0, 6), (0, 7), (2, 1), (3, 1), (1, 4), (2, 5), (2, 7), (3, 5), (3, 6), (3, 7), (5, 4), (7, 4), (6, 7)], [(0, 1), (6, 0), (2, 1), (1, 4), (2, 7), (3, 5), (3, 7), (5, 4), (7, 4), (6, 7)], [(0, 1), (0, 6), (0, 7), (1, 4), (2, 1), (2, 7), (3, 1), (3, 2), (3, 5), (3, 6), (3, 7), (5, 2), (5, 4), (6, 7), (7, 4)]], [[(0, 2), (0, 5), (1, 0), (1, 2), (1, 3), (1, 5), (1, 6), (2, 3), (3, 4), (5, 3), (5, 4), (5, 6), (6, 2), (6, 3), (7, 0), (7, 2), (7, 3), (7, 5), (7, 6)], [(0, 5), (1, 5), (1, 6), (2, 7), (3, 4), (3, 6), (4, 5), (6, 2), (7, 5)], [(0, 5), (1, 5), (2, 6), (2, 7), (3, 4), (5, 4), (6, 1), (6, 3), (7, 5)], [(0, 1), (0, 5), (1, 3), (1, 5), (6, 1), (1, 7), (2, 5), (6, 2), (2, 7), (3, 4), (6, 3), (3, 7), (5, 4), (5, 7), (6, 7)], [(0, 5), (1, 5), (1, 6), (6, 2), (2, 7), (3, 4), (3, 6), (5, 4), (7, 5)], [(2, 0), (2, 1), (2, 5), (2, 6), (2, 7), (3, 1), (3, 4), (5, 0), (5, 1), (5, 4), (5, 7), (6, 1), (6, 3), (7, 1)]], [[(0, 3), (0, 4), (0, 5), (1, 5), (1, 6), (3, 2), (3, 6), (3, 7), (4, 6), (4, 7), (7, 5)], [(0, 3), (0, 4), (0, 5), (1, 5), (1, 6), (3, 2), (3, 6), (3, 7), (4, 6), (4, 7), (7, 5)], [(0, 5), (1, 5), (1, 6), (2, 3), (3, 0), (3, 6), (3, 7), (4, 0), (4, 6), (7, 4), (7, 5)], [(3, 0), (0, 4), (0, 5), (0, 6), (7, 0), (1, 4), (1, 5), (1, 6), (3, 2), (3, 4), (3, 6), (7, 3), (6, 4), (7, 4), (7, 5)], [(3, 0), (4, 0), (0, 5), (1, 5), (1, 6), (3, 2), (3, 6), (7, 3), (4, 6), (7, 4), (7, 5)], [(0, 3), (0, 5), (1, 5), (1, 6), (3, 2), (3, 6), (3, 7), (4, 0), (4, 6), (4, 7), (7, 5)]], [[(1, 6), (1, 7), (2, 0), (2, 3), (2, 5), (2, 6), (4, 3), (4, 5), (4, 7), (5, 1), (5, 3), (5, 7), (7, 0), (7, 3)], [(0, 2), (0, 7), (1, 5), (1, 6), (2, 3), (2, 5), (2, 6), (3, 5), (4, 3), (7, 4), (7, 5)], [(1, 6), (2, 0), (2, 3), (2, 5), (2, 6), (3, 5), (4, 3), (4, 7), (5, 1), (7, 0), (7, 5)], [(2, 0), (7, 0), (5, 1), (1, 6), (7, 1), (2, 3), (2, 5), (2, 6), (4, 3), (3, 5), (7, 4), (7, 5)], [(2, 0), (7, 0), (5, 1), (1, 6), (2, 3), (2, 5), (2, 6), (4, 3), (3, 5), (7, 4), (7, 5)], [(1, 3), (1, 4), (1, 5), (1, 6), (2, 0), (2, 3), (2, 5), (2, 6), (3, 5), (4, 3), (7, 0), (7, 4), (7, 5)]], [[(0, 7), (2, 0), (2, 1), (2, 3), (2, 4), (2, 7), (3, 4), (5, 1), (5, 3), (6, 0), (6, 1), (6, 5), (6, 7), (7, 1), (7, 3), (7, 4), (7, 5)], [(1, 5), (2, 0), (2, 7), (4, 3), (4, 5), (5, 3), (6, 0), (6, 7), (7, 0)], [(0, 2), (0, 6), (0, 7), (2, 1), (2, 3), (3, 4), (5, 1), (5, 3), (6, 7), (7, 1), (7, 2), (7, 4)], [(1, 0), (0, 2), (0, 3), (0, 6), (0, 7), (1, 3), (4, 1), (1, 5), (1, 6), (1, 7), (3, 2), (4, 2), (2, 5), (2, 6), (2, 7), (4, 3), (3, 5), (3, 6), (3, 7), (4, 7), (6, 5), (7, 6)], [(0, 2), (6, 0), (7, 0), (5, 1), (7, 2), (4, 3), (5, 3), (5, 4), (7, 6)], [(1, 2), (1, 5), (1, 6), (1, 7), (2, 0), (2, 3), (4, 3), (4, 7), (5, 2), (5, 3), (5, 4), (5, 6), (6, 0), (7, 0), (7, 2), (7, 6)]], [[(0, 1), (0, 2), (0, 4), (0, 7), (1, 2), (1, 4), (1, 6), (2, 4), (3, 1), (3, 5), (3, 6), (4, 7), (5, 6)], [(1, 4), (1, 6), (2, 0), (2, 1), (3, 6), (5, 3), (5, 6), (7, 1), (7, 4)], [(1, 2), (1, 4), (1, 6), (1, 7), (2, 0), (3, 5), (3, 6), (4, 7), (5, 6), (7, 2)], [(0, 1), (0, 2), (0, 7), (1, 2), (4, 1), (1, 6), (4, 2), (5, 3), (3, 6), (4, 7), (5, 6)], [(2, 0), (1, 2), (1, 4), (1, 6), (7, 1), (5, 3), (3, 6), (7, 4), (5, 6)], [(0, 4), (0, 7), (1, 4), (1, 6), (2, 0), (2, 1), (2, 4), (3, 5), (3, 6), (4, 7), (5, 6)]], [[(1, 0), (1, 3), (1, 5), (2, 0), (2, 3), (3, 7), (4, 0), (4, 1), (4, 5), (5, 0), (6, 1), (6, 3), (6, 7), (7, 0)], [(0, 2), (0, 5), (0, 7), (1, 3), (1, 5), (2, 3), (4, 0), (4, 1), (6, 3), (6, 7), (7, 3)], [(1, 3), (1, 4), (1, 5), (2, 0), (2, 3), (3, 6), (3, 7), (4, 0), (5, 0), (7, 0), (7, 6)], [(2, 0), (3, 0), (0, 4), (0, 5), (0, 7), (1, 3), (1, 4), (6, 1), (2, 3), (2, 4), (2, 5), (2, 7), (6, 3), (3, 7), (4, 5), (6, 4), (7, 4), (7, 5), (6, 7)], [(2, 0), (4, 0), (5, 0), (7, 0), (1, 3), (4, 1), (5, 1), (2, 3), (3, 6), (3, 7), (7, 6)], [(1, 0), (1, 3), (1, 5), (2, 0), (2, 3), (3, 7), (4, 0), (4, 1), (4, 5), (5, 0), (6, 1), (6, 3), (6, 7), (7, 0)]], [[(0, 1), (0, 2), (0, 3), (0, 5), (1, 7), (2, 1), (2, 6), (2, 7), (3, 1), (3, 6), (3, 7), (4, 1), (4, 2), (4, 3), (5, 1), (5, 2), (5, 3), (5, 4), (5, 6), (5, 7)], [(0, 3), (0, 5), (1, 2), (1, 4), (2, 0), (2, 6), (3, 5), (3, 6), (4, 5), (5, 6), (7, 1)], [(0, 3), (1, 2), (1, 4), (1, 7), (2, 0), (2, 6), (3, 6), (3, 7), (5, 0), (5, 3), (5, 4), (5, 6)], [(2, 0), (0, 3), (0, 4), (0, 5), (7, 0), (1, 2), (1, 4), (7, 1), (2, 4), (2, 5), (2, 6), (4, 3), (5, 3), (6, 3), (7, 3), (5, 4), (6, 4), (6, 5), (7, 6)], [(2, 0), (0, 3), (0, 5), (1, 2), (1, 4), (7, 1), (2, 6), (3, 5), (3, 6), (5, 4), (6, 5)], [(1, 0), (1, 2), (1, 4), (1, 7), (2, 0), (2, 3), (2, 6), (3, 0), (3, 6), (4, 0), (5, 0), (5, 3), (5, 4), (5, 6), (7, 3)]], [[(0, 2), (0, 3), (0, 6), (1, 2), (1, 5), (1, 6), (2, 3), (2, 4), (4, 3), (5, 2), (5, 3), (5, 4), (6, 2), (6, 4)], [(0, 3), (0, 6), (1, 6), (2, 3), (2, 6), (4, 2), (4, 6), (5, 1), (5, 3)], [(0, 3), (1, 5), (1, 6), (2, 3), (2, 4), (2, 5), (2, 6), (4, 6), (5, 3), (6, 0)], [(2, 0), (0, 3), (5, 0), (0, 6), (2, 1), (5, 1), (6, 1), (2, 3), (2, 4), (2, 6), (4, 3), (5, 3), (5, 4), (4, 6)], [(0, 3), (6, 0), (1, 5), (1, 6), (2, 3), (4, 2), (2, 6), (5, 3), (4, 6)], [(0, 2), (0, 3), (0, 5), (0, 6), (2, 1), (2, 5), (2, 6), (3, 2), (3, 5), (4, 0), (4, 2), (4, 5), (4, 6), (5, 1), (6, 1)]], [[(0, 7), (1, 0), (1, 5), (1, 7), (2, 0), (2, 1), (2, 4), (2, 5), (3, 0), (3, 1), (3, 5), (4, 1), (4, 5), (5, 0), (6, 0), (6, 1), (6, 5), (6, 7)], [(0, 5), (1, 5), (2, 5), (3, 1), (4, 1), (4, 5), (6, 0), (6, 1), (7, 1), (7, 3)], [(0, 4), (0, 5), (0, 6), (1, 3), (1, 4), (1, 5), (1, 6), (1, 7), (2, 5), (3, 7), (5, 4)], [(0, 2), (4, 0), (0, 5), (0, 6), (0, 7), (1, 2), (3, 1), (4, 1), (5, 1), (1, 6), (1, 7), (5, 2), (3, 5), (3, 6), (4, 5), (6, 7)], [(5, 0), (0, 6), (3, 1), (4, 1), (1, 5), (1, 6), (1, 7), (2, 5), (3, 7), (4, 5)], [(0, 1), (0, 5), (0, 6), (1, 4), (1, 5), (2, 5), (3, 1), (3, 4), (3, 7), (5, 4), (6, 1), (7, 1)]], [[(0, 2), (0, 3), (0, 4), (0, 5), (0, 7), (1, 2), (1, 4), (3, 1), (3, 2), (3, 4), (3, 5), (3, 7), (4, 7), (5, 1), (5, 4), (5, 7), (6, 1), (6, 2), (6, 4), (6, 5), (6, 7), (7, 2)], [(0, 2), (1, 3), (1, 5), (1, 6), (2, 6), (3, 2), (3, 7), (4, 1), (4, 6), (5, 6), (5, 7), (7, 0)], [(0, 2), (0, 7), (2, 3), (3, 1), (4, 1), (5, 6), (6, 1), (6, 2), (6, 4), (7, 3), (7, 5)], [(0, 2), (0, 4), (0, 7), (1, 2), (1, 4), (5, 1), (6, 1), (7, 1), (2, 3), (5, 2), (6, 2), (7, 2), (3, 4), (5, 3), (6, 3), (7, 3), (5, 4), (6, 4), (7, 4), (6, 5), (7, 5), (6, 7)], [(2, 0), (7, 0), (3, 1), (4, 1), (1, 5), (1, 6), (3, 2), (6, 2), (3, 7), (4, 6), (5, 6), (5, 7)], [(0, 2), (0, 5), (0, 6), (0, 7), (1, 3), (1, 6), (2, 3), (2, 6), (3, 5), (4, 1), (4, 3), (4, 5), (4, 6), (6, 5), (7, 3), (7, 5), (7, 6)]], [[(0, 2), (0, 3), (0, 6), (0, 7), (2, 1), (2, 3), (2, 5), (2, 6), (4, 1), (4, 2), (4, 3), (4, 5), (4, 6), (5, 1), (5, 3), (6, 3), (6, 5), (7, 1), (7, 3), (7, 5), (7, 6)], [(0, 6), (0, 7), (1, 2), (2, 4), (3, 4), (5, 2), (6, 2), (6, 5), (6, 7), (7, 1), (7, 3)], [(0, 7), (1, 2), (2, 4), (4, 3), (5, 2), (5, 6), (6, 0), (6, 2), (7, 1), (7, 3)], [(1, 0), (3, 0), (0, 5), (0, 6), (1, 2), (1, 3), (1, 5), (1, 7), (4, 2), (5, 2), (2, 6), (4, 3), (3, 5), (3, 6), (3, 7), (4, 5), (4, 7), (5, 6), (5, 7)], [(6, 0), (7, 0), (1, 2), (7, 1), (2, 4), (5, 2), (6, 2), (4, 3), (7, 3), (6, 5), (7, 6)], [(0, 5), (0, 6), (0, 7), (1, 2), (2, 6), (3, 5), (3, 6), (4, 2), (4, 3), (4, 5), (5, 2), (5, 6), (7, 1), (7, 3), (7, 5)]], [[(0, 1), (2, 5), (4, 0), (4, 2), (4, 3), (5, 1), (5, 3), (6, 1), (6, 2), (6, 3), (7, 0), (7, 3)], [(0, 1), (1, 5), (1, 6), (2, 5), (2, 6), (3, 5), (3, 6), (4, 0), (4, 3), (7, 0), (7, 3)], [(0, 1), (0, 4), (0, 7), (2, 5), (2, 6), (4, 3), (5, 1), (5, 3), (6, 1), (6, 3), (7, 3)], [(0, 1), (4, 0), (7, 0), (5, 1), (6, 1), (4, 2), (5, 2), (6, 2), (4, 3), (5, 3), (6, 3), (7, 3), (6, 5)], [(0, 1), (4, 0), (7, 0), (5, 1), (6, 1), (2, 5), (6, 2), (4, 3), (5, 3), (6, 3), (7, 3)], [(0, 1), (0, 4), (2, 5), (4, 3), (5, 1), (5, 3), (6, 1), (6, 2), (6, 3), (7, 0), (7, 3), (7, 4)]], [[(1, 0), (1, 5), (2, 1), (2, 3), (2, 4), (2, 6), (2, 7), (3, 1), (3, 4), (3, 5), (3, 6), (3, 7), (5, 4), (6, 0), (6, 1), (6, 4), (7, 0), (7, 1), (7, 4), (7, 5)], [(0, 5), (0, 6), (2, 1), (2, 4), (2, 7), (3, 2), (3, 6), (4, 1), (4, 6), (5, 7)], [(0, 6), (1, 2), (1, 6), (2, 3), (2, 4), (2, 7), (4, 6), (5, 0), (6, 3), (7, 5)], [(0, 1), (0, 2), (3, 0), (0, 6), (2, 1), (3, 1), (1, 5), (1, 6), (7, 1), (3, 2), (4, 2), (2, 5), (7, 2), (4, 3), (3, 5), (3, 6), (7, 3), (4, 5), (4, 6), (7, 4), (7, 5)], [(0, 5), (6, 0), (2, 1), (4, 1), (3, 2), (2, 4), (2, 7), (6, 3), (6, 4), (5, 7)], [(1, 0), (2, 1), (2, 6), (2, 7), (3, 1), (3, 2), (3, 6), (4, 2), (4, 3), (4, 6), (4, 7), (5, 1), (5, 3), (5, 6), (5, 7), (6, 0), (6, 1), (7, 0), (7, 1)]], [[(1, 0), (1, 2), (1, 3), (1, 4), (1, 5), (1, 6), (2, 5), (3, 6), (4, 0), (4, 5), (5, 0), (6, 0), (6, 2), (6, 5), (7, 2)], [(0, 4), (0, 5), (0, 6), (1, 3), (1, 4), (1, 6), (2, 5), (2, 6), (6, 3), (7, 2)], [(0, 5), (1, 3), (1, 4), (1, 6), (2, 5), (3, 6), (4, 0), (6, 0), (6, 2), (7, 2)], [(1, 0), (3, 0), (0, 4), (5, 0), (0, 6), (7, 0), (1, 2), (3, 1), (1, 4), (4, 2), (5, 2), (6, 2), (7, 2), (3, 4), (3, 6), (4, 6), (7, 4), (5, 6), (7, 5)], [(0, 4), (0, 5), (0, 6), (1, 3), (1, 4), (1, 6), (2, 5), (2, 6), (7, 2), (6, 3)], [(1, 0), (1, 2), (1, 3), (1, 4), (1, 5), (1, 6), (2, 5), (4, 0), (4, 5), (5, 0), (6, 0), (6, 2), (6, 3), (6, 5), (7, 2)]], [[(0, 3), (0, 6), (1, 3), (1, 4), (1, 5), (1, 6), (1, 7), (2, 3), (2, 4), (2, 6), (3, 6), (4, 0), (4, 3), (4, 5), (5, 0), (5, 6), (7, 2), (7, 3), (7, 4), (7, 5), (7, 6)], [(0, 4), (0, 6), (1, 2), (1, 4), (1, 7), (2, 7), (3, 4), (3, 6), (3, 7), (4, 2), (5, 3), (5, 4), (5, 6)], [(0, 4), (0, 5), (0, 6), (1, 2), (1, 7), (2, 7), (3, 4), (3, 5), (3, 6), (3, 7), (4, 1), (4, 2), (4, 5), (5, 6)], [(0, 3), (0, 4), (0, 6), (0, 7), (1, 2), (1, 4), (5, 1), (1, 6), (1, 7), (4, 2), (2, 6), (2, 7), (3, 4), (5, 3), (3, 6), (3, 7), (5, 4), (4, 7), (5, 6), (5, 7), (7, 6)], [(0, 4), (0, 6), (2, 1), (4, 1), (7, 1), (4, 2), (2, 7), (3, 4), (3, 5), (3, 6), (3, 7), (4, 5), (5, 6)], [(0, 5), (0, 6), (1, 2), (1, 7), (2, 7), (3, 0), (3, 4), (3, 5), (3, 7), (4, 0), (4, 1), (4, 2), (4, 5), (4, 6), (4, 7), (6, 5), (6, 7)]], [[(0, 3), (0, 4), (0, 5), (0, 6), (0, 7), (1, 6), (2, 1), (2, 5), (2, 7), (3, 1), (3, 6), (4, 5), (4, 7), (5, 6), (7, 6)], [(0, 4), (0, 7), (1, 6), (2, 5), (2, 7), (3, 0), (3, 1), (3, 6), (4, 5), (4, 7), (6, 7)], [(0, 4), (0, 7), (1, 2), (1, 3), (1, 6), (2, 5), (2, 7), (3, 0), (3, 6), (4, 5), (4, 7), (5, 6), (7, 6)], [(0, 3), (0, 4), (0, 6), (0, 7), (2, 1), (3, 1), (1, 6), (2, 4), (5, 2), (2, 7), (3, 6), (5, 4), (4, 7), (5, 6), (7, 6)], [(0, 3), (4, 0), (0, 7), (3, 1), (1, 6), (2, 5), (2, 7), (3, 6), (4, 5), (4, 7), (7, 6)], [(0, 3), (0, 4), (0, 5), (0, 6), (0, 7), (1, 6), (2, 1), (2, 5), (2, 7), (3, 1), (3, 6), (4, 5), (4, 7), (5, 6), (7, 6)]], [[(0, 1), (1, 3), (1, 6), (2, 1), (2, 3), (2, 7), (4, 6), (4, 7), (5, 6), (6, 3), (7, 3)], [(0, 1), (1, 3), (1, 6), (2, 1), (2, 3), (2, 7), (3, 6), (3, 7), (4, 6), (4, 7), (5, 6)], [(0, 1), (1, 6), (2, 1), (2, 3), (2, 7), (3, 1), (3, 6), (4, 6), (4, 7), (5, 6), (7, 3)], [(0, 1), (2, 1), (1, 3), (1, 4), (1, 5), (1, 6), (2, 3), (2, 4), (2, 7), (6, 3), (3, 7), (4, 5), (6, 4), (7, 4), (6, 5)], [(0, 1), (2, 1), (3, 1), (1, 6), (2, 3), (2, 7), (3, 6), (7, 3), (4, 6), (4, 7), (5, 6)], [(0, 1), (1, 6), (2, 1), (2, 3), (2, 7), (3, 1), (4, 6), (4, 7), (5, 6), (7, 3)]], [[(0, 5), (0, 7), (3, 4), (3, 5), (4, 1), (4, 2), (5, 1), (6, 1), (6, 2), (7, 1), (7, 3), (7, 5)], [(2, 4), (3, 7), (4, 1), (4, 3), (5, 1), (6, 1), (7, 0), (7, 1)], [(3, 4), (3, 7), (4, 1), (4, 2), (5, 1), (6, 1), (6, 2), (7, 0), (7, 1), (7, 5)], [(1, 0), (0, 5), (0, 7), (1, 3), (4, 1), (1, 5), (1, 6), (1, 7), (4, 2), (6, 2), (4, 3), (3, 5), (3, 6), (7, 3), (4, 5), (4, 7), (6, 5), (7, 5)], [(7, 0), (4, 1), (5, 1), (6, 1), (7, 1), (4, 2), (3, 4), (7, 3)], [(0, 5), (0, 7), (3, 5), (4, 1), (4, 2), (4, 3), (5, 1), (6, 1), (7, 1), (7, 3), (7, 4), (7, 5)]], [[(0, 2), (0, 4), (2, 4), (3, 0), (3, 4), (3, 5), (5, 2), (5, 4), (6, 0), (6, 5), (7, 0), (7, 2), (7, 4), (7, 5)], [(0, 2), (0, 7), (3, 4), (4, 5), (5, 2), (5, 7), (6, 0), (6, 2), (6, 4)], [(0, 2), (0, 6), (0, 7), (3, 4), (4, 5), (5, 2), (6, 2), (6, 4), (7, 5)], [(2, 0), (3, 0), (4, 0), (5, 0), (0, 6), (7, 0), (2, 4), (2, 5), (2, 6), (7, 2), (3, 4), (4, 5), (4, 6), (7, 5), (7, 6)], [(0, 2), (6, 0), (7, 0), (5, 2), (6, 2), (3, 4), (4, 5), (6, 4), (7, 5)], [(2, 0), (3, 0), (4, 0), (4, 3), (4, 5), (5, 0), (5, 2), (6, 0), (6, 2), (6, 3), (6, 4), (7, 0), (7, 5)]], [[(0, 1), (0, 2), (0, 6), (2, 5), (2, 6), (3, 4), (3, 5), (3, 7), (4, 7), (5, 4), (6, 4), (6, 5)], [(0, 1), (2, 0), (2, 5), (3, 5), (3, 7), (4, 5), (4, 6), (4, 7), (6, 5)], [(0, 1), (0, 2), (2, 5), (3, 5), (3, 7), (4, 6), (4, 7), (5, 4), (5, 6)], [(1, 0), (0, 2), (0, 6), (7, 0), (2, 5), (6, 2), (7, 2), (3, 5), (6, 3), (7, 3), (5, 4), (6, 4), (7, 4), (6, 5), (7, 5), (7, 6)], [(0, 1), (2, 0), (5, 2), (3, 5), (3, 7), (4, 5), (4, 6), (4, 7), (6, 5)], [(0, 1), (2, 0), (2, 5), (3, 5), (3, 7), (4, 2), (4, 5), (4, 6), (4, 7), (6, 5)]], [[(0, 2), (0, 4), (0, 5), (1, 2), (1, 4), (1, 5), (1, 7), (2, 4), (2, 5), (3, 0), (3, 2), (3, 5), (4, 5), (6, 2), (6, 3), (6, 4), (6, 5), (6, 7), (7, 0), (7, 2), (7, 3), (7, 5)], [(0, 4), (1, 2), (2, 4), (2, 5), (2, 6), (3, 0), (3, 6), (5, 4), (6, 4), (6, 5), (7, 0), (7, 1), (7, 3)], [(0, 3), (0, 4), (0, 7), (1, 2), (2, 4), (2, 5), (3, 6), (3, 7), (5, 4), (6, 2), (6, 4), (6, 5), (7, 1)], [(0, 1), (0, 2), (0, 3), (0, 4), (0, 7), (1, 2), (5, 1), (6, 1), (7, 1), (3, 2), (4, 2), (5, 2), (7, 2), (3, 4), (5, 3), (3, 6), (3, 7), (5, 4), (6, 4), (4, 7), (5, 6), (6, 7)], [(0, 3), (0, 4), (7, 0), (1, 2), (7, 1), (2, 4), (2, 5), (2, 6), (6, 3), (7, 3), (5, 4), (4, 6), (5, 6)], [(0, 3), (0, 4), (1, 2), (1, 4), (1, 6), (1, 7), (2, 3), (2, 4), (2, 5), (3, 6), (4, 6), (5, 3), (5, 4), (5, 6), (7, 0), (7, 3), (7, 6)]], [[(1, 0), (1, 3), (1, 4), (1, 6), (1, 7), (3, 0), (4, 3), (5, 3), (5, 4), (6, 3), (6, 5), (6, 7), (7, 0), (7, 2), (7, 3), (7, 4), (7, 5)], [(0, 3), (0, 5), (1, 4), (1, 6), (3, 4), (3, 6), (4, 5), (5, 6), (7, 1), (7, 2), (7, 3), (7, 6)], [(0, 3), (2, 7), (3, 4), (3, 6), (4, 1), (4, 5), (5, 6), (6, 1), (7, 1), (7, 3), (7, 6)], [(0, 1), (0, 3), (3, 1), (1, 4), (6, 1), (7, 2), (3, 4), (3, 5), (3, 6), (7, 3), (5, 4), (6, 4), (6, 5), (7, 6)], [(0, 3), (0, 5), (1, 4), (6, 1), (7, 1), (7, 2), (4, 3), (6, 3), (7, 3), (5, 4), (6, 5), (7, 6)], [(0, 1), (1, 4), (2, 6), (2, 7), (3, 0), (3, 1), (3, 4), (5, 3), (5, 4), (5, 6), (5, 7), (6, 1), (6, 3), (6, 4), (6, 7), (7, 0), (7, 3)]], [[(0, 2), (0, 3), (0, 5), (0, 6), (0, 7), (3, 1), (3, 4), (3, 5), (3, 6), (3, 7), (4, 7), (6, 5), (6, 7), (7, 1), (7, 5)], [(0, 2), (0, 6), (0, 7), (1, 7), (3, 1), (3, 4), (5, 6), (5, 7), (6, 3)], [(0, 2), (1, 0), (1, 3), (1, 7), (3, 4), (3, 6), (6, 0), (6, 5), (7, 0), (7, 5)], [(0, 1), (0, 2), (3, 0), (0, 5), (6, 0), (0, 7), (3, 1), (1, 5), (1, 7), (3, 4), (3, 5), (6, 3), (3, 7), (4, 7), (6, 5), (5, 7)], [(0, 2), (6, 0), (7, 0), (3, 1), (7, 1), (3, 4), (6, 3), (6, 5), (7, 5)], [(0, 2), (0, 6), (1, 3), (1, 7), (3, 0), (3, 4), (3, 5), (3, 6), (3, 7), (5, 6), (7, 0), (7, 5)]], [[(1, 0), (1, 3), (2, 0), (2, 1), (2, 7), (3, 5), (3, 7), (4, 0), (4, 1), (4, 3), (4, 6), (5, 0), (6, 0), (6, 5)], [(1, 0), (2, 0), (2, 1), (2, 7), (3, 1), (3, 7), (4, 1), (5, 0), (6, 4), (6, 5)], [(0, 2), (1, 0), (1, 2), (1, 3), (1, 4), (2, 7), (3, 7), (4, 6), (5, 0), (6, 5)], [(0, 1), (0, 2), (0, 4), (5, 0), (1, 2), (1, 3), (1, 4), (6, 1), (1, 7), (2, 3), (4, 2), (6, 2), (2, 7), (4, 3), (5, 3), (7, 3), (5, 4), (6, 4), (6, 5)], [(1, 0), (0, 2), (5, 0), (1, 2), (3, 1), (4, 1), (2, 7), (3, 7), (6, 4), (6, 5)], [(1, 0), (2, 0), (2, 1), (3, 1), (3, 2), (3, 5), (3, 7), (4, 0), (4, 1), (4, 6), (5, 0), (6, 0), (6, 5), (7, 2)]], [[(0, 2), (0, 3), (0, 7), (1, 2), (1, 3), (1, 5), (2, 4), (2, 6), (4, 6), (5, 2), (5, 6), (7, 1), (7, 6)], [(0, 2), (0, 3), (2, 4), (2, 5), (5, 6), (7, 0), (7, 1), (7, 6)], [(0, 3), (2, 0), (2, 1), (2, 4), (2, 5), (6, 5), (6, 7), (7, 0), (7, 1)], [(1, 0), (0, 2), (3, 0), (0, 5), (0, 6), (0, 7), (1, 2), (1, 7), (2, 4), (2, 5), (4, 5), (4, 6), (6, 5), (7, 5), (7, 6)], [(0, 2), (0, 3), (7, 0), (7, 1), (2, 4), (5, 2), (5, 6), (7, 6)], [(0, 2), (0, 5), (0, 7), (1, 0), (1, 2), (1, 7), (2, 4), (2, 5), (2, 6), (3, 0), (4, 6), (5, 6), (7, 6)]], [[(0, 2), (2, 1), (2, 5), (2, 6), (3, 0), (3, 5), (3, 6), (3, 7), (4, 0), (4, 1), (4, 2), (4, 5), (4, 6), (5, 1), (7, 5)], [(0, 4), (0, 6), (1, 5), (2, 4), (2, 5), (2, 6), (3, 0), (3, 6), (3, 7), (4, 1), (5, 7)], [(0, 3), (0, 4), (0, 6), (1, 4), (2, 4), (2, 5), (2, 6), (3, 6), (3, 7), (5, 1), (5, 7)], [(0, 1), (0, 3), (0, 4), (0, 7), (1, 2), (1, 4), (5, 1), (2, 3), (2, 4), (5, 2), (2, 6), (7, 2), (5, 3), (3, 6), (7, 3), (4, 6), (7, 4), (5, 7)], [(0, 3), (0, 4), (0, 6), (4, 1), (1, 5), (2, 4), (2, 5), (2, 6), (3, 6), (3, 7), (5, 7)], [(0, 2), (1, 5), (2, 5), (2, 6), (3, 0), (3, 1), (3, 5), (3, 6), (3, 7), (4, 0), (4, 1), (4, 2), (4, 6), (7, 1), (7, 5)]], [[(0, 3), (0, 5), (1, 2), (1, 5), (1, 6), (1, 7), (4, 0), (4, 2), (4, 3), (4, 5), (5, 3), (5, 6), (7, 0), (7, 3), (7, 5), (7, 6)], [(0, 4), (0, 7), (1, 5), (1, 7), (2, 1), (3, 4), (3, 7), (5, 3), (5, 6), (6, 7)], [(0, 4), (0, 7), (1, 2), (1, 6), (3, 4), (3, 5), (3, 7), (4, 2), (5, 1), (5, 6), (7, 1), (7, 6)], [(0, 2), (0, 3), (0, 4), (6, 0), (0, 7), (2, 1), (1, 4), (5, 1), (6, 1), (1, 7), (2, 4), (2, 5), (3, 4), (5, 3), (7, 3), (5, 4), (7, 4), (6, 5), (5, 7), (6, 7)], [(0, 4), (0, 7), (1, 2), (1, 5), (1, 7), (3, 4), (5, 3), (3, 7), (6, 5), (6, 7)], [(0, 5), (1, 2), (1, 3), (1, 5), (1, 6), (1, 7), (3, 5), (4, 0), (4, 2), (4, 3), (4, 5), (5, 6), (7, 0), (7, 3), (7, 6)]], [[(0, 1), (0, 2), (0, 7), (1, 2), (1, 7), (3, 0), (3, 5), (3, 6), (3, 7), (4, 0), (4, 1), (4, 2), (5, 0), (5, 1), (5, 4), (5, 6), (6, 0), (6, 1), (6, 2), (6, 7)], [(0, 4), (0, 7), (1, 6), (3, 5), (3, 7), (4, 2), (4, 5), (5, 6), (7, 6)], [(0, 4), (0, 7), (1, 6), (1, 7), (3, 7), (4, 2), (4, 5), (5, 3), (5, 6), (7, 6)], [(1, 0), (4, 0), (0, 6), (0, 7), (1, 6), (1, 7), (4, 2), (5, 2), (2, 6), (5, 3), (3, 6), (3, 7), (5, 4), (4, 6), (5, 6), (6, 7)], [(4, 0), (0, 7), (6, 1), (4, 2), (3, 5), (3, 7), (5, 4), (6, 5), (6, 7)], [(0, 6), (0, 7), (1, 0), (1, 6), (1, 7), (2, 4), (2, 6), (3, 6), (3, 7), (4, 0), (4, 6), (5, 2), (5, 3), (5, 4), (5, 6), (6, 7)]], [[(1, 2), (1, 6), (1, 7), (2, 0), (2, 6), (3, 0), (3, 2), (3, 4), (3, 5), (3, 6), (4, 7), (5, 2), (5, 6), (6, 7), (7, 0)], [(0, 2), (1, 2), (1, 6), (3, 0), (3, 2), (3, 5), (4, 3), (4, 7), (5, 2), (5, 6), (6, 7), (7, 0)], [(1, 2), (1, 6), (2, 0), (3, 0), (3, 2), (3, 4), (3, 5), (4, 7), (5, 2), (5, 6), (6, 7), (7, 0)], [(1, 0), (0, 2), (3, 0), (0, 6), (0, 7), (1, 2), (1, 6), (3, 2), (2, 5), (7, 2), (3, 4), (3, 5), (3, 7), (6, 4), (7, 4), (6, 5), (6, 7)], [(0, 2), (3, 0), (0, 7), (2, 1), (1, 6), (3, 2), (5, 2), (3, 4), (5, 3), (7, 4), (5, 6), (6, 7)], [(1, 2), (1, 5), (1, 7), (2, 0), (3, 0), (3, 2), (3, 4), (3, 5), (4, 7), (5, 2), (6, 1), (6, 2), (6, 5), (6, 7), (7, 0)]], [[(1, 0), (2, 0), (2, 1), (2, 3), (2, 5), (3, 0), (3, 7), (4, 0), (4, 3), (5, 0), (5, 1), (5, 3), (7, 1), (7, 6)], [(0, 1), (0, 2), (1, 5), (1, 7), (2, 3), (2, 5), (3, 7), (4, 3), (7, 6)], [(0, 1), (0, 2), (0, 3), (2, 3), (3, 7), (4, 3), (5, 1), (5, 2), (7, 1), (7, 6)], [(0, 1), (0, 2), (0, 3), (5, 1), (7, 1), (2, 3), (2, 4), (5, 2), (7, 2), (4, 3), (5, 3), (7, 3), (7, 4), (7, 6)], [(0, 1), (0, 2), (5, 1), (7, 1), (2, 3), (5, 2), (4, 3), (3, 7), (7, 6)], [(0, 1), (0, 2), (0, 3), (3, 2), (4, 2), (4, 3), (5, 1), (5, 2), (6, 7), (7, 1), (7, 3), (7, 4)]], [[(0, 4), (0, 5), (0, 6), (1, 6), (2, 3), (2, 4), (4, 6), (5, 1), (5, 2), (5, 3), (5, 4), (5, 6), (7, 1)], [(0, 4), (0, 5), (0, 6), (1, 6), (2, 3), (2, 4), (2, 5), (4, 6), (5, 1), (5, 3), (7, 1)], [(0, 4), (0, 6), (1, 6), (2, 3), (2, 4), (2, 5), (4, 6), (5, 0), (5, 1), (5, 3), (7, 1)], [(0, 4), (5, 0), (0, 6), (5, 1), (1, 6), (7, 1), (2, 3), (2, 4), (5, 2), (5, 3), (5, 4), (4, 6), (5, 6)], [(0, 4), (5, 0), (0, 6), (5, 1), (1, 6), (7, 1), (2, 3), (2, 4), (5, 2), (5, 3), (4, 6)], [(0, 6), (1, 6), (2, 0), (2, 3), (2, 4), (4, 0), (4, 6), (5, 0), (5, 1), (5, 2), (5, 3), (5, 6), (7, 1)]], [[(0, 5), (0, 7), (2, 1), (2, 6), (5, 7), (6, 3), (6, 4), (7, 2), (7, 4), (7, 6)], [(0, 7), (1, 2), (2, 6), (2, 7), (4, 6), (4, 7), (5, 0), (5, 7), (6, 3), (6, 7)], [(0, 5), (1, 2), (2, 6), (2, 7), (4, 6), (4, 7), (6, 3), (6, 7), (7, 0), (7, 5)], [(0, 2), (0, 3), (0, 4), (5, 0), (0, 6), (0, 7), (2, 1), (3, 2), (4, 2), (5, 2), (2, 6), (2, 7), (3, 4), (3, 6), (5, 4), (4, 6), (4, 7), (5, 7), (6, 7)], [(5, 0), (7, 0), (2, 1), (6, 2), (7, 2), (6, 3), (6, 4), (7, 4), (7, 5), (7, 6)], [(2, 1), (2, 6), (2, 7), (5, 0), (6, 3), (6, 4), (6, 7), (7, 0), (7, 4), (7, 5)]], [[(1, 0), (1, 3), (2, 0), (2, 4), (3, 0), (3, 7), (4, 0), (4, 1), (5, 1), (5, 2), (5, 3), (6, 0), (6, 1), (6, 2), (6, 3), (6, 4), (6, 7)], [(0, 1), (0, 2), (0, 3), (0, 6), (1, 4), (1, 5), (1, 6), (2, 4), (2, 6), (3, 4), (3, 5), (3, 7), (4, 6), (6, 7)], [(0, 3), (0, 6), (1, 0), (1, 5), (1, 6), (2, 0), (2, 4), (2, 6), (3, 5), (3, 7), (4, 1), (4, 3), (4, 6), (6, 7)], [(1, 0), (0, 2), (0, 3), (4, 0), (0, 5), (0, 6), (1, 3), (1, 4), (1, 5), (1, 6), (4, 2), (2, 5), (6, 2), (5, 3), (6, 3), (7, 3), (4, 5), (4, 6), (7, 4), (6, 5), (7, 5), (7, 6)], [(0, 1), (0, 2), (3, 0), (0, 6), (1, 4), (1, 5), (1, 6), (2, 4), (2, 6), (3, 4), (3, 5), (3, 7), (4, 6), (6, 7)], [(0, 1), (0, 2), (0, 3), (0, 4), (0, 6), (1, 4), (1, 5), (1, 6), (2, 4), (2, 6), (3, 5), (3, 7), (5, 4), (6, 4), (6, 7)]], [[(0, 2), (0, 4), (0, 6), (1, 4), (1, 6), (1, 7), (2, 6), (2, 7), (4, 3), (4, 6), (6, 5), (7, 3), (7, 4)], [(0, 6), (1, 4), (1, 6), (1, 7), (2, 0), (2, 4), (2, 7), (3, 4), (3, 7), (6, 4), (6, 5)], [(0, 2), (0, 6), (1, 4), (1, 6), (1, 7), (2, 7), (3, 4), (3, 7), (4, 2), (4, 6), (6, 5)], [(2, 0), (0, 4), (5, 0), (0, 6), (0, 7), (4, 1), (6, 1), (7, 1), (2, 3), (2, 4), (2, 6), (2, 7), (3, 4), (5, 3), (3, 7), (5, 4), (4, 6), (7, 4), (5, 6), (5, 7), (7, 6)], [(2, 0), (0, 6), (1, 4), (1, 6), (1, 7), (4, 2), (7, 2), (3, 4), (3, 7), (4, 6), (6, 5)], [(0, 2), (0, 4), (0, 6), (1, 4), (1, 6), (1, 7), (2, 7), (4, 3), (4, 6), (6, 5), (7, 3), (7, 4)]], [[(0, 3), (0, 4), (1, 0), (1, 2), (1, 3), (1, 4), (2, 3), (2, 5), (2, 6), (2, 7), (3, 5), (3, 6), (5, 6), (7, 0), (7, 3), (7, 5)], [(0, 3), (0, 4), (1, 3), (1, 4), (2, 5), (3, 5), (3, 6), (6, 5), (7, 0), (7, 2)], [(0, 3), (0, 4), (1, 3), (1, 4), (2, 5), (2, 6), (2, 7), (3, 6), (6, 5), (7, 0), (7, 3)], [(0, 1), (0, 2), (0, 3), (0, 4), (0, 7), (2, 1), (3, 1), (4, 1), (1, 7), (3, 2), (5, 2), (2, 6), (2, 7), (3, 4), (5, 3), (3, 6), (3, 7), (5, 6)], [(3, 0), (4, 0), (7, 0), (3, 1), (1, 4), (2, 5), (7, 2), (5, 3), (6, 3), (6, 5)], [(0, 2), (0, 3), (0, 4), (0, 7), (1, 3), (1, 4), (2, 3), (2, 6), (2, 7), (3, 6), (5, 1), (5, 2), (5, 3), (5, 6), (5, 7), (7, 3)]], [[(0, 2), (0, 4), (0, 5), (0, 6), (1, 2), (1, 4), (1, 5), (2, 4), (3, 1), (3, 2), (3, 4), (3, 6), (5, 2), (6, 1), (6, 2), (7, 2), (7, 4), (7, 5), (7, 6)], [(0, 2), (1, 4), (1, 5), (2, 3), (3, 4), (3, 6), (4, 7), (5, 6), (7, 5), (7, 6)], [(0, 2), (1, 4), (1, 5), (3, 2), (3, 4), (3, 6), (7, 4), (7, 5), (7, 6)], [(0, 1), (0, 2), (0, 4), (0, 5), (0, 6), (1, 4), (1, 5), (7, 1), (3, 2), (2, 4), (2, 5), (2, 6), (7, 2), (3, 4), (3, 5), (3, 6), (7, 4), (5, 6), (7, 5), (7, 6)], [(0, 2), (1, 4), (1, 5), (3, 2), (3, 4), (3, 6), (7, 4), (5, 6), (7, 5), (7, 6)], [(0, 7), (1, 2), (1, 4), (1, 5), (2, 0), (2, 7), (3, 0), (3, 2), (3, 4), (3, 6), (3, 7), (4, 6), (4, 7), (5, 2), (5, 4), (5, 6), (5, 7), (6, 7)]], [[(0, 1), (0, 2), (0, 3), (0, 4), (0, 6), (0, 7), (1, 2), (1, 3), (1, 7), (2, 3), (4, 1), (4, 3), (4, 6), (4, 7), (5, 3), (5, 4), (5, 6), (5, 7), (6, 3), (6, 7), (7, 2)], [(0, 4), (0, 6), (0, 7), (1, 3), (1, 4), (1, 7), (2, 3), (2, 7), (4, 6), (5, 4), (5, 6)], [(0, 4), (0, 7), (1, 3), (1, 4), (1, 7), (2, 3), (4, 5), (4, 6), (5, 6), (7, 2)], [(0, 1), (0, 2), (0, 3), (0, 4), (0, 6), (0, 7), (1, 2), (1, 3), (4, 1), (1, 7), (3, 2), (7, 2), (4, 3), (5, 3), (6, 3), (7, 3), (5, 4), (6, 4), (4, 7), (5, 6), (5, 7), (6, 7)], [(0, 4), (0, 6), (7, 0), (1, 3), (1, 4), (1, 7), (2, 3), (2, 7), (4, 5), (4, 6), (5, 6)], [(0, 1), (0, 2), (0, 4), (0, 6), (0, 7), (1, 2), (3, 1), (3, 2), (3, 6), (4, 1), (4, 6), (5, 4), (5, 6), (7, 1), (7, 2), (7, 3), (7, 6)]], [[(0, 1), (0, 2), (0, 4), (1, 5), (1, 6), (2, 1), (2, 5), (2, 6), (4, 2), (4, 3), (4, 5), (4, 7), (6, 3), (7, 1), (7, 2), (7, 3)], [(0, 1), (1, 7), (2, 1), (2, 5), (2, 7), (3, 5), (3, 7), (4, 5), (4, 7), (6, 1)], [(0, 1), (1, 2), (1, 6), (1, 7), (2, 5), (2, 7), (5, 4), (7, 3), (7, 4)], [(1, 0), (0, 2), (0, 7), (1, 2), (4, 1), (1, 5), (1, 6), (1, 7), (4, 2), (5, 2), (6, 2), (7, 2), (4, 3), (3, 6), (7, 3), (4, 5), (4, 7)], [(1, 0), (1, 2), (1, 6), (7, 1), (2, 5), (7, 2), (3, 5), (3, 7), (4, 5), (4, 7)], [(0, 1), (0, 7), (1, 4), (1, 6), (1, 7), (2, 0), (2, 1), (2, 5), (2, 6), (2, 7), (4, 3), (4, 7), (5, 4), (7, 3)]], [[(0, 1), (0, 2), (0, 6), (0, 7), (1, 3), (1, 4), (1, 6), (1, 7), (2, 4), (2, 5), (3, 2), (3, 4), (3, 6), (6, 4), (6, 5), (6, 7), (7, 2)], [(0, 2), (1, 4), (2, 3), (2, 5), (4, 3), (5, 6), (6, 1), (6, 4), (7, 0), (7, 1)], [(0, 2), (0, 7), (1, 4), (1, 6), (2, 5), (3, 2), (3, 4), (4, 6), (6, 5), (7, 1)], [(0, 2), (4, 0), (0, 6), (7, 0), (1, 2), (4, 1), (6, 1), (7, 1), (3, 2), (4, 2), (2, 5), (6, 2), (4, 3), (3, 6), (4, 6), (7, 4), (6, 5)], [(0, 2), (7, 0), (1, 4), (1, 6), (7, 1), (3, 2), (2, 5), (3, 4), (4, 6), (6, 5)], [(0, 2), (0, 3), (0, 6), (0, 7), (1, 7), (2, 1), (2, 3), (3, 4), (4, 1), (5, 0), (5, 2), (5, 6), (6, 1), (6, 3), (6, 4), (6, 7)]], [[(0, 4), (1, 0), (1, 2), (2, 0), (3, 0), (3, 1), (3, 4), (3, 6), (3, 7), (5, 1), (5, 2), (5, 4), (5, 7), (6, 1), (6, 2), (7, 0), (7, 1), (7, 2), (7, 4)], [(1, 0), (2, 6), (3, 1), (3, 4), (3, 6), (4, 7), (5, 1), (5, 2), (7, 0), (7, 5)], [(1, 0), (1, 3), (1, 5), (2, 0), (2, 5), (2, 6), (3, 0), (3, 4), (3, 6), (5, 7), (7, 0), (7, 4)], [(0, 1), (0, 3), (0, 5), (0, 7), (2, 1), (3, 1), (5, 1), (5, 2), (2, 6), (3, 5), (3, 6), (7, 3), (4, 5), (4, 7), (5, 6), (7, 5)], [(1, 0), (7, 0), (3, 1), (5, 1), (5, 2), (6, 2), (4, 3), (3, 6), (7, 4), (7, 5)], [(0, 7), (1, 0), (2, 0), (2, 1), (2, 5), (2, 6), (3, 1), (3, 4), (3, 6), (3, 7), (4, 7), (5, 0), (5, 1), (5, 4), (5, 6), (5, 7)]], [[(0, 1), (0, 3), (1, 7), (3, 4), (3, 6), (3, 7), (4, 2), (5, 2), (5, 7)], [(0, 1), (0, 3), (1, 7), (3, 4), (3, 6), (3, 7), (4, 2), (5, 2), (5, 7)], [(0, 1), (1, 7), (2, 4), (2, 5), (3, 0), (3, 6), (3, 7), (4, 3), (5, 7)], [(0, 1), (3, 0), (1, 7), (4, 2), (5, 2), (3, 4), (3, 6), (3, 7), (5, 7)], [(0, 1), (3, 0), (1, 7), (4, 2), (5, 2), (3, 4), (3, 6), (3, 7), (5, 7)], [(0, 1), (0, 3), (1, 7), (3, 4), (3, 6), (3, 7), (4, 2), (5, 2), (5, 7)]], [[(0, 1), (0, 4), (0, 5), (0, 7), (1, 7), (2, 1), (2, 3), (2, 6), (4, 1), (4, 5), (4, 6), (6, 1), (6, 7)], [(0, 1), (0, 4), (0, 5), (1, 2), (1, 4), (2, 6), (3, 2), (4, 5), (4, 6), (7, 1), (7, 6)], [(0, 5), (1, 0), (1, 2), (1, 4), (1, 7), (2, 3), (4, 0), (4, 5), (4, 6), (6, 2), (6, 7)], [(0, 1), (4, 0), (5, 0), (2, 1), (4, 1), (7, 1), (2, 3), (2, 6), (4, 5), (4, 6), (7, 4), (7, 6)], [(0, 1), (4, 0), (0, 5), (2, 1), (4, 1), (1, 7), (2, 3), (2, 6), (4, 5), (4, 6), (6, 7)], [(0, 1), (0, 4), (0, 5), (2, 1), (2, 6), (3, 2), (4, 1), (4, 5), (4, 6), (4, 7), (7, 1), (7, 6)]], [[(0, 1), (0, 2), (0, 3), (0, 4), (4, 2), (4, 3), (4, 6), (5, 1), (5, 3), (5, 4), (5, 6), (6, 1), (6, 3), (7, 1), (7, 3), (7, 4), (7, 6)], [(0, 3), (2, 0), (4, 2), (4, 3), (4, 6), (5, 1), (5, 3), (5, 4), (7, 1), (7, 6)], [(0, 2), (0, 3), (0, 6), (1, 5), (1, 7), (2, 4), (4, 3), (4, 6), (5, 3), (5, 4), (7, 6)], [(1, 0), (0, 2), (0, 3), (0, 5), (1, 2), (1, 3), (1, 5), (1, 6), (7, 1), (3, 2), (2, 4), (2, 5), (2, 6), (7, 2), (3, 4), (3, 5), (3, 6), (7, 3), (5, 4), (6, 4), (7, 4), (6, 5), (7, 5), (7, 6)], [(2, 0), (0, 3), (5, 1), (7, 1), (4, 2), (4, 3), (3, 5), (4, 5), (4, 6), (7, 6)], [(0, 1), (0, 2), (0, 3), (0, 4), (3, 5), (4, 2), (4, 5), (5, 1), (6, 0), (6, 1), (6, 3), (6, 4), (6, 5), (7, 0), (7, 1), (7, 3), (7, 4), (7, 6)]], [[(0, 6), (1, 2), (1, 5), (2, 0), (2, 5), (3, 0), (3, 4), (4, 2), (4, 6), (5, 6), (7, 2), (7, 5), (7, 6)], [(0, 6), (1, 2), (1, 5), (1, 6), (2, 0), (3, 0), (4, 2), (4, 3), (5, 2), (5, 6), (7, 5)], [(0, 2), (0, 3), (0, 6), (1, 5), (1, 6), (2, 1), (2, 4), (2, 5), (3, 4), (4, 6), (5, 6), (5, 7)], [(2, 0), (3, 0), (0, 5), (0, 6), (1, 2), (1, 5), (1, 6), (4, 2), (2, 5), (2, 6), (7, 2), (4, 3), (4, 5), (4, 6), (6, 5), (7, 5)], [(2, 0), (3, 0), (0, 6), (1, 2), (1, 5), (1, 6), (2, 4), (5, 2), (4, 3), (5, 6), (7, 5)], [(0, 6), (1, 2), (1, 5), (2, 0), (2, 5), (3, 0), (4, 2), (4, 3), (4, 6), (5, 6), (7, 2), (7, 5), (7, 6)]], [[(0, 4), (1, 0), (2, 1), (2, 4), (3, 1), (3, 2), (3, 4), (3, 6), (5, 2), (5, 7), (6, 1), (6, 2), (6, 5)], [(0, 4), (1, 2), (2, 4), (2, 5), (3, 4), (5, 7), (6, 1), (6, 3)], [(0, 4), (2, 1), (2, 4), (2, 5), (3, 4), (3, 6), (5, 7), (6, 1)], [(0, 1), (0, 4), (1, 2), (3, 1), (1, 5), (1, 6), (2, 4), (5, 2), (2, 6), (3, 4), (3, 6), (5, 6), (5, 7)], [(0, 4), (2, 1), (6, 1), (2, 4), (5, 2), (3, 4), (6, 3), (7, 5)], [(0, 4), (1, 0), (1, 2), (1, 5), (2, 4), (3, 2), (3, 4), (5, 2), (5, 7), (6, 1), (6, 2), (6, 3)]], [[(0, 1), (0, 5), (0, 6), (0, 7), (2, 3), (2, 7), (4, 3), (5, 3), (5, 4), (5, 6), (6, 3), (7, 1)], [(0, 1), (0, 5), (0, 6), (0, 7), (2, 7), (4, 3), (4, 5), (5, 3), (5, 6), (6, 3), (7, 1)], [(0, 1), (0, 6), (0, 7), (2, 3), (2, 7), (4, 3), (4, 5), (5, 0), (5, 3), (5, 6), (6, 3), (7, 1)], [(0, 1), (0, 5), (0, 6), (0, 7), (7, 1), (2, 3), (2, 7), (4, 3), (5, 3), (6, 3), (5, 4), (6, 5)], [(0, 1), (0, 5), (0, 6), (0, 7), (7, 1), (2, 7), (4, 3), (5, 3), (6, 3), (5, 4), (6, 5)], [(0, 1), (0, 6), (0, 7), (2, 3), (2, 7), (4, 3), (5, 0), (5, 3), (5, 4), (5, 6), (6, 3), (7, 1)]], [[(0, 4), (0, 5), (1, 0), (1, 2), (1, 3), (1, 5), (1, 6), (1, 7), (2, 0), (2, 3), (2, 7), (3, 4), (3, 7), (4, 5), (6, 0), (6, 3), (6, 4), (6, 5), (7, 0), (7, 4), (7, 5)], [(0, 4), (0, 5), (0, 6), (1, 6), (1, 7), (2, 3), (2, 7), (3, 4), (3, 6), (4, 5), (5, 7)], [(0, 4), (0, 5), (0, 6), (1, 7), (2, 3), (2, 7), (3, 4), (4, 5), (6, 3), (7, 5)], [(2, 0), (0, 4), (0, 5), (6, 0), (0, 7), (1, 2), (1, 3), (1, 5), (6, 1), (1, 7), (2, 3), (2, 7), (3, 4), (6, 3), (3, 7), (4, 5), (6, 4), (7, 4), (6, 5), (7, 5), (6, 7)], [(4, 0), (0, 5), (0, 6), (6, 1), (1, 7), (3, 2), (2, 7), (4, 3), (3, 6), (4, 5), (7, 5)], [(0, 2), (0, 4), (0, 6), (1, 2), (1, 5), (1, 7), (3, 2), (3, 4), (3, 6), (5, 0), (5, 3), (5, 4), (5, 6), (7, 0), (7, 2), (7, 5), (7, 6)]], [[(0, 2), (1, 0), (1, 2), (1, 6), (2, 5), (3, 0), (3, 2), (3, 4), (3, 6), (3, 7), (4, 0), (4, 2), (4, 5), (4, 6), (4, 7), (6, 0), (6, 2), (6, 5), (7, 6)], [(1, 0), (1, 6), (2, 4), (2, 6), (3, 2), (3, 6), (5, 4), (6, 0), (7, 6)], [(0, 1), (0, 6), (1, 6), (1, 7), (2, 3), (4, 2), (4, 3), (4, 5), (6, 2), (6, 3), (6, 7)], [(1, 0), (0, 4), (6, 0), (1, 4), (1, 6), (2, 3), (2, 4), (2, 5), (2, 6), (7, 2), (3, 4), (3, 6), (4, 5), (6, 5), (7, 6)], [(1, 0), (6, 0), (1, 6), (3, 2), (4, 2), (6, 2), (3, 6), (5, 4), (7, 6)], [(0, 4), (1, 0), (1, 4), (1, 6), (2, 3), (2, 4), (2, 5), (2, 6), (2, 7), (3, 4), (3, 6), (4, 5), (6, 0), (6, 5), (7, 6)]], [[(0, 1), (0, 2), (0, 5), (0, 6), (0, 7), (2, 1), (3, 5), (3, 6), (3, 7), (5, 2), (5, 7), (6, 2), (6, 7), (7, 1), (7, 4)], [(0, 1), (0, 5), (0, 6), (1, 7), (2, 1), (3, 5), (3, 6), (5, 2), (6, 7), (7, 4)], [(0, 1), (2, 1), (2, 5), (3, 6), (5, 0), (5, 3), (6, 0), (7, 1), (7, 4), (7, 6)], [(0, 1), (3, 0), (5, 0), (0, 6), (7, 0), (2, 1), (7, 1), (3, 2), (5, 2), (2, 6), (7, 2), (3, 5), (3, 6), (4, 5), (7, 4), (7, 6)], [(0, 1), (5, 0), (6, 0), (2, 1), (7, 1), (5, 2), (3, 5), (3, 6), (7, 4), (7, 6)], [(0, 1), (0, 2), (0, 5), (0, 6), (2, 1), (2, 5), (2, 6), (3, 2), (3, 5), (3, 6), (7, 1), (7, 4), (7, 5), (7, 6)]], [[(0, 1), (0, 4), (1, 4), (3, 0), (3, 1), (3, 2), (3, 4), (3, 6), (4, 2), (4, 6), (5, 0), (5, 1), (5, 2), (5, 7), (6, 2), (7, 0), (7, 1), (7, 4)], [(0, 3), (0, 6), (0, 7), (1, 3), (1, 4), (1, 5), (2, 6), (3, 4), (4, 6), (4, 7), (5, 2), (5, 7)], [(1, 4), (2, 3), (2, 5), (2, 6), (2, 7), (3, 0), (3, 1), (3, 4), (4, 6), (5, 1), (5, 7), (6, 0), (7, 0), (7, 4)], [(1, 0), (0, 3), (4, 0), (0, 5), (0, 6), (0, 7), (2, 1), (1, 3), (4, 1), (1, 5), (1, 6), (1, 7), (2, 5), (2, 6), (2, 7), (4, 3), (3, 5), (6, 3), (7, 3), (4, 6), (4, 7), (6, 5), (7, 5), (7, 6)], [(3, 0), (6, 0), (0, 7), (3, 1), (4, 1), (5, 1), (5, 2), (6, 2), (3, 4), (6, 4), (4, 7), (5, 7)], [(0, 4), (0, 7), (1, 4), (1, 5), (3, 0), (3, 1), (3, 2), (3, 4), (3, 5), (3, 6), (3, 7), (4, 2), (4, 5), (4, 6), (4, 7), (5, 2), (5, 7), (6, 2)]], [[(0, 4), (1, 0), (3, 0), (3, 1), (3, 2), (3, 4), (3, 5), (4, 2), (5, 2), (5, 4), (5, 7), (6, 1), (6, 7)], [(0, 1), (0, 4), (1, 3), (2, 5), (3, 4), (3, 5), (4, 2), (4, 5), (5, 7), (6, 1), (6, 7)], [(0, 1), (1, 6), (2, 4), (2, 5), (3, 1), (3, 4), (3, 5), (4, 0), (5, 4), (5, 7), (6, 7)], [(0, 1), (0, 4), (3, 1), (1, 6), (3, 2), (4, 2), (5, 2), (3, 4), (3, 5), (3, 6), (5, 4), (5, 7), (6, 7)], [(0, 1), (0, 4), (3, 1), (1, 6), (4, 2), (2, 5), (3, 4), (3, 5), (4, 5), (5, 7), (6, 7)], [(0, 1), (0, 4), (0, 6), (3, 1), (3, 2), (3, 5), (4, 2), (5, 2), (5, 4), (5, 7), (6, 1), (6, 7)]], [[(0, 2), (0, 6), (1, 0), (1, 6), (3, 0), (3, 1), (3, 2), (3, 4), (3, 5), (3, 6), (4, 0), (4, 2), (4, 5), (4, 6), (5, 0), (5, 2), (5, 6), (7, 0), (7, 1), (7, 4), (7, 6)], [(0, 1), (0, 5), (2, 0), (3, 1), (4, 2), (4, 5), (5, 6), (6, 3), (7, 1), (7, 4)], [(0, 1), (0, 2), (0, 5), (3, 1), (4, 2), (4, 7), (5, 4), (5, 6), (6, 3), (7, 1)], [(1, 0), (2, 0), (0, 4), (5, 0), (0, 6), (0, 7), (3, 1), (1, 4), (1, 5), (1, 6), (1, 7), (2, 4), (2, 5), (3, 4), (3, 5), (3, 6), (3, 7), (5, 4), (6, 4), (7, 4), (5, 6), (7, 6)], [(1, 0), (2, 0), (0, 5), (3, 1), (7, 1), (4, 2), (3, 6), (4, 5), (7, 4), (5, 6)], [(0, 1), (0, 5), (0, 7), (1, 3), (1, 7), (2, 0), (2, 3), (2, 4), (3, 6), (3, 7), (4, 1), (4, 3), (4, 5), (4, 7), (5, 3), (5, 6), (6, 7)]]]

