Number of nodes=8
Number of samples=1000
Cut of limit used=0.001
total_score_ges=-406959.26088816905
total_score_pc=-460903.67725175107
total_score_mmhc=-437933.201963597
total_score_gis=-407215.20803978096
total_score_ske=-443657.4902955692
total_score_true=-406390.6841519549
shd dist ges to true=[17, 11, 14, 2, 15, 13, 12, 19, 7, 18, 15, 19, 11, 21, 7, 10, 5, 7, 19, 0, 8, 0, 15, 15, 24, 0, 19, 15, 23, 0, 9, 20, 25, 9, 14, 21, 11, 17, 16, 19, 13, 6, 20, 18, 16, 17, 23, 17, 13, 0, 18, 5, 0, 16, 12, 25, 19, 11, 18, 6, 22, 17, 16, 21, 19, 6, 10, 0, 12, 0, 0, 8, 5, 15, 5, 17, 28, 12, 6, 17, 8, 24, 3, 18, 6, 15, 9, 6, 12, 16, 20, 17, 13, 5, 9, 10, 18, 13, 7, 3]
shd dist pc to true=[10, 16, 15, 10, 13, 12, 12, 12, 11, 15, 9, 13, 16, 12, 13, 14, 13, 6, 14, 5, 14, 11, 14, 11, 8, 8, 13, 14, 15, 13, 12, 16, 23, 11, 14, 18, 12, 13, 16, 20, 6, 9, 15, 16, 15, 18, 19, 17, 8, 9, 17, 4, 14, 17, 7, 14, 16, 13, 11, 9, 21, 14, 11, 18, 20, 15, 4, 7, 13, 8, 6, 12, 13, 12, 10, 11, 13, 16, 9, 13, 10, 19, 9, 16, 16, 15, 10, 10, 12, 17, 6, 16, 14, 5, 9, 12, 13, 9, 14, 16]
shd dist mmhc to true=[11, 12, 16, 9, 13, 13, 9, 7, 9, 14, 14, 12, 16, 13, 11, 9, 15, 10, 15, 6, 17, 14, 11, 10, 9, 0, 13, 9, 10, 13, 8, 17, 22, 11, 16, 17, 12, 19, 14, 18, 6, 11, 14, 10, 11, 18, 16, 16, 6, 13, 13, 5, 10, 14, 10, 15, 16, 10, 9, 8, 19, 13, 13, 17, 19, 15, 4, 7, 11, 7, 8, 9, 16, 14, 15, 15, 11, 12, 11, 15, 14, 14, 14, 11, 19, 15, 10, 7, 9, 17, 13, 16, 15, 3, 12, 13, 14, 9, 9, 14]
shd dist gis to true=[15, 19, 15, 9, 14, 22, 5, 12, 13, 16, 13, 14, 5, 15, 8, 12, 10, 7, 23, 2, 0, 0, 16, 1, 0, 0, 10, 12, 15, 9, 16, 22, 22, 9, 15, 26, 15, 12, 14, 12, 13, 12, 10, 12, 19, 22, 19, 15, 11, 18, 13, 11, 0, 18, 6, 23, 15, 21, 17, 8, 25, 13, 17, 24, 17, 17, 19, 15, 12, 15, 17, 14, 15, 12, 5, 15, 11, 17, 6, 22, 23, 19, 7, 22, 13, 23, 16, 13, 13, 20, 5, 14, 15, 12, 0, 22, 20, 15, 6, 19]
shd dist ske to true=[11, 18, 15, 13, 15, 12, 11, 11, 11, 14, 12, 15, 12, 12, 12, 12, 14, 10, 14, 5, 19, 12, 11, 15, 12, 4, 15, 12, 15, 11, 6, 17, 23, 10, 15, 17, 15, 13, 15, 19, 6, 12, 15, 12, 12, 18, 16, 15, 13, 12, 17, 4, 12, 13, 8, 14, 13, 10, 10, 9, 17, 15, 12, 16, 18, 17, 4, 7, 13, 10, 6, 8, 10, 15, 8, 13, 18, 17, 10, 13, 12, 17, 11, 16, 18, 16, 10, 9, 12, 15, 11, 18, 14, 5, 13, 12, 13, 11, 11, 16]

score_vector_ges=[-4123.2181584557065, -4016.381549879363, -4103.5280973179615, -4044.750243811617, -3899.284839198554, -4213.161641617248, -4118.793448268401, -4098.060445413551, -4141.398535908148, -4104.152698173907, -4087.0589490794137, -3997.502433991823, -4097.994209329669, -4094.284019516202, -4150.923511668827, -4003.3221763964984, -4007.9813198922475, -4099.36946516255, -4177.779911512993, -3920.1327166755145, -4064.537583696093, -3943.2219741765953, -4151.775649418676, -3936.382708674455, -3997.0686218010187, -4199.654551875425, -3958.5690507168288, -3946.1437946929914, -4104.0173484482775, -4153.572098036044, -4188.567919184811, -4106.169144249161, -4011.112676989692, -4065.377398161612, -4144.013622947619, -4081.05005969041, -4063.2216116186332, -4084.1195512819168, -4018.2299828354353, -4096.3821363032675, -4003.5824201156147, -4050.6943542594017, -3992.076061268321, -4020.5170905487385, -4054.472068787622, -4155.415119853873, -4086.998152652643, -4012.548322070628, -4118.262568919089, -3943.4711639456245, -4075.52614488983, -4012.5063792154174, -4108.686548529139, -4108.6006656478885, -3955.4130198938587, -4091.0535350748432, -4052.904141682305, -3978.253797846735, -4072.2833698106615, -4056.867915842261, -4162.957447645193, -4183.5100269745735, -4139.709157458729, -4135.130351649509, -4253.828898264789, -4077.272257504429, -4067.6634921626205, -4061.8714667880913, -4066.3469595777333, -4035.097255775943, -3904.288327612204, -4081.6417910410955, -4136.841855579379, -4005.9798607989724, -4049.5932513687635, -4059.677501542191, -4116.084181085886, -4109.3690546885255, -4063.465543408649, -3981.404549055143, -4120.458602568111, -4101.094166446464, -4103.809861619694, -4081.293290047669, -4037.5032109797544, -4136.654371748443, -4020.1505228213186, -4076.6800888333178, -4067.9131336391847, -4043.0977732030415, -4012.1375476526546, -4029.5581976271033, -4065.510161607802, -4172.508608907925, -3946.6819522851015, -4139.260980318473, -4075.323491532405, -4026.191036406959, -4141.281652113659, -4108.020310903852]

score_vector_pc=[-4758.888927371127, -4446.334568081239, -4429.424127963796, -4669.890368616439, -4213.095572814721, -4662.094607764962, -4589.85611462083, -4560.659152214474, -4355.694690403618, -4499.51136477467, -4642.69534225739, -4633.165999773068, -4678.658686815819, -5170.465061347352, -4989.853507931027, -4410.934782852126, -4636.433571110724, -4986.117815593529, -4368.173535403721, -4039.4127365277586, -4810.679956675421, -4680.312414832895, -4621.008166329476, -4404.963321472432, -4274.410665601295, -4589.606872991728, -4244.287728085686, -4288.846805121766, -4657.787687473127, -4969.468987746628, -4579.186087122942, -4329.130928034692, -4931.589131493798, -4144.3870697987995, -5032.119654238276, -4594.203111953175, -4387.075270965245, -5181.676832120021, -4501.039601405005, -4316.399497025126, -4174.723213417438, -4337.206841892906, -4264.3366327329595, -4824.104448354253, -4571.331054593546, -4711.472183213448, -4659.030299910274, -4803.710287076929, -4515.791549381323, -4388.277634939708, -4838.013812804453, -4302.329107881361, -4619.809505911646, -4960.207032578498, -4289.894752206366, -4721.456210906011, -5483.941602152907, -4436.045519732678, -4315.002771705626, -4673.59339032378, -5836.821720519207, -4932.023857583752, -4530.484257041664, -4878.865680509002, -5204.54663734565, -4448.628657258072, -4117.310703839352, -4365.315281464159, -4404.478209916636, -4572.490679179777, -4020.0685764034247, -4447.686127369039, -4587.960373428571, -4448.124889389915, -4324.5923643450105, -4542.490947087951, -5168.687159024, -4807.6732193774815, -4486.784768104508, -4715.9577322184605, -4779.16678583303, -4390.689811758571, -4824.39157707141, -4832.092641385261, -4767.3088907234705, -4931.187596690747, -4518.023993837519, -4735.9467231148965, -4575.965995564244, -4848.190865887843, -4722.64696029631, -4900.980580412647, -4673.389699616761, -4610.877372416556, -4594.661279463601, -4463.157848857978, -4417.679804264432, -4380.457690692127, -4351.590466671989, -4574.460649344032]

score_vector_mmhc=[-4230.830672064228, -4536.9488825496355, -4332.940210539777, -4269.847474396115, -4001.634073127138, -4763.74457006344, -4346.003954253114, -4443.20037193395, -4314.732481335092, -4422.19204829863, -4416.299295257428, -4548.759998344645, -4230.0277715093125, -4573.632639480178, -4639.354340196079, -4189.480850788734, -4362.938693223944, -4209.571655015617, -4456.461577953175, -3987.97452623635, -4512.96737261293, -4123.44777759201, -4527.101560093051, -4125.027749919074, -4356.213335458364, -4199.654551875425, -4123.709583167082, -4157.960028616002, -4329.525387977359, -4491.992920324084, -4356.7730545747145, -4250.210881930678, -4624.254300653025, -4077.4506912221605, -4475.5711020712515, -4468.977239042711, -4339.470728703738, -4872.382311286054, -4425.104113134819, -4283.827608158236, -4066.996689687122, -4189.064068662497, -4187.344379049012, -4591.589925778347, -4274.993129104811, -4392.169160201385, -4590.139375371266, -4275.8690287007275, -4193.743775080834, -4215.949683406221, -4108.366678659721, -4025.4707490415276, -4338.470062556167, -4687.1716355649, -4170.285467061757, -4748.095638474372, -4665.571111367905, -4207.426452081903, -4327.54867241899, -4210.352257739492, -5288.0359860247145, -4680.554063885855, -4480.034606467683, -4797.918389303816, -4704.232418331091, -4335.956614688825, -4117.310703839352, -4292.572638364892, -4394.493554112, -4325.419700266643, -4137.419893035849, -4178.699820545283, -4508.802386107117, -4200.5315220003595, -4301.52786377797, -4231.323903834532, -5182.064769618674, -4486.736650674255, -4179.33089561623, -4355.022832976695, -4478.255587180843, -4267.702833464698, -4290.883324051831, -4396.299454624127, -4397.543425315906, -4911.962954299313, -4310.757620957685, -4334.799307791075, -4253.98608002087, -4587.477174454338, -4334.991605438426, -4375.224768258355, -4649.76665464289, -4284.084332047447, -4275.204833117152, -4456.191320662983, -4309.250422592175, -4278.915760230901, -4266.862417571011, -4430.236548414757]

score_vector_gis=[-4118.6700973097795, -4022.229735867052, -4100.195900652925, -4050.696581693198, -3911.603895805982, -4215.794669631008, -4122.696896530142, -4107.429050796493, -4162.6193838016125, -4106.667200437005, -4088.411960442151, -3991.115680308136, -4094.5952133335672, -4094.7540165987402, -4146.750201539798, -3994.7738496714655, -4017.0301400617395, -4097.988339825149, -4181.96552760074, -3920.6598091907285, -4065.232283987596, -3943.221974176595, -4146.701947359233, -3926.8981799166017, -3981.1016266510273, -4199.654551875425, -3958.15554390424, -3952.623768680741, -4103.583757837934, -4153.862544744386, -4197.86918452247, -4111.263745607676, -4008.772494022851, -4072.870284908589, -4153.387057091736, -4082.710762335664, -4080.967597221382, -4086.1323531748294, -4034.6549843980156, -4090.357395166627, -4001.1492367872365, -4055.997619381762, -3986.1460113446074, -4017.7682487649354, -4057.3256461344927, -4164.142175302868, -4087.9989621566856, -4011.1758336186867, -4129.616472221717, -3955.3880091348083, -4079.203939601924, -4016.1209689141924, -4108.686548529139, -4106.775155229734, -3949.318669713535, -4091.1668352056254, -4045.5174438452555, -3992.814893549571, -4063.1559602600482, -4062.0373338278723, -4157.317395916331, -4188.2377838764305, -4144.928521072176, -4142.080647681494, -4253.688937791404, -4095.781603627287, -4074.464949135822, -4076.9493437662513, -4066.3469595777333, -4047.022394056992, -3921.431973547237, -4102.515533658669, -4145.8726912771735, -4010.0771774011914, -4049.5932513687635, -4059.935156619168, -4102.418439744326, -4110.30202013074, -4063.465543408649, -3987.9261486425653, -4124.381589102371, -4094.3045770712047, -4103.559763937841, -4087.08727009681, -4033.6709668526696, -4145.663641240793, -4021.907494586447, -4087.0733250905337, -4054.17811322134, -4046.4264519612207, -4004.1001236172046, -4032.8520040295302, -4063.794966756489, -4180.613685928429, -3935.3367328933973, -4141.004403216483, -4076.2408506677934, -4045.396327725235, -4141.1886832706705, -4117.894444008329]

score_vector_gis_b=[]

score_vector_ges_gis=[]

score_vector_gis_phased_b=[]

score_vector_ske=[-4365.372288080892, -4427.285417626295, -4379.990895877414, -4459.57617225314, -4046.8793688702585, -4662.094607764962, -4391.296339111872, -4356.161871161647, -4305.559584959703, -4480.684328162204, -4453.178478491102, -4447.767008754815, -4563.189007203968, -4743.717981569527, -4875.916814719721, -4347.717611787402, -4387.529737312534, -4217.99125909558, -4277.76633266864, -4039.4127365277586, -4638.69902102828, -4490.900928831807, -4499.833357993515, -4303.201862800433, -4472.415659255646, -4292.978779787124, -4182.058721502572, -4276.417467798459, -4500.055685203545, -4460.509272007045, -4553.929236584753, -4273.894064727529, -4931.589131493798, -4068.250633373991, -4539.11231039992, -4455.628452048676, -4285.144754432842, -4970.0664186938175, -4395.427617733736, -4303.0739889184615, -4140.422829691747, -4329.117487319469, -4167.040009785897, -4246.751138633239, -4288.477625916238, -4597.867657712973, -4576.0764462550305, -4672.300676560814, -4254.345209771785, -4231.683253051467, -4631.709641773398, -4036.6543882173346, -4490.299084844753, -4693.969821626941, -4260.690235203554, -4721.456210906011, -4725.732132810097, -4285.948550279414, -4272.290537319825, -4259.106407761593, -5069.313391029245, -4760.489920735654, -4242.612018558364, -4685.09610404624, -4725.40704714894, -4415.833602212846, -4117.310703839352, -4365.315281464159, -4422.865761352055, -4366.214987030612, -4020.0685764034247, -4305.902173478758, -4488.700428704856, -4175.619459960544, -4183.084172925761, -4384.074130730822, -4814.550039853169, -4650.178927731814, -4322.489393267393, -4386.087688772265, -4596.734993080063, -4371.798187585061, -4512.804507775602, -4754.704129576396, -4462.089125709012, -4726.425051093941, -4310.970694908922, -4588.017288575683, -4397.034013718634, -4465.801152778355, -4521.852795196507, -4606.073111536978, -4673.389699616761, -4610.877372416556, -4383.79461180962, -4463.157848857978, -4337.1003428975855, -4252.023050375171, -4272.603066250828, -4444.810890506314]

score_vector_opt=[]

score_vector_true=[-4108.3661765976385, -4017.802193931251, -4094.802226118293, -4045.884215539468, -3906.2247335966235, -4205.192642913146, -4119.204669098082, -4093.6985717675334, -4144.796459712606, -4092.891174355652, -4074.2444688614933, -3983.6744199742157, -4098.534321966622, -4074.464862242532, -4153.104690693048, -3998.4470884057564, -4011.6152477279797, -4093.6145286156907, -4170.13213684014, -3920.1327166755145, -4065.232283987596, -3943.221974176595, -4146.711118268335, -3930.280647611467, -3981.1016266510273, -4199.654551875425, -3950.6115709078404, -3945.6798478869387, -4094.462809139278, -4153.572098036044, -4171.33768921823, -4098.205573361557, -4008.139737157891, -4069.025262075653, -4139.076039478199, -4071.0809688446157, -4071.4486350083375, -4084.6826039791185, -4011.895793496616, -4091.1381542783274, -3995.055065653252, -4039.37014259015, -3987.8266166057965, -4026.9999305897786, -4039.09796302016, -4158.389588435934, -4078.8255846593734, -4008.6239464826563, -4117.499059513375, -3943.4711639456245, -4071.80607247956, -4009.611970878156, -4108.686548529139, -4096.752304735116, -3939.2446465855446, -4073.0961983626926, -4041.624311334359, -3971.858079065694, -4053.1475753431732, -4054.6356958482693, -4149.346923636892, -4171.7728816360805, -4125.547818822513, -4135.275181044183, -4246.891441200143, -4075.9932211534265, -4060.2113564428673, -4061.8714667880913, -4071.8186530407947, -4035.097255775943, -3904.288327612204, -4090.5143132509897, -4128.3276557028075, -3995.685699960631, -4050.5255472678186, -4049.3537783470983, -4094.18366212762, -4106.563683888919, -4065.2157304429825, -3969.0306146045605, -4110.383418325665, -4089.3222952443266, -4103.05493274434, -4076.8908835247566, -4035.3614333671594, -4130.729611183626, -3999.7682813867514, -4071.2797887469706, -4042.0340219651257, -4041.6062840813956, -4003.6763766280337, -4020.9993687066003, -4060.915462554186, -4167.389903516721, -3935.3367328933973, -4131.546005542129, -4063.845923392779, -4018.892841844834, -4141.076967929324, -4110.049409899804]

step_vector_gis=[28, 32, 38, 26, 37, 35, 38, 31, 29, 36, 27, 38, 36, 32, 36, 38, 39, 27, 33, 35, 39, 42, 35, 38, 45, 38, 39, 35, 30, 32, 29, 35, 34, 24, 40, 38, 26, 39, 36, 35, 23, 36, 27, 28, 39, 37, 34, 34, 35, 32, 34, 24, 40, 35, 38, 32, 39, 34, 28, 36, 36, 33, 34, 33, 33, 31, 34, 36, 43, 29, 37, 34, 33, 28, 37, 31, 35, 40, 32, 34, 39, 39, 39, 40, 37, 32, 36, 33, 39, 30, 42, 35, 39, 27, 37, 34, 30, 33, 39, 27]

step_vector_ske=[5, 1, 3, 4, 3, 4, 6, 3, 5, 5, 1, 5, 3, 2, 3, 3, 3, 5, 8, 2, 4, 4, 4, 3, 2, 5, 5, 6, 8, 6, 5, 2, 4, 6, 3, 3, 2, 2, 6, 3, 4, 2, 8, 2, 7, 4, 1, 4, 3, 3, 3, 1, 8, 9, 2, 2, 3, 4, 4, 6, 8, 7, 7, 3, 5, 4, 4, 0, 4, 3, 5, 6, 7, 8, 4, 1, 4, 2, 3, 7, 0, 1, 1, 2, 6, 6, 2, 4, 3, 3, 3, 6, 3, 4, 4, 1, 3, 2, 5, 3]

step_vector_ges_gis=[]

step_vector_gis_b=[]

step_vector_gis_phased_b=[]

return_dags_vector=[['ges', 'pc', 'mmhc', 'gis', 'ske', 'true'], [[(0, 1), (0, 2), (0, 3), (0, 5), (0, 7), (1, 7), (2, 1), (2, 7), (3, 1), (3, 2), (3, 6), (3, 7), (4, 3), (4, 6), (5, 1), (5, 2), (5, 3), (5, 4), (5, 6), (6, 1), (6, 7)], [(0, 2), (0, 3), (0, 5), (1, 2), (1, 3), (1, 5), (4, 3), (4, 5), (6, 1), (6, 3), (7, 1)], [(0, 2), (1, 2), (3, 0), (3, 1), (3, 4), (3, 6), (4, 5), (5, 0), (5, 1), (6, 1), (6, 7), (7, 1)], [(2, 0), (3, 0), (0, 4), (0, 5), (6, 0), (7, 0), (2, 1), (3, 1), (1, 5), (6, 1), (7, 1), (2, 3), (7, 2), (3, 4), (3, 5), (6, 3), (7, 3), (5, 4), (6, 4), (7, 6)], [(2, 0), (3, 0), (0, 5), (2, 1), (1, 3), (1, 5), (6, 1), (7, 1), (3, 4), (6, 3), (5, 4)], [(0, 2), (0, 5), (1, 5), (1, 6), (2, 1), (3, 0), (3, 1), (3, 2), (3, 4), (3, 6), (4, 0), (4, 5), (7, 1), (7, 2), (7, 6)]], [[(0, 1), (0, 2), (0, 3), (0, 4), (0, 5), (1, 3), (1, 4), (1, 6), (1, 7), (2, 4), (3, 2), (3, 6), (5, 2), (5, 3), (5, 4), (6, 2), (6, 7), (7, 2)], [(0, 1), (0, 3), (0, 4), (1, 7), (2, 4), (2, 6), (2, 7), (3, 6), (4, 7), (5, 0), (5, 3), (5, 4), (6, 7)], [(0, 1), (0, 3), (0, 4), (0, 5), (1, 7), (2, 4), (3, 5), (5, 2), (5, 4), (6, 2), (6, 3), (7, 2), (7, 4), (7, 6)], [(0, 1), (3, 0), (0, 4), (0, 5), (6, 0), (0, 7), (2, 1), (1, 4), (1, 7), (2, 4), (2, 5), (2, 6), (2, 7), (3, 5), (3, 6), (3, 7), (5, 4), (6, 5), (5, 7), (6, 7)], [(0, 1), (3, 0), (0, 4), (0, 5), (1, 7), (2, 4), (2, 6), (2, 7), (3, 5), (3, 6), (4, 5), (7, 4), (6, 7)], [(0, 2), (0, 4), (1, 0), (1, 4), (1, 7), (2, 4), (3, 0), (3, 2), (3, 6), (5, 0), (5, 1), (5, 2), (5, 3), (5, 4), (5, 6), (6, 1), (6, 2), (6, 7), (7, 2)]], [[(1, 2), (1, 3), (1, 5), (1, 6), (1, 7), (2, 0), (2, 3), (2, 4), (2, 5), (2, 6), (3, 0), (3, 4), (3, 5), (3, 6), (3, 7), (4, 0), (4, 6), (4, 7), (5, 0), (5, 6), (7, 0), (7, 5), (7, 6)], [(0, 5), (0, 7), (1, 3), (2, 0), (2, 5), (3, 0), (4, 2), (4, 3), (4, 7), (6, 1), (6, 2), (6, 5), (6, 7)], [(0, 2), (0, 3), (0, 5), (0, 7), (1, 3), (1, 6), (2, 4), (4, 3), (4, 7), (5, 3), (5, 6), (6, 2), (6, 7)], [(2, 0), (0, 3), (0, 5), (0, 7), (3, 1), (4, 1), (5, 1), (6, 1), (2, 3), (4, 2), (2, 5), (6, 2), (2, 7), (4, 3), (5, 3), (7, 3), (6, 4), (4, 7), (6, 5), (6, 7)], [(2, 0), (3, 0), (0, 5), (0, 7), (1, 3), (1, 6), (2, 4), (2, 5), (2, 6), (3, 4), (7, 4), (6, 5), (6, 7)], [(2, 0), (2, 5), (2, 6), (3, 0), (3, 1), (4, 0), (4, 1), (4, 2), (4, 3), (4, 5), (4, 7), (5, 0), (5, 1), (5, 3), (5, 6), (6, 1), (7, 0), (7, 5), (7, 6)]], [[(0, 3), (0, 5), (0, 7), (1, 3), (1, 4), (1, 6), (2, 6), (3, 5), (4, 3), (4, 5), (4, 7), (6, 4), (7, 3), (7, 5)], [(0, 3), (1, 3), (1, 4), (4, 3), (5, 0), (6, 2), (6, 4), (7, 3), (7, 4)], [(0, 3), (0, 5), (0, 7), (1, 3), (1, 5), (4, 1), (4, 3), (4, 5), (4, 6), (4, 7), (6, 2), (7, 3)], [(1, 0), (3, 0), (0, 5), (7, 0), (3, 1), (1, 4), (1, 7), (6, 2), (3, 4), (3, 5), (6, 3), (3, 7), (4, 5), (6, 4), (4, 7), (7, 5)], [(0, 3), (0, 5), (3, 1), (1, 4), (6, 2), (3, 4), (7, 3), (4, 6), (7, 4)], [(0, 3), (0, 5), (0, 7), (1, 3), (1, 4), (1, 6), (1, 7), (2, 6), (3, 5), (3, 7), (4, 3), (4, 5), (4, 7), (6, 4), (7, 5)]], [[(1, 4), (2, 1), (2, 5), (2, 6), (2, 7), (3, 6), (3, 7), (5, 1), (5, 6), (5, 7), (6, 0), (6, 7), (7, 0), (7, 1), (7, 4)], [(0, 7), (1, 2), (1, 4), (1, 5), (2, 7), (3, 6), (3, 7), (4, 7), (5, 2), (5, 6), (6, 7)], [(0, 7), (1, 2), (1, 4), (1, 5), (2, 6), (3, 6), (5, 2), (5, 6), (7, 2), (7, 3), (7, 4), (7, 6)], [(2, 0), (4, 0), (0, 7), (2, 1), (4, 1), (1, 5), (2, 3), (2, 5), (2, 6), (2, 7), (6, 3), (7, 3), (4, 6), (4, 7), (6, 5), (7, 5), (6, 7)], [(7, 0), (2, 1), (4, 1), (5, 1), (5, 2), (2, 7), (3, 6), (3, 7), (4, 7), (5, 6), (6, 7)], [(1, 4), (1, 5), (2, 1), (2, 5), (2, 6), (3, 2), (3, 6), (6, 5), (7, 0), (7, 1), (7, 2), (7, 3), (7, 4), (7, 5), (7, 6)]], [[(0, 2), (0, 3), (0, 4), (0, 7), (1, 2), (1, 7), (3, 2), (4, 1), (4, 2), (4, 7), (5, 1), (5, 4), (5, 7), (6, 1), (6, 2), (6, 3), (6, 4), (6, 7), (7, 2), (7, 3)], [(0, 4), (1, 2), (2, 6), (3, 2), (3, 6), (4, 1), (5, 1), (5, 4), (7, 0), (7, 3)], [(0, 3), (0, 4), (0, 7), (1, 2), (1, 4), (1, 5), (2, 6), (3, 2), (3, 6), (5, 4), (6, 4)], [(2, 0), (3, 0), (0, 4), (0, 5), (0, 6), (7, 0), (1, 2), (1, 4), (1, 5), (1, 6), (1, 7), (3, 2), (2, 4), (2, 6), (3, 4), (3, 6), (3, 7), (4, 5), (6, 4), (7, 5), (7, 6)], [(0, 4), (7, 0), (1, 2), (4, 1), (5, 1), (3, 2), (2, 6), (3, 6), (7, 3), (5, 4)], [(0, 1), (0, 2), (0, 3), (0, 4), (0, 7), (2, 1), (3, 1), (3, 2), (3, 6), (3, 7), (4, 1), (5, 1), (5, 2), (5, 4), (6, 1), (6, 2), (6, 4), (7, 1), (7, 2)]], [[(2, 0), (2, 3), (2, 7), (3, 0), (3, 6), (3, 7), (4, 0), (4, 2), (4, 7), (5, 0), (5, 1), (5, 2), (5, 6), (7, 0), (7, 1)], [(0, 2), (0, 5), (1, 0), (1, 7), (2, 3), (2, 4), (2, 5), (3, 6), (3, 7), (4, 7), (5, 6)], [(0, 2), (0, 5), (1, 7), (2, 4), (3, 2), (3, 6), (5, 2), (5, 6), (5, 7), (7, 3), (7, 4)], [(0, 2), (0, 4), (0, 5), (0, 7), (5, 1), (7, 1), (3, 2), (4, 2), (5, 2), (3, 4), (3, 5), (3, 6), (3, 7), (4, 7), (5, 6), (5, 7)], [(1, 0), (0, 2), (0, 5), (7, 1), (3, 2), (2, 4), (5, 2), (3, 6), (7, 3), (7, 4), (5, 6)], [(0, 2), (0, 5), (0, 7), (2, 4), (2, 5), (3, 2), (3, 5), (3, 6), (3, 7), (4, 5), (4, 7), (5, 1), (5, 6), (5, 7), (7, 1)]], [[(0, 1), (0, 3), (0, 4), (0, 5), (0, 6), (1, 3), (1, 4), (1, 6), (1, 7), (2, 4), (2, 6), (3, 2), (3, 7), (5, 4), (5, 6), (7, 2), (7, 4), (7, 5)], [(0, 1), (0, 5), (1, 3), (1, 6), (2, 3), (2, 4), (2, 6), (3, 7), (4, 7), (5, 6), (5, 7)], [(0, 1), (0, 5), (1, 3), (1, 5), (1, 6), (2, 3), (2, 4), (4, 7), (5, 7), (6, 5), (7, 3)], [(0, 1), (0, 2), (0, 5), (0, 7), (1, 2), (1, 3), (4, 1), (1, 5), (1, 6), (1, 7), (3, 2), (4, 2), (5, 2), (6, 2), (2, 7), (4, 3), (3, 6), (3, 7), (4, 7), (6, 5), (5, 7)], [(0, 1), (5, 0), (1, 3), (1, 6), (3, 2), (4, 2), (2, 6), (7, 3), (4, 7), (5, 6), (5, 7)], [(0, 2), (0, 4), (0, 5), (1, 0), (1, 3), (1, 4), (1, 5), (2, 3), (4, 2), (4, 7), (5, 2), (5, 7), (6, 1), (6, 2), (6, 5), (7, 2), (7, 3)]], [[(0, 1), (0, 6), (0, 7), (2, 0), (2, 6), (3, 7), (4, 2), (5, 0), (5, 2), (5, 7), (6, 1), (7, 1)], [(1, 0), (2, 6), (4, 2), (5, 0), (5, 2), (6, 0), (6, 1), (7, 1), (7, 3)], [(0, 1), (0, 2), (0, 5), (0, 6), (1, 7), (2, 6), (3, 7), (4, 2), (5, 2), (6, 1)], [(0, 1), (0, 2), (0, 5), (0, 6), (0, 7), (3, 1), (1, 4), (1, 5), (1, 6), (1, 7), (4, 2), (2, 5), (2, 6), (3, 7), (4, 5), (5, 7), (7, 6)], [(1, 0), (5, 0), (6, 0), (6, 1), (1, 7), (4, 2), (5, 2), (2, 6), (3, 7)], [(0, 1), (0, 6), (0, 7), (2, 0), (2, 4), (2, 6), (3, 7), (5, 0), (5, 2), (5, 4), (5, 7), (6, 1), (7, 1)]], [[(0, 4), (0, 5), (0, 6), (1, 0), (1, 2), (1, 3), (1, 4), (1, 5), (1, 6), (2, 0), (2, 3), (2, 4), (2, 6), (3, 5), (3, 6), (4, 3), (4, 5), (6, 5), (7, 0), (7, 3), (7, 4), (7, 5)], [(0, 6), (1, 2), (1, 6), (2, 4), (3, 0), (3, 6), (5, 6), (7, 0), (7, 3), (7, 4), (7, 6)], [(0, 3), (0, 6), (1, 2), (1, 3), (1, 6), (2, 0), (2, 4), (3, 6), (6, 4), (6, 5), (7, 0), (7, 3), (7, 4), (7, 6)], [(0, 1), (0, 2), (0, 3), (0, 6), (0, 7), (2, 1), (3, 1), (4, 1), (6, 1), (7, 1), (2, 3), (2, 4), (2, 7), (4, 3), (5, 3), (6, 3), (7, 3), (5, 4), (6, 4), (7, 4), (5, 6), (6, 7)], [(0, 3), (0, 6), (0, 7), (1, 2), (1, 6), (2, 4), (6, 3), (7, 3), (7, 4), (5, 6), (6, 7)], [(0, 2), (0, 6), (0, 7), (1, 2), (1, 3), (1, 6), (2, 3), (4, 0), (4, 2), (4, 3), (4, 6), (4, 7), (5, 3), (5, 6), (5, 7), (6, 3), (7, 3), (7, 6)]], [[(0, 2), (1, 0), (1, 3), (1, 5), (2, 5), (3, 0), (4, 3), (4, 6), (6, 0), (6, 1), (6, 2), (6, 3), (7, 1), (7, 2), (7, 3), (7, 6)], [(0, 3), (1, 3), (4, 3), (5, 1), (6, 1), (6, 2), (7, 2), (7, 6)], [(0, 3), (1, 3), (1, 5), (1, 6), (1, 7), (3, 4), (5, 0), (6, 2), (6, 7), (7, 2)], [(2, 0), (0, 3), (6, 0), (0, 7), (2, 1), (1, 3), (1, 4), (5, 1), (1, 6), (1, 7), (2, 4), (2, 6), (2, 7), (3, 4), (6, 3), (7, 3), (6, 4), (7, 4), (6, 7)], [(0, 3), (1, 3), (1, 5), (6, 1), (6, 2), (7, 2), (3, 4), (7, 6)], [(0, 3), (0, 4), (1, 3), (2, 0), (2, 6), (2, 7), (3, 7), (4, 3), (4, 7), (5, 1), (5, 6), (6, 0), (6, 1), (6, 7)]], [[(0, 1), (0, 5), (2, 0), (2, 3), (2, 4), (2, 5), (2, 6), (3, 0), (3, 1), (3, 4), (3, 5), (3, 7), (4, 0), (4, 1), (4, 5), (6, 0), (6, 4), (6, 5), (7, 0), (7, 5)], [(0, 1), (0, 7), (1, 6), (2, 0), (2, 3), (2, 4), (3, 5), (4, 6), (5, 6), (5, 7)], [(0, 1), (0, 2), (0, 7), (1, 6), (2, 3), (2, 4), (2, 6), (5, 1), (5, 3), (5, 6), (6, 4), (7, 5)], [(0, 1), (0, 2), (0, 4), (0, 5), (0, 7), (3, 1), (4, 1), (2, 3), (4, 2), (2, 5), (2, 7), (4, 3), (3, 5), (6, 3), (4, 5), (6, 4), (6, 5), (5, 7)], [(1, 0), (2, 0), (7, 0), (1, 6), (3, 2), (4, 2), (5, 3), (6, 4), (5, 6), (7, 5)], [(0, 1), (0, 3), (0, 6), (0, 7), (2, 0), (2, 3), (2, 7), (3, 1), (4, 1), (4, 2), (4, 3), (4, 6), (5, 3), (5, 6), (6, 3), (7, 5)]], [[(0, 2), (1, 0), (1, 2), (1, 4), (1, 5), (1, 7), (2, 4), (3, 0), (3, 2), (3, 5), (3, 7), (5, 0), (5, 4), (6, 0), (6, 2), (6, 4), (6, 5), (6, 7), (7, 0), (7, 4)], [(0, 1), (0, 3), (0, 6), (0, 7), (1, 5), (1, 7), (2, 3), (2, 4), (2, 6), (3, 5), (4, 5), (4, 6), (4, 7)], [(0, 1), (0, 3), (0, 6), (0, 7), (1, 2), (1, 5), (2, 4), (2, 6), (3, 2), (3, 5), (3, 7), (5, 4), (6, 4), (7, 1), (7, 4)], [(1, 0), (3, 0), (4, 0), (0, 5), (6, 0), (0, 7), (1, 2), (1, 5), (1, 7), (3, 2), (4, 2), (2, 5), (6, 2), (3, 5), (3, 7), (4, 5), (6, 4), (4, 7), (6, 5), (7, 5)], [(1, 0), (3, 0), (0, 6), (0, 7), (1, 5), (1, 7), (3, 2), (4, 2), (2, 6), (3, 5), (4, 5), (4, 6), (4, 7)], [(0, 7), (1, 0), (1, 2), (1, 5), (1, 7), (3, 0), (3, 2), (3, 5), (3, 7), (4, 0), (4, 2), (4, 5), (4, 7), (5, 0), (5, 2), (5, 7), (6, 0), (6, 2), (6, 4), (6, 5), (6, 7)]], [[(0, 1), (0, 3), (0, 4), (0, 5), (0, 6), (1, 2), (1, 3), (1, 4), (1, 6), (1, 7), (2, 3), (2, 4), (2, 5), (2, 7), (4, 3), (4, 7), (5, 6), (6, 3), (6, 4), (6, 7), (7, 3)], [(0, 1), (0, 3), (0, 5), (2, 5), (4, 0), (6, 5), (7, 4)], [(0, 1), (2, 1), (2, 5), (3, 0), (4, 0), (4, 1), (4, 7), (5, 0), (5, 6)], [(1, 0), (0, 2), (3, 0), (0, 4), (0, 5), (0, 7), (1, 2), (3, 1), (1, 4), (1, 5), (6, 1), (3, 2), (4, 2), (5, 2), (6, 2), (3, 5), (3, 7), (5, 4), (7, 4), (6, 5), (5, 7), (6, 7)], [(0, 1), (3, 0), (4, 0), (5, 0), (5, 2), (7, 4), (6, 5)], [(0, 1), (0, 2), (0, 5), (1, 2), (2, 5), (3, 0), (3, 2), (3, 4), (4, 0), (4, 2), (6, 0), (6, 1), (6, 5), (7, 0), (7, 4)]], [[(0, 5), (1, 2), (2, 0), (3, 5), (3, 7), (4, 0), (4, 1), (4, 2), (6, 0), (6, 4), (6, 7), (7, 0), (7, 4)], [(0, 1), (0, 5), (0, 7), (1, 4), (2, 4), (3, 5), (6, 0), (7, 4)], [(0, 1), (0, 5), (0, 6), (0, 7), (1, 4), (3, 5), (4, 2), (6, 7), (7, 3), (7, 4)], [(2, 0), (4, 0), (0, 5), (6, 0), (7, 0), (1, 4), (2, 4), (3, 5), (6, 3), (7, 3), (4, 7), (6, 7)], [(1, 0), (0, 5), (0, 6), (7, 0), (1, 4), (2, 4), (3, 5), (4, 7)], [(0, 5), (2, 0), (2, 1), (2, 4), (3, 5), (4, 0), (4, 1), (4, 6), (4, 7), (6, 0), (6, 3), (7, 0), (7, 3), (7, 6)]], [[(0, 1), (0, 2), (0, 3), (0, 6), (0, 7), (1, 6), (2, 1), (2, 3), (2, 4), (2, 7), (3, 1), (3, 6), (4, 1), (4, 6), (4, 7), (5, 1), (5, 2), (5, 4), (5, 6)], [(0, 1), (0, 3), (1, 2), (1, 4), (2, 3), (2, 5), (4, 6), (4, 7), (5, 6), (7, 5)], [(0, 1), (0, 3), (0, 7), (2, 1), (2, 3), (3, 1), (4, 1), (4, 6), (4, 7), (5, 2), (5, 6), (7, 5)], [(0, 1), (0, 2), (0, 3), (0, 4), (0, 7), (2, 1), (3, 1), (1, 4), (2, 3), (5, 2), (2, 7), (3, 4), (5, 4), (6, 4), (4, 7), (6, 5)], [(0, 1), (0, 3), (2, 1), (4, 1), (2, 3), (5, 2), (4, 6), (7, 4), (5, 6), (7, 5)], [(0, 1), (0, 3), (0, 7), (2, 1), (2, 3), (2, 5), (2, 6), (2, 7), (3, 1), (4, 1), (4, 5), (4, 7), (5, 1), (6, 1), (6, 4), (6, 5)]], [[(1, 4), (1, 5), (2, 0), (2, 6), (2, 7), (3, 0), (3, 6), (3, 7), (4, 0), (4, 3), (4, 6), (4, 7), (5, 0), (5, 2), (5, 6), (5, 7), (6, 7)], [(0, 2), (0, 3), (0, 5), (1, 5), (2, 7), (3, 4), (3, 7), (4, 1), (4, 6), (5, 6), (6, 7)], [(0, 2), (0, 3), (1, 4), (1, 5), (4, 3), (4, 6), (5, 0), (6, 5), (7, 2), (7, 3), (7, 6)], [(2, 0), (3, 0), (4, 0), (5, 0), (3, 1), (1, 4), (5, 1), (2, 5), (2, 6), (2, 7), (3, 4), (3, 5), (3, 6), (3, 7), (4, 6), (4, 7), (5, 6), (5, 7), (7, 6)], [(2, 0), (3, 0), (0, 5), (1, 4), (5, 1), (2, 7), (3, 4), (3, 7), (4, 6), (5, 6), (7, 6)], [(0, 2), (2, 6), (2, 7), (3, 0), (3, 2), (3, 4), (3, 6), (3, 7), (4, 0), (4, 1), (4, 2), (4, 5), (4, 6), (4, 7), (5, 0), (5, 1), (5, 6), (5, 7), (7, 6)]], [[(0, 5), (1, 3), (1, 6), (4, 1), (4, 6), (4, 7), (5, 1), (5, 4), (5, 6), (6, 3), (7, 1), (7, 3), (7, 6)], [(1, 6), (3, 6), (4, 1), (4, 6), (5, 0), (5, 6), (7, 1), (7, 3)], [(1, 4), (1, 6), (1, 7), (3, 6), (5, 0), (5, 4), (6, 4), (6, 5), (7, 3)], [(5, 0), (4, 1), (5, 1), (1, 6), (1, 7), (4, 3), (3, 6), (3, 7), (5, 4), (4, 6), (4, 7), (5, 6), (5, 7)], [(5, 0), (1, 4), (1, 6), (7, 1), (3, 6), (7, 3), (6, 4), (6, 5)], [(1, 6), (3, 1), (3, 4), (3, 6), (3, 7), (4, 5), (4, 6), (4, 7), (5, 0), (5, 1), (5, 6), (7, 1)]], [[(0, 1), (0, 3), (0, 4), (0, 5), (1, 5), (2, 1), (2, 3), (2, 4), (2, 5), (2, 6), (2, 7), (3, 4), (3, 5), (3, 7), (4, 1), (4, 7), (6, 3), (6, 4), (6, 7), (7, 1), (7, 5)], [(0, 1), (0, 3), (0, 4), (2, 1), (2, 3), (3, 5), (3, 6), (4, 1), (4, 7), (6, 7), (7, 1), (7, 5)], [(0, 4), (1, 0), (1, 2), (1, 4), (1, 7), (3, 0), (3, 2), (3, 5), (3, 6), (4, 6), (7, 4), (7, 5), (7, 6)], [(1, 0), (2, 0), (3, 0), (0, 4), (5, 0), (1, 2), (1, 3), (1, 4), (1, 5), (6, 1), (1, 7), (2, 3), (2, 5), (2, 7), (3, 5), (6, 3), (7, 3), (6, 4), (7, 4), (7, 5), (6, 7)], [(0, 1), (0, 3), (4, 0), (2, 1), (4, 1), (7, 1), (2, 3), (5, 3), (6, 3), (4, 7), (7, 5), (6, 7)], [(0, 1), (0, 3), (1, 2), (3, 1), (3, 2), (3, 6), (4, 0), (4, 1), (4, 2), (4, 5), (4, 6), (4, 7), (5, 1), (5, 2), (5, 3), (5, 7), (7, 1), (7, 2), (7, 3), (7, 6)]], [[(0, 1), (0, 6), (0, 7), (1, 6), (2, 3), (2, 5), (2, 6), (2, 7), (3, 1), (3, 4), (3, 6), (3, 7), (4, 1), (4, 5), (5, 6)], [(0, 1), (0, 6), (0, 7), (1, 3), (1, 6), (2, 5), (2, 7), (3, 2), (3, 7), (4, 1), (4, 5), (5, 6)], [(0, 1), (0, 6), (0, 7), (1, 6), (2, 3), (2, 5), (2, 7), (3, 1), (3, 7), (4, 1), (4, 3), (5, 4), (5, 6)], [(0, 1), (0, 6), (0, 7), (3, 1), (1, 4), (1, 6), (3, 2), (2, 5), (2, 6), (2, 7), (3, 4), (3, 6), (3, 7), (4, 5), (5, 6)], [(0, 1), (0, 6), (0, 7), (1, 3), (4, 1), (1, 6), (3, 2), (2, 5), (2, 7), (3, 7), (4, 5), (5, 6)], [(0, 1), (0, 6), (0, 7), (1, 6), (2, 5), (2, 6), (2, 7), (3, 1), (3, 2), (3, 4), (3, 6), (3, 7), (4, 1), (4, 5), (5, 6)]], [[(0, 3), (1, 0), (1, 3), (1, 6), (1, 7), (2, 0), (2, 3), (2, 4), (2, 6), (2, 7), (5, 6), (5, 7), (6, 0), (6, 3), (6, 7), (7, 0), (7, 4)], [(0, 2), (0, 7), (1, 3), (1, 4), (1, 7), (2, 3), (3, 5), (4, 5), (6, 0), (6, 7), (7, 4)], [(0, 2), (3, 1), (3, 2), (3, 5), (4, 2), (4, 7), (6, 2), (6, 5), (7, 0), (7, 1), (7, 6)], [(2, 0), (0, 3), (6, 0), (0, 7), (1, 3), (1, 5), (1, 6), (1, 7), (2, 3), (2, 4), (2, 5), (2, 6), (6, 3), (7, 4), (6, 5), (7, 5), (6, 7)], [(0, 2), (6, 0), (7, 0), (3, 1), (4, 1), (1, 7), (3, 2), (3, 5), (4, 5), (4, 7), (7, 6)], [(0, 3), (0, 7), (1, 3), (1, 5), (1, 6), (1, 7), (2, 0), (2, 3), (2, 4), (2, 5), (2, 6), (6, 0), (6, 3), (6, 5), (6, 7), (7, 4), (7, 5)]], [[(1, 4), (1, 5), (1, 6), (1, 7), (2, 0), (2, 5), (2, 6), (3, 0), (3, 5), (3, 6), (3, 7), (4, 0), (4, 7), (5, 6), (6, 0), (6, 7)], [(0, 4), (1, 4), (1, 5), (2, 0), (2, 6), (3, 5), (6, 0), (7, 1), (7, 6)], [(0, 2), (0, 4), (0, 6), (1, 5), (2, 5), (2, 6), (4, 1), (5, 3), (6, 5), (6, 7), (7, 1), (7, 3)], [(2, 0), (3, 0), (4, 0), (6, 0), (1, 4), (1, 5), (1, 6), (1, 7), (2, 5), (2, 6), (3, 5), (3, 6), (3, 7), (4, 7), (6, 5), (6, 7)], [(2, 0), (4, 0), (0, 6), (4, 1), (5, 1), (7, 1), (2, 6), (5, 3), (6, 7)], [(1, 5), (1, 6), (1, 7), (2, 0), (2, 5), (2, 6), (3, 0), (3, 5), (3, 6), (3, 7), (4, 0), (4, 1), (4, 7), (6, 0), (6, 5), (6, 7)]], [[(0, 1), (0, 3), (0, 5), (0, 6), (0, 7), (1, 2), (1, 3), (2, 3), (3, 4), (5, 1), (5, 3), (5, 4), (5, 7), (6, 1), (6, 2), (6, 3), (7, 1), (7, 3), (7, 6)], [(0, 1), (0, 3), (0, 6), (1, 2), (1, 7), (2, 3), (2, 6), (3, 4), (5, 4), (5, 7), (6, 7)], [(0, 1), (0, 3), (0, 6), (1, 2), (1, 3), (2, 6), (3, 2), (3, 4), (5, 4), (5, 7), (7, 6)], [(1, 0), (0, 3), (0, 5), (0, 6), (1, 2), (1, 3), (1, 6), (7, 1), (2, 3), (2, 5), (6, 2), (3, 4), (3, 5), (6, 3), (5, 4), (7, 5), (7, 6)], [(0, 1), (0, 3), (0, 6), (2, 1), (1, 7), (2, 3), (2, 6), (3, 4), (5, 4), (7, 5), (7, 6)], [(0, 1), (0, 6), (1, 6), (2, 0), (2, 1), (2, 3), (2, 6), (3, 0), (3, 1), (3, 4), (3, 6), (3, 7), (5, 0), (5, 4), (7, 0), (7, 1), (7, 5), (7, 6)]], [[(1, 3), (1, 5), (1, 7), (2, 0), (2, 6), (4, 0), (4, 2), (4, 6), (4, 7), (5, 0), (5, 4), (5, 6), (6, 0), (6, 7), (7, 0), (7, 3)], [(0, 2), (0, 3), (0, 4), (0, 7), (1, 3), (1, 5), (1, 7), (2, 6), (4, 6), (4, 7)], [(0, 2), (0, 4), (0, 7), (1, 3), (1, 5), (2, 6), (4, 6), (4, 7), (6, 7), (7, 1), (7, 3)], [(0, 2), (4, 0), (0, 5), (0, 6), (7, 0), (1, 3), (5, 1), (7, 1), (2, 6), (7, 3), (4, 6), (7, 4), (7, 5), (7, 6)], [(0, 2), (0, 3), (0, 4), (0, 7), (1, 3), (1, 5), (1, 7), (6, 2), (6, 4), (7, 4)], [(0, 2), (0, 4), (0, 5), (0, 6), (0, 7), (2, 6), (3, 1), (4, 6), (4, 7), (5, 1), (5, 3), (7, 1), (7, 3), (7, 5), (7, 6)]], [[(1, 0), (2, 0), (2, 1), (2, 3), (2, 5), (2, 6), (2, 7), (3, 1), (3, 5), (3, 6), (3, 7), (4, 0), (4, 1), (4, 5), (5, 0), (5, 1), (5, 6), (6, 0), (6, 1), (7, 0), (7, 1), (7, 4), (7, 6)], [(0, 1), (0, 4), (1, 3), (1, 5), (2, 3), (2, 5), (3, 7), (4, 5), (6, 1), (6, 5), (6, 7), (7, 4)], [(0, 1), (0, 4), (1, 3), (1, 5), (1, 6), (2, 3), (2, 5), (3, 7), (4, 5), (5, 6), (7, 4), (7, 6)], [(1, 0), (0, 4), (0, 5), (6, 0), (1, 3), (1, 4), (1, 5), (6, 1), (2, 3), (2, 4), (2, 5), (3, 7), (5, 4), (6, 4), (7, 4), (6, 5), (6, 7)], [(0, 1), (4, 0), (1, 3), (5, 1), (6, 1), (2, 3), (2, 5), (3, 7), (4, 5), (4, 7), (5, 6), (6, 7)], [(0, 4), (0, 5), (1, 0), (1, 3), (1, 4), (1, 5), (2, 3), (2, 4), (2, 5), (3, 7), (5, 4), (6, 0), (6, 1), (6, 4), (6, 5), (6, 7), (7, 4)]], [[(0, 4), (1, 2), (1, 4), (1, 6), (1, 7), (3, 2), (3, 5), (3, 7), (5, 0), (5, 4), (6, 0), (6, 2)], [(0, 6), (1, 2), (1, 4), (1, 6), (1, 7), (2, 3), (3, 5), (3, 7), (4, 0), (4, 5), (6, 2)], [(0, 4), (1, 2), (1, 4), (1, 6), (1, 7), (3, 2), (3, 5), (3, 7), (5, 0), (5, 4), (6, 0), (6, 2)], [(0, 4), (5, 0), (6, 0), (1, 2), (1, 4), (1, 6), (1, 7), (3, 2), (6, 2), (3, 5), (3, 7), (5, 4)], [(4, 0), (0, 6), (1, 2), (1, 4), (1, 6), (1, 7), (3, 2), (6, 2), (3, 5), (3, 7), (5, 4)], [(0, 4), (1, 2), (1, 4), (1, 6), (1, 7), (3, 2), (3, 7), (5, 0), (5, 3), (5, 4), (6, 0), (6, 2)]], [[(0, 2), (0, 6), (1, 2), (1, 3), (1, 5), (1, 7), (2, 7), (3, 0), (3, 2), (3, 7), (4, 0), (4, 6), (4, 7), (5, 2), (5, 7), (6, 2), (6, 5), (6, 7)], [(0, 4), (2, 7), (3, 1), (3, 2), (4, 7), (5, 7), (6, 0), (6, 2), (6, 5)], [(1, 3), (2, 5), (2, 7), (3, 0), (3, 2), (4, 0), (4, 7), (5, 7), (6, 0), (6, 2), (6, 5)], [(0, 3), (4, 0), (6, 0), (2, 1), (3, 1), (5, 1), (6, 1), (1, 7), (2, 3), (5, 2), (6, 2), (2, 7), (6, 3), (3, 7), (6, 4), (4, 7), (6, 5), (5, 7), (6, 7)], [(4, 0), (6, 0), (3, 1), (3, 2), (6, 2), (2, 7), (4, 7), (6, 5), (5, 7)], [(0, 3), (0, 4), (0, 6), (2, 3), (2, 5), (2, 7), (3, 1), (4, 1), (4, 5), (4, 7), (6, 1), (6, 2), (6, 3), (6, 4), (6, 5), (7, 1), (7, 5)]], [[(0, 1), (0, 2), (1, 5), (1, 6), (3, 0), (3, 1), (3, 4), (4, 1), (4, 6), (5, 2), (6, 2), (6, 5), (7, 0), (7, 1), (7, 4), (7, 6)], [(0, 3), (1, 6), (1, 7), (3, 4), (4, 6), (5, 1), (6, 2), (7, 0), (7, 4), (7, 6)], [(1, 5), (3, 0), (3, 1), (3, 4), (4, 6), (4, 7), (5, 2), (6, 1), (6, 2), (6, 7), (7, 0), (7, 1)], [(1, 0), (0, 2), (0, 3), (0, 6), (0, 7), (1, 3), (5, 1), (1, 6), (1, 7), (5, 2), (6, 2), (4, 3), (7, 3), (6, 4), (7, 4), (5, 6), (6, 7)], [(0, 3), (7, 0), (5, 1), (6, 1), (1, 7), (6, 2), (4, 3), (6, 4), (7, 4), (6, 7)], [(0, 2), (0, 3), (0, 4), (0, 7), (1, 3), (4, 3), (4, 6), (4, 7), (5, 1), (5, 2), (6, 1), (6, 2), (7, 1), (7, 3), (7, 5), (7, 6)]], [[(0, 4), (1, 0), (1, 3), (1, 4), (1, 6), (2, 3), (2, 4), (2, 6), (3, 0), (3, 4), (3, 6), (4, 6), (5, 0), (5, 1), (5, 2), (5, 3), (5, 4), (5, 6), (7, 0), (7, 1), (7, 2), (7, 3), (7, 6)], [(0, 3), (0, 4), (0, 6), (1, 6), (1, 7), (2, 4), (4, 3), (5, 3), (5, 6), (7, 2), (7, 3)], [(0, 3), (0, 6), (2, 4), (2, 7), (4, 0), (4, 3), (5, 1), (5, 3), (6, 1), (6, 5), (7, 1), (7, 3)], [(0, 1), (0, 2), (0, 3), (4, 0), (0, 7), (1, 2), (1, 3), (1, 5), (1, 6), (1, 7), (3, 2), (4, 2), (2, 5), (2, 7), (4, 3), (3, 5), (3, 6), (3, 7), (4, 5), (6, 5), (7, 5), (7, 6)], [(0, 3), (0, 4), (6, 0), (1, 6), (7, 1), (2, 4), (7, 2), (4, 3), (5, 3), (7, 3), (5, 6)], [(0, 1), (0, 3), (0, 6), (1, 5), (2, 5), (2, 7), (3, 1), (3, 5), (4, 0), (4, 1), (4, 2), (4, 3), (4, 5), (6, 1), (6, 3), (6, 5), (7, 1), (7, 3), (7, 5)]], [[(0, 6), (1, 2), (1, 4), (1, 5), (1, 6), (2, 0), (2, 5), (3, 2), (3, 5), (3, 7), (4, 0), (4, 3), (4, 6), (4, 7)], [(0, 2), (1, 4), (2, 3), (2, 5), (3, 4), (3, 5), (5, 1), (6, 0), (6, 4), (7, 3)], [(0, 2), (0, 6), (2, 3), (2, 5), (3, 7), (4, 1), (4, 3), (5, 1), (5, 3), (6, 1), (6, 4)], [(2, 0), (4, 0), (0, 6), (1, 3), (1, 4), (5, 1), (1, 6), (2, 3), (5, 2), (3, 4), (5, 3), (3, 7), (4, 6), (4, 7)], [(0, 2), (6, 0), (1, 4), (1, 5), (3, 2), (5, 2), (4, 3), (3, 5), (7, 3), (6, 4)], [(0, 6), (1, 2), (1, 4), (1, 5), (1, 6), (2, 0), (2, 5), (3, 2), (3, 5), (3, 7), (4, 0), (4, 3), (4, 6), (4, 7)]], [[(1, 3), (2, 3), (2, 6), (2, 7), (3, 7), (4, 1), (4, 3), (4, 7), (5, 0), (5, 1), (5, 3), (5, 7), (6, 1), (6, 3), (6, 4), (6, 5), (6, 7), (7, 0)], [(0, 5), (1, 5), (3, 1), (5, 6), (6, 2), (6, 4), (7, 0), (7, 3)], [(1, 3), (1, 5), (1, 6), (2, 3), (3, 7), (4, 6), (5, 0), (6, 2), (6, 5), (7, 0)], [(0, 3), (0, 4), (5, 0), (0, 7), (2, 1), (3, 1), (4, 1), (5, 1), (6, 1), (2, 3), (2, 4), (6, 2), (2, 7), (3, 4), (5, 3), (3, 7), (5, 4), (6, 4), (4, 7), (6, 5), (6, 7)], [(5, 0), (7, 0), (3, 1), (5, 1), (6, 2), (7, 3), (6, 4), (6, 5)], [(1, 3), (2, 3), (4, 1), (5, 0), (5, 1), (6, 1), (6, 2), (6, 4), (6, 5), (7, 0), (7, 1), (7, 3)]], [[(0, 3), (0, 5), (0, 6), (1, 3), (1, 5), (1, 6), (3, 5), (3, 6), (4, 0), (4, 1), (4, 3), (4, 5), (4, 6), (5, 2), (5, 6), (7, 0), (7, 1), (7, 3)], [(0, 3), (0, 5), (0, 6), (1, 3), (1, 4), (1, 5), (1, 6), (3, 4), (4, 5), (5, 2), (7, 3)], [(0, 3), (0, 5), (0, 6), (1, 3), (1, 4), (1, 5), (1, 6), (3, 7), (4, 3), (4, 5), (5, 2), (6, 5)], [(2, 0), (0, 3), (0, 5), (0, 6), (2, 1), (1, 3), (4, 1), (1, 5), (1, 6), (1, 7), (4, 2), (2, 5), (4, 3), (5, 3), (3, 6), (3, 7), (4, 5), (4, 6), (4, 7), (5, 6), (5, 7)], [(0, 3), (0, 5), (0, 6), (1, 3), (4, 1), (1, 5), (1, 6), (5, 2), (4, 3), (3, 7), (4, 5)], [(1, 0), (1, 4), (3, 0), (3, 1), (3, 5), (5, 0), (5, 1), (5, 2), (5, 4), (5, 6), (6, 0), (6, 1), (6, 4), (7, 3), (7, 4), (7, 5)]], [[(0, 1), (0, 2), (0, 4), (2, 1), (2, 4), (3, 0), (3, 1), (3, 2), (3, 4), (3, 7), (5, 1), (5, 3), (5, 4), (5, 7), (6, 1), (6, 2), (6, 3), (6, 4), (6, 7), (7, 0), (7, 1), (7, 2), (7, 4)], [(0, 3), (0, 4), (1, 4), (1, 5), (1, 6), (3, 5), (3, 6), (4, 2), (4, 7), (5, 7), (7, 2)], [(0, 3), (0, 4), (0, 5), (1, 2), (1, 4), (1, 5), (1, 6), (3, 5), (3, 6), (4, 2), (5, 7), (6, 2), (7, 2), (7, 6)], [(3, 0), (4, 0), (5, 0), (0, 6), (0, 7), (1, 2), (1, 4), (1, 5), (1, 6), (1, 7), (3, 2), (2, 4), (2, 6), (2, 7), (3, 5), (3, 6), (3, 7), (4, 6), (4, 7), (5, 6), (5, 7), (7, 6)], [(3, 0), (0, 4), (1, 4), (1, 5), (1, 6), (4, 2), (7, 2), (3, 5), (3, 6), (4, 7), (5, 7)], [(0, 3), (1, 2), (1, 3), (1, 4), (1, 5), (1, 6), (2, 4), (2, 7), (4, 0), (4, 3), (5, 0), (5, 2), (5, 3), (5, 6), (5, 7), (6, 0), (6, 2), (6, 3), (6, 4), (6, 7), (7, 0), (7, 3)]], [[(0, 4), (1, 3), (1, 5), (1, 6), (1, 7), (3, 0), (3, 4), (3, 7), (5, 2), (5, 6), (6, 0), (7, 5)], [(0, 4), (0, 6), (1, 6), (2, 5), (3, 0), (3, 1), (5, 1), (5, 6), (7, 1), (7, 5)], [(0, 3), (0, 4), (0, 6), (1, 5), (1, 6), (3, 1), (3, 4), (5, 2), (6, 5), (7, 1), (7, 5)], [(0, 3), (0, 4), (0, 6), (3, 1), (5, 1), (1, 6), (7, 1), (5, 2), (3, 4), (5, 3), (3, 6), (3, 7), (5, 6), (5, 7)], [(3, 0), (0, 4), (6, 0), (3, 1), (1, 5), (1, 6), (7, 1), (5, 2), (5, 6), (7, 5)], [(1, 7), (3, 0), (3, 1), (3, 4), (3, 6), (3, 7), (4, 0), (5, 1), (5, 2), (5, 7), (6, 0), (6, 1), (6, 5)]], [[(0, 3), (1, 0), (1, 3), (2, 5), (2, 7), (4, 3), (4, 6), (5, 0), (5, 1), (5, 4), (5, 7), (6, 1), (6, 3), (7, 0), (7, 1), (7, 4), (7, 6)], [(0, 1), (0, 5), (1, 5), (2, 1), (2, 5), (3, 4), (3, 6), (4, 5), (5, 7), (6, 4), (6, 7)], [(1, 0), (1, 2), (3, 0), (3, 4), (3, 6), (4, 5), (4, 6), (5, 0), (5, 1), (5, 2), (5, 7), (6, 7)], [(1, 0), (3, 0), (4, 0), (0, 5), (6, 0), (0, 7), (1, 2), (3, 1), (1, 5), (1, 6), (1, 7), (5, 2), (2, 7), (4, 3), (3, 6), (4, 5), (4, 6), (6, 5), (5, 7), (6, 7)], [(1, 0), (5, 0), (2, 1), (5, 1), (5, 2), (4, 3), (6, 3), (4, 5), (6, 4), (5, 7), (6, 7)], [(0, 1), (0, 3), (0, 5), (0, 6), (1, 3), (1, 5), (4, 3), (5, 2), (5, 4), (6, 3), (6, 4), (6, 5), (6, 7), (7, 2), (7, 5)]], [[(0, 1), (0, 2), (0, 3), (0, 6), (1, 2), (1, 3), (1, 6), (3, 6), (4, 1), (4, 2), (4, 6), (4, 7), (5, 1), (5, 2), (5, 6), (5, 7), (6, 2), (7, 0), (7, 1), (7, 2), (7, 3), (7, 6)], [(0, 1), (0, 2), (0, 3), (2, 4), (2, 5), (2, 7), (3, 1), (3, 7), (4, 6), (4, 7), (5, 1), (5, 6)], [(0, 1), (0, 2), (0, 3), (1, 3), (3, 7), (4, 2), (4, 6), (5, 1), (5, 2), (5, 6), (7, 2)], [(0, 1), (0, 2), (0, 3), (0, 6), (0, 7), (1, 2), (1, 3), (1, 4), (5, 1), (1, 6), (2, 4), (2, 7), (4, 3), (5, 3), (6, 3), (7, 3), (5, 4), (4, 6), (4, 7), (5, 6), (5, 7), (6, 7)], [(1, 0), (2, 0), (0, 3), (1, 3), (5, 1), (4, 2), (5, 2), (2, 7), (3, 7), (4, 6), (4, 7), (5, 6)], [(1, 0), (2, 0), (3, 0), (3, 1), (3, 2), (4, 0), (4, 1), (4, 5), (5, 0), (5, 1), (5, 2), (6, 0), (6, 1), (6, 2), (6, 4), (6, 5), (7, 2), (7, 3), (7, 4)]], [[(0, 1), (0, 2), (0, 3), (0, 5), (0, 6), (1, 5), (1, 7), (2, 4), (3, 4), (6, 4), (6, 5), (7, 3), (7, 5), (7, 6)], [(0, 2), (0, 5), (1, 5), (2, 4), (3, 0), (3, 4), (4, 6), (6, 7), (7, 1), (7, 5)], [(0, 2), (0, 3), (0, 5), (0, 6), (2, 4), (3, 4), (4, 6), (5, 1), (6, 5), (6, 7), (7, 1), (7, 5)], [(1, 0), (0, 2), (3, 0), (4, 0), (0, 5), (6, 0), (0, 7), (3, 1), (1, 5), (1, 6), (1, 7), (3, 2), (4, 2), (6, 2), (4, 3), (3, 7), (4, 6), (6, 5), (7, 5), (6, 7)], [(0, 2), (3, 0), (5, 0), (5, 1), (7, 1), (2, 4), (3, 4), (4, 6), (5, 7), (6, 7)], [(0, 3), (0, 5), (0, 7), (1, 3), (1, 5), (1, 7), (2, 0), (2, 4), (3, 4), (3, 7), (6, 0), (6, 1), (6, 2), (6, 3), (6, 4), (6, 5), (6, 7), (7, 5)]], [[(0, 4), (0, 6), (1, 2), (1, 3), (1, 4), (1, 5), (2, 0), (2, 4), (2, 6), (3, 0), (3, 2), (3, 4), (3, 5), (3, 7), (5, 0), (5, 2), (5, 7), (7, 0), (7, 2), (7, 4)], [(0, 3), (0, 6), (0, 7), (1, 4), (1, 5), (2, 6), (2, 7), (3, 5), (3, 7), (4, 7)], [(1, 0), (1, 4), (1, 5), (3, 0), (3, 5), (3, 7), (4, 7), (5, 4), (6, 0), (6, 2), (7, 0), (7, 2)], [(0, 1), (0, 3), (0, 4), (0, 5), (0, 6), (0, 7), (2, 1), (3, 1), (4, 1), (5, 1), (7, 1), (2, 4), (2, 5), (2, 6), (2, 7), (3, 5), (3, 7), (4, 5), (4, 7)], [(0, 3), (0, 6), (0, 7), (1, 4), (5, 1), (2, 6), (7, 2), (5, 3), (3, 7), (4, 7)], [(0, 1), (0, 3), (0, 4), (0, 6), (0, 7), (1, 3), (1, 4), (1, 5), (1, 7), (2, 1), (2, 3), (2, 4), (2, 5), (2, 6), (2, 7), (4, 3), (4, 7), (5, 3), (5, 7), (7, 3)]], [[(2, 3), (2, 5), (2, 6), (2, 7), (3, 0), (4, 0), (4, 3), (4, 5), (4, 7), (5, 0), (5, 1), (5, 3), (6, 1), (6, 3), (6, 5), (6, 7), (7, 3)], [(0, 5), (2, 0), (2, 1), (2, 3), (2, 7), (3, 4), (3, 6), (4, 7), (5, 1), (6, 7)], [(0, 2), (1, 5), (1, 6), (2, 3), (2, 7), (4, 2), (4, 3), (4, 7), (5, 0), (6, 3), (6, 7)], [(0, 1), (0, 2), (0, 3), (0, 5), (1, 2), (4, 1), (1, 5), (1, 6), (1, 7), (3, 2), (4, 2), (2, 5), (2, 6), (2, 7), (4, 3), (3, 5), (3, 6), (3, 7), (4, 7), (5, 6), (7, 5), (7, 6)], [(2, 0), (5, 0), (1, 2), (1, 5), (3, 2), (2, 7), (4, 3), (6, 3), (4, 7), (6, 7)], [(0, 3), (0, 5), (3, 2), (3, 5), (3, 6), (4, 2), (4, 3), (4, 6), (4, 7), (5, 1), (5, 2), (5, 7), (6, 1), (6, 2), (7, 2), (7, 6)]], [[(0, 5), (1, 2), (1, 3), (1, 4), (2, 3), (2, 4), (2, 5), (2, 7), (3, 5), (3, 7), (4, 3), (4, 5), (4, 7), (6, 0), (6, 2), (6, 4), (7, 0), (7, 5)], [(0, 5), (0, 7), (1, 2), (1, 4), (1, 5), (2, 6), (3, 2), (3, 5), (4, 6), (4, 7), (5, 7)], [(1, 2), (1, 4), (2, 4), (2, 6), (3, 0), (3, 2), (3, 5), (4, 6), (4, 7), (5, 0), (5, 7), (7, 0)], [(0, 5), (0, 7), (2, 1), (3, 1), (4, 1), (3, 2), (2, 4), (6, 2), (3, 5), (6, 3), (7, 3), (5, 4), (6, 4), (7, 4), (6, 5), (7, 5), (6, 7)], [(0, 5), (0, 7), (1, 2), (1, 4), (5, 1), (3, 2), (2, 6), (3, 5), (4, 6), (7, 4), (5, 7)], [(0, 3), (2, 1), (2, 3), (2, 4), (3, 1), (4, 1), (5, 0), (5, 2), (5, 3), (5, 4), (5, 6), (5, 7), (6, 0), (6, 2), (6, 4), (6, 7), (7, 0), (7, 3), (7, 4)]], [[(0, 3), (1, 4), (3, 2), (3, 4), (3, 5), (4, 2), (4, 6), (5, 1), (5, 2), (5, 4), (5, 6), (6, 2), (7, 1), (7, 2), (7, 6)], [(1, 4), (2, 5), (3, 0), (3, 2), (4, 5), (4, 6), (7, 1), (7, 2)], [(1, 4), (1, 5), (2, 3), (2, 5), (2, 6), (2, 7), (3, 0), (4, 6), (5, 4), (7, 1)], [(2, 0), (0, 3), (7, 0), (4, 1), (5, 1), (1, 7), (2, 3), (2, 5), (2, 6), (2, 7), (4, 3), (6, 3), (7, 3), (4, 5), (4, 6)], [(3, 0), (1, 4), (7, 1), (3, 2), (2, 5), (7, 2), (5, 4), (4, 6)], [(1, 4), (1, 5), (1, 6), (1, 7), (2, 5), (2, 6), (3, 0), (3, 2), (3, 6), (4, 5), (6, 4), (7, 2)]], [[(0, 3), (0, 4), (0, 5), (0, 6), (1, 2), (1, 5), (1, 6), (2, 3), (2, 6), (2, 7), (3, 4), (3, 5), (3, 6), (5, 4), (5, 6), (6, 4), (7, 3), (7, 4), (7, 5), (7, 6)], [(0, 3), (0, 6), (1, 5), (2, 1), (2, 7), (3, 5), (4, 3), (4, 6), (5, 6), (7, 3), (7, 4)], [(0, 3), (0, 6), (1, 5), (2, 1), (3, 2), (3, 5), (3, 7), (4, 3), (4, 6), (4, 7), (5, 6), (7, 2), (7, 6)], [(0, 3), (0, 4), (0, 5), (0, 6), (1, 2), (3, 1), (5, 1), (7, 1), (3, 2), (6, 2), (7, 2), (3, 4), (5, 3), (6, 3), (5, 4), (6, 4), (7, 4), (6, 5), (7, 5), (7, 6)], [(0, 3), (0, 6), (2, 1), (1, 5), (7, 2), (4, 3), (3, 5), (3, 7), (4, 6), (4, 7), (5, 6)], [(0, 3), (0, 4), (0, 6), (1, 2), (1, 5), (2, 3), (2, 7), (3, 4), (3, 5), (5, 4), (6, 3), (6, 4), (6, 5), (7, 3), (7, 4), (7, 6)]], [[(1, 4), (1, 5), (1, 6), (1, 7), (2, 0), (3, 0), (3, 2), (4, 0), (4, 2), (5, 0), (5, 2), (5, 6), (6, 0), (6, 2), (6, 3), (6, 4), (7, 0), (7, 3), (7, 4), (7, 6)], [(0, 2), (1, 4), (1, 5), (1, 7), (2, 3), (2, 6), (4, 2), (4, 6), (5, 6), (6, 3), (7, 3), (7, 4)], [(0, 2), (1, 4), (1, 5), (1, 7), (2, 3), (2, 6), (4, 2), (4, 6), (4, 7), (6, 3), (6, 5), (7, 3), (7, 6)], [(0, 2), (0, 6), (4, 1), (5, 1), (1, 7), (2, 3), (4, 2), (5, 2), (2, 6), (2, 7), (4, 3), (3, 6), (3, 7), (5, 4), (4, 6), (4, 7), (7, 6)], [(0, 2), (4, 1), (1, 5), (7, 1), (2, 3), (2, 4), (6, 2), (6, 3), (3, 7), (6, 4), (7, 4), (6, 5)], [(0, 2), (0, 4), (0, 6), (2, 3), (2, 4), (2, 6), (3, 6), (4, 1), (4, 3), (4, 6), (5, 1), (5, 2), (5, 4), (7, 1), (7, 2), (7, 3), (7, 4), (7, 5), (7, 6)]], [[(0, 1), (0, 2), (0, 3), (0, 5), (0, 6), (1, 6), (1, 7), (2, 3), (2, 4), (2, 5), (2, 6), (5, 4), (6, 3), (7, 2), (7, 6)], [(1, 0), (2, 3), (2, 5), (4, 5), (5, 0), (6, 3), (7, 1), (7, 2)], [(0, 1), (0, 5), (2, 3), (2, 7), (3, 1), (3, 6), (5, 2), (5, 4), (7, 1)], [(0, 1), (2, 0), (5, 0), (0, 6), (0, 7), (2, 1), (6, 1), (7, 1), (2, 3), (2, 5), (2, 6), (2, 7), (3, 6), (4, 5)], [(0, 1), (5, 0), (7, 1), (2, 3), (2, 5), (7, 2), (3, 6), (4, 5)], [(0, 1), (0, 2), (0, 3), (0, 4), (0, 5), (0, 6), (0, 7), (2, 1), (2, 3), (2, 4), (2, 5), (2, 6), (4, 5), (6, 1), (6, 3), (7, 1), (7, 2)]], [[(0, 2), (0, 3), (0, 5), (0, 6), (0, 7), (1, 2), (1, 3), (1, 7), (3, 2), (4, 1), (4, 2), (4, 3), (4, 5), (4, 7), (5, 1), (5, 2), (5, 3), (5, 6), (6, 1), (6, 2), (7, 2), (7, 3)], [(0, 3), (0, 5), (0, 7), (1, 2), (1, 6), (2, 3), (2, 6), (4, 3), (4, 5), (4, 7), (5, 1), (5, 6)], [(0, 3), (0, 5), (0, 7), (1, 2), (3, 2), (4, 1), (4, 3), (4, 5), (4, 7), (5, 1), (6, 1), (6, 2), (6, 5)], [(0, 1), (0, 2), (0, 3), (0, 5), (0, 6), (0, 7), (1, 2), (1, 3), (5, 1), (1, 6), (7, 1), (2, 3), (4, 2), (5, 2), (2, 6), (7, 2), (4, 3), (3, 6), (4, 5), (4, 6), (4, 7), (5, 6), (7, 6)], [(0, 3), (0, 5), (0, 7), (1, 2), (5, 1), (6, 1), (3, 2), (6, 2), (4, 3), (4, 5), (4, 7), (6, 5)], [(0, 1), (0, 2), (0, 3), (0, 6), (2, 1), (3, 2), (4, 1), (4, 3), (4, 5), (5, 0), (5, 1), (5, 6), (6, 1), (6, 2), (7, 0), (7, 1), (7, 4), (7, 5)]], [[(0, 3), (0, 5), (0, 6), (0, 7), (1, 7), (3, 1), (3, 2), (3, 5), (3, 6), (4, 1), (4, 3), (4, 5), (4, 6), (4, 7), (5, 2), (5, 6), (5, 7), (6, 1), (6, 2)], [(0, 3), (0, 5), (1, 3), (1, 4), (2, 4), (2, 5), (5, 7), (6, 0), (6, 2), (6, 7)], [(0, 3), (0, 5), (0, 6), (1, 3), (3, 2), (4, 1), (4, 7), (5, 2), (5, 7), (6, 1), (6, 2), (6, 3), (7, 6)], [(2, 0), (3, 0), (4, 0), (0, 5), (6, 0), (0, 7), (1, 3), (1, 4), (1, 6), (1, 7), (2, 3), (2, 4), (2, 5), (2, 6), (2, 7), (3, 5), (6, 3), (4, 5), (6, 4), (4, 7), (7, 5)], [(0, 3), (5, 0), (0, 6), (3, 1), (4, 1), (4, 2), (5, 2), (2, 6), (5, 7), (6, 7)], [(1, 4), (2, 3), (2, 5), (2, 6), (3, 0), (3, 1), (5, 0), (5, 1), (5, 3), (5, 4), (5, 6), (6, 0), (6, 1), (6, 3), (6, 4), (7, 1), (7, 2), (7, 4), (7, 5), (7, 6)]], [[(0, 1), (2, 0), (2, 1), (2, 6), (2, 7), (3, 0), (3, 1), (3, 2), (3, 4), (3, 5), (4, 0), (4, 1), (4, 2), (4, 7), (5, 0), (5, 2), (5, 6), (5, 7), (6, 0), (6, 1), (6, 7), (7, 1)], [(1, 0), (2, 0), (2, 1), (2, 5), (3, 2), (3, 5), (4, 3), (6, 5), (7, 5)], [(1, 2), (1, 4), (2, 0), (2, 5), (3, 4), (5, 3), (5, 7), (6, 0), (6, 5), (6, 7)], [(2, 0), (0, 3), (0, 4), (5, 0), (6, 0), (0, 7), (1, 2), (1, 3), (1, 4), (5, 1), (1, 7), (2, 4), (5, 2), (6, 2), (2, 7), (4, 3), (5, 3), (5, 4), (4, 7), (6, 5), (5, 7), (6, 7)], [(1, 0), (2, 0), (2, 1), (2, 3), (2, 5), (3, 4), (5, 3), (6, 5), (5, 7)], [(0, 2), (0, 4), (1, 4), (2, 1), (2, 3), (2, 4), (3, 4), (5, 0), (5, 1), (5, 2), (5, 3), (5, 4), (5, 7), (6, 0), (6, 1), (6, 5), (6, 7), (7, 3), (7, 4)]], [[(0, 1), (0, 4), (0, 6), (1, 4), (3, 0), (3, 1), (3, 4), (3, 6), (3, 7), (5, 0), (5, 6), (6, 1), (6, 2), (6, 4), (7, 0), (7, 1), (7, 4), (7, 5)], [(0, 4), (0, 7), (1, 3), (1, 7), (2, 6), (3, 6), (5, 1), (5, 6), (7, 4)], [(0, 3), (0, 4), (1, 3), (1, 5), (1, 7), (5, 6), (6, 2), (6, 3), (6, 4), (7, 0), (7, 4)], [(1, 0), (3, 0), (4, 0), (0, 6), (1, 3), (4, 1), (5, 1), (1, 6), (1, 7), (6, 2), (2, 7), (4, 3), (3, 6), (5, 4), (4, 6), (4, 7), (5, 6), (6, 7)], [(4, 0), (7, 0), (3, 1), (5, 1), (1, 7), (6, 2), (3, 6), (7, 4), (5, 6)], [(0, 1), (0, 3), (0, 5), (1, 7), (3, 1), (4, 0), (4, 1), (4, 7), (5, 3), (6, 0), (6, 1), (6, 2), (6, 3), (6, 4), (6, 5), (6, 7)]], [[(1, 7), (2, 0), (2, 5), (3, 2), (3, 5), (3, 6), (4, 2), (4, 5), (4, 6), (6, 2), (6, 5), (7, 2), (7, 3), (7, 4), (7, 5)], [(2, 0), (2, 3), (2, 4), (5, 2), (5, 4), (6, 3), (6, 5), (7, 1), (7, 3), (7, 4)], [(0, 2), (2, 3), (2, 4), (2, 5), (3, 6), (3, 7), (5, 4), (6, 4), (6, 5), (7, 1), (7, 4)], [(0, 2), (3, 0), (5, 0), (0, 7), (3, 1), (1, 7), (3, 2), (2, 4), (5, 2), (7, 2), (3, 4), (5, 3), (3, 6), (3, 7), (5, 4), (6, 4), (7, 4), (5, 6), (5, 7)], [(2, 0), (7, 1), (2, 3), (4, 2), (2, 5), (3, 6), (7, 3), (4, 5), (7, 4), (6, 5)], [(2, 0), (2, 4), (3, 2), (3, 4), (3, 6), (5, 2), (5, 3), (5, 4), (5, 6), (5, 7), (6, 4), (7, 1), (7, 2), (7, 3), (7, 4)]], [[(0, 1), (0, 2), (0, 4), (0, 6), (0, 7), (1, 6), (2, 4), (2, 5), (2, 6), (2, 7), (3, 4), (5, 1), (5, 4), (5, 6), (7, 1), (7, 6)], [(0, 4), (0, 7), (1, 0), (1, 6), (2, 4), (2, 6), (3, 4), (5, 2), (5, 4), (6, 7)], [(0, 1), (0, 4), (0, 7), (1, 2), (1, 6), (2, 4), (3, 4), (5, 2), (5, 4), (6, 2), (6, 7)], [(0, 1), (0, 2), (0, 3), (4, 0), (0, 7), (1, 2), (1, 5), (1, 6), (1, 7), (2, 3), (4, 2), (5, 2), (2, 6), (2, 7), (4, 3), (5, 3), (4, 5), (5, 6), (5, 7), (6, 7)], [(1, 0), (0, 4), (0, 7), (6, 1), (2, 4), (5, 2), (6, 2), (3, 4), (5, 4), (6, 7)], [(0, 1), (0, 4), (0, 6), (1, 6), (2, 0), (2, 4), (2, 5), (2, 6), (2, 7), (3, 4), (5, 1), (5, 4), (5, 6), (7, 0), (7, 1), (7, 6)]], [[(1, 2), (1, 5), (1, 6), (1, 7), (2, 4), (2, 5), (3, 0), (3, 2), (4, 0), (5, 0), (5, 4), (6, 0), (6, 3), (6, 4), (6, 5), (7, 2), (7, 3), (7, 4), (7, 5)], [(0, 4), (0, 5), (1, 5), (1, 6), (3, 2), (4, 2), (5, 4), (6, 4), (7, 1), (7, 2)], [(1, 5), (1, 6), (2, 4), (2, 5), (2, 7), (3, 2), (4, 0), (5, 0), (5, 4), (5, 7), (6, 3), (6, 4), (7, 4)], [(1, 0), (4, 0), (0, 5), (6, 0), (1, 4), (1, 5), (6, 1), (3, 2), (2, 4), (2, 5), (2, 7), (3, 4), (6, 3), (4, 5), (6, 4), (4, 7), (5, 7), (6, 7)], [(0, 4), (5, 0), (1, 5), (6, 1), (1, 7), (2, 3), (4, 2), (2, 7), (5, 4), (6, 4)], [(0, 4), (0, 5), (0, 6), (2, 0), (2, 1), (2, 3), (2, 4), (2, 5), (2, 6), (2, 7), (3, 6), (4, 5), (4, 7), (5, 1), (5, 7), (6, 1), (6, 4), (6, 5), (6, 7)]], [[(0, 1), (0, 7), (1, 2), (1, 3), (2, 7), (3, 2), (3, 7), (4, 7), (5, 1), (5, 2), (5, 6)], [(0, 1), (0, 7), (1, 5), (2, 1), (2, 3), (3, 7), (4, 7), (6, 5)], [(0, 1), (0, 7), (1, 2), (2, 3), (3, 7), (4, 7), (5, 1), (5, 6), (6, 2)], [(0, 1), (0, 3), (0, 4), (7, 0), (1, 2), (5, 1), (2, 3), (5, 2), (3, 4), (7, 3), (7, 4), (6, 5)], [(0, 1), (0, 7), (1, 2), (5, 1), (2, 3), (3, 7), (4, 7), (5, 6)], [(0, 1), (0, 7), (2, 0), (2, 1), (2, 3), (2, 7), (3, 7), (4, 7), (5, 1), (5, 6)]], [[(0, 1), (0, 4), (0, 6), (1, 7), (2, 7), (3, 2), (3, 5), (4, 1), (4, 2), (4, 6), (4, 7), (5, 1), (5, 2), (5, 6), (5, 7), (6, 2)], [(0, 4), (0, 6), (1, 4), (1, 6), (1, 7), (2, 3), (2, 6), (3, 7), (4, 2), (5, 1), (5, 3), (5, 6)], [(0, 4), (0, 6), (1, 4), (1, 5), (1, 7), (2, 6), (3, 2), (3, 6), (3, 7), (4, 2), (4, 7), (5, 2), (5, 3), (5, 6)], [(0, 1), (4, 0), (0, 6), (4, 1), (5, 1), (1, 7), (3, 2), (4, 2), (5, 2), (6, 2), (2, 7), (5, 3), (4, 6), (4, 7), (5, 6), (5, 7)], [(4, 0), (6, 0), (4, 1), (5, 1), (1, 6), (1, 7), (2, 3), (4, 2), (6, 2), (5, 3), (3, 7), (5, 6)], [(0, 1), (0, 6), (1, 7), (2, 7), (3, 2), (4, 0), (4, 1), (4, 2), (4, 6), (4, 7), (5, 1), (5, 2), (5, 3), (5, 6), (5, 7), (6, 2)]], [[(0, 1), (0, 2), (0, 3), (1, 2), (3, 1), (3, 2), (4, 0), (4, 2), (4, 3), (4, 5), (4, 6), (5, 0), (5, 1), (5, 2), (5, 3), (6, 0), (6, 1), (6, 2), (7, 1), (7, 2), (7, 3), (7, 5)], [(0, 3), (0, 6), (1, 6), (1, 7), (2, 4), (2, 7), (3, 4), (3, 7), (5, 0), (5, 4)], [(0, 3), (0, 5), (0, 6), (1, 6), (1, 7), (3, 4), (4, 2), (5, 4), (6, 5), (7, 2), (7, 3)], [(2, 0), (0, 3), (0, 5), (6, 0), (7, 0), (2, 1), (3, 1), (4, 1), (6, 1), (7, 1), (2, 4), (2, 5), (7, 2), (4, 3), (5, 3), (7, 3), (4, 5), (6, 4), (7, 4), (6, 5), (7, 5)], [(0, 3), (5, 0), (6, 0), (6, 1), (7, 1), (4, 2), (7, 2), (3, 4), (7, 3), (5, 4)], [(1, 6), (2, 0), (2, 6), (3, 0), (3, 6), (4, 0), (4, 2), (4, 3), (4, 5), (4, 6), (5, 0), (6, 0), (7, 0), (7, 1), (7, 2), (7, 3), (7, 5), (7, 6)]], [[(1, 0), (1, 2), (1, 3), (1, 4), (1, 5), (1, 6), (1, 7), (2, 4), (3, 2), (3, 4), (3, 7), (5, 2), (5, 4), (5, 6), (5, 7), (6, 2), (6, 4), (7, 0), (7, 2), (7, 4)], [(1, 0), (1, 5), (2, 6), (3, 1), (4, 6), (4, 7), (5, 6), (5, 7), (7, 0)], [(0, 1), (0, 7), (1, 3), (1, 5), (1, 7), (2, 6), (5, 6), (6, 4), (7, 2), (7, 4), (7, 5)], [(1, 0), (7, 0), (1, 2), (1, 3), (1, 5), (1, 7), (4, 2), (2, 6), (2, 7), (3, 7), (4, 5), (4, 6), (4, 7), (5, 6), (5, 7), (7, 6)], [(1, 0), (7, 0), (1, 3), (5, 1), (6, 2), (4, 6), (4, 7), (5, 6), (5, 7)], [(1, 0), (1, 2), (1, 5), (1, 7), (2, 6), (2, 7), (3, 1), (3, 7), (4, 7), (5, 4), (5, 6), (5, 7), (6, 4), (6, 7), (7, 0)]], [[(0, 1), (0, 2), (0, 3), (0, 5), (1, 3), (2, 1), (2, 3), (2, 5), (4, 0), (4, 1), (4, 2), (4, 3), (4, 7), (5, 3), (6, 0), (6, 1), (6, 2), (6, 3), (7, 0), (7, 1), (7, 3), (7, 5), (7, 6)], [(1, 4), (1, 6), (2, 4), (2, 6), (3, 2), (5, 2), (5, 3), (6, 0), (7, 0), (7, 6)], [(0, 6), (0, 7), (2, 3), (2, 5), (3, 5), (4, 1), (4, 2), (6, 1), (6, 2), (6, 7)], [(0, 1), (0, 2), (0, 6), (0, 7), (2, 1), (3, 1), (4, 1), (1, 5), (6, 1), (1, 7), (3, 2), (2, 4), (2, 5), (2, 6), (2, 7), (3, 4), (3, 5), (3, 6), (3, 7), (4, 6), (4, 7), (6, 5), (5, 7), (6, 7)], [(6, 0), (7, 0), (1, 4), (1, 6), (2, 3), (2, 4), (2, 5), (2, 6), (5, 3), (7, 6)], [(0, 1), (0, 4), (0, 6), (1, 2), (1, 4), (1, 6), (3, 2), (3, 6), (4, 2), (5, 2), (5, 3), (5, 4), (5, 6), (7, 0), (7, 1), (7, 2), (7, 6)]], [[(0, 2), (0, 4), (0, 5), (0, 6), (1, 0), (1, 2), (1, 3), (1, 5), (1, 6), (2, 4), (3, 0), (3, 2), (3, 4), (3, 6), (3, 7), (5, 2), (6, 2), (6, 4), (6, 5), (7, 0), (7, 4), (7, 6)], [(0, 2), (0, 3), (0, 6), (1, 5), (1, 6), (2, 5), (3, 5), (3, 7), (4, 3), (7, 5)], [(0, 2), (0, 3), (0, 6), (1, 5), (2, 5), (2, 7), (3, 4), (3, 5), (3, 7), (6, 4), (7, 6)], [(0, 1), (2, 0), (0, 3), (4, 0), (0, 6), (2, 1), (3, 1), (5, 1), (2, 5), (2, 6), (2, 7), (4, 3), (3, 5), (3, 6), (3, 7), (4, 6), (4, 7), (6, 5), (7, 6)], [(2, 0), (3, 0), (6, 0), (1, 5), (1, 6), (2, 5), (4, 3), (5, 3), (3, 7), (5, 7)], [(0, 6), (1, 0), (1, 4), (1, 5), (1, 7), (2, 0), (2, 4), (2, 5), (3, 0), (3, 6), (4, 0), (4, 3), (4, 6), (5, 3), (5, 6), (5, 7), (7, 3), (7, 4), (7, 6)]], [[(0, 1), (0, 3), (0, 5), (0, 6), (0, 7), (2, 1), (2, 6), (3, 2), (3, 5), (4, 1), (5, 1), (5, 4), (5, 7), (6, 1), (6, 4), (6, 7), (7, 1)], [(0, 1), (0, 3), (1, 2), (1, 5), (1, 6), (2, 3), (3, 5), (4, 5), (4, 6), (5, 7), (6, 7)], [(0, 1), (0, 6), (2, 1), (2, 3), (3, 0), (3, 5), (5, 1), (5, 4), (5, 7), (6, 1), (6, 4), (6, 7)], [(1, 0), (0, 2), (0, 3), (4, 0), (0, 5), (0, 6), (1, 2), (1, 5), (1, 6), (1, 7), (3, 2), (4, 2), (5, 2), (6, 2), (7, 2), (4, 3), (3, 5), (3, 6), (7, 3), (4, 5), (4, 6), (4, 7), (7, 5), (7, 6)], [(0, 1), (3, 0), (2, 1), (1, 5), (1, 6), (3, 2), (3, 5), (5, 4), (6, 4), (5, 7), (6, 7)], [(0, 1), (0, 4), (1, 6), (2, 1), (2, 6), (3, 0), (3, 2), (4, 6), (4, 7), (5, 0), (5, 1), (5, 3), (5, 4), (5, 7), (7, 6)]], [[(0, 2), (0, 4), (0, 7), (1, 0), (1, 2), (1, 4), (2, 4), (3, 0), (3, 2), (3, 4), (3, 7), (5, 0), (5, 3), (5, 4), (5, 7), (6, 3), (6, 7), (7, 2), (7, 4)], [(0, 7), (1, 0), (1, 4), (3, 4), (4, 7), (5, 3), (6, 7), (7, 2)], [(0, 1), (1, 4), (2, 7), (3, 4), (3, 5), (3, 6), (7, 0), (7, 4), (7, 6)], [(1, 0), (2, 0), (3, 0), (0, 4), (5, 0), (0, 6), (0, 7), (2, 1), (1, 4), (2, 4), (2, 7), (3, 4), (5, 3), (5, 4), (7, 4), (7, 6)], [(0, 1), (0, 7), (1, 4), (7, 2), (3, 4), (5, 3), (7, 4), (6, 7)], [(0, 1), (0, 3), (0, 6), (1, 3), (1, 4), (2, 3), (4, 3), (5, 3), (7, 0), (7, 2), (7, 3), (7, 4), (7, 6)]], [[(0, 2), (0, 7), (1, 0), (1, 2), (1, 7), (3, 7), (4, 0), (4, 6), (4, 7), (5, 0), (5, 1), (5, 2), (5, 6), (5, 7), (6, 0), (6, 1), (6, 7)], [(0, 2), (0, 7), (1, 0), (1, 2), (2, 5), (3, 7), (4, 6), (5, 6), (5, 7), (6, 7)], [(0, 6), (0, 7), (1, 0), (1, 2), (1, 6), (2, 0), (2, 5), (3, 7), (4, 6), (4, 7), (5, 6), (7, 5), (7, 6)], [(0, 1), (0, 2), (5, 0), (0, 6), (0, 7), (1, 2), (1, 4), (1, 6), (1, 7), (5, 2), (3, 4), (3, 7), (5, 4), (6, 4), (7, 4), (5, 6), (5, 7), (6, 7)], [(0, 1), (0, 2), (0, 7), (1, 2), (5, 2), (3, 7), (4, 6), (5, 6), (7, 5), (7, 6)], [(0, 6), (0, 7), (1, 2), (1, 6), (1, 7), (2, 0), (3, 7), (4, 6), (4, 7), (5, 0), (5, 2), (5, 6), (5, 7), (6, 7)]], [[(0, 6), (0, 7), (1, 0), (1, 6), (1, 7), (2, 0), (2, 1), (2, 4), (2, 5), (2, 6), (2, 7), (3, 0), (3, 1), (3, 5), (3, 6), (3, 7), (4, 1), (4, 6), (4, 7), (5, 0), (5, 1), (5, 4), (5, 6), (5, 7), (6, 7)], [(0, 4), (0, 6), (1, 4), (1, 5), (2, 4), (2, 6), (3, 0), (3, 5), (7, 1), (7, 6)], [(0, 3), (1, 4), (1, 6), (1, 7), (3, 5), (4, 0), (4, 2), (5, 2), (6, 0), (6, 3), (6, 7)], [(0, 2), (3, 0), (4, 0), (6, 0), (0, 7), (1, 2), (1, 3), (1, 4), (6, 1), (1, 7), (3, 2), (4, 2), (5, 2), (6, 2), (7, 2), (3, 5), (6, 3), (3, 7), (4, 5), (4, 7), (6, 5), (5, 7)], [(3, 0), (0, 4), (6, 0), (4, 1), (1, 5), (7, 1), (2, 4), (6, 2), (3, 5), (7, 6)], [(0, 3), (1, 3), (1, 5), (2, 0), (2, 3), (2, 5), (4, 1), (4, 2), (4, 3), (4, 5), (4, 6), (5, 0), (5, 3), (6, 1), (6, 2), (6, 3), (6, 5), (6, 7), (7, 1), (7, 3)]], [[(0, 2), (0, 4), (0, 5), (0, 6), (0, 7), (1, 3), (1, 4), (1, 5), (1, 7), (2, 1), (2, 3), (2, 4), (2, 6), (3, 4), (3, 6), (3, 7), (6, 4), (6, 5), (6, 7), (7, 4), (7, 5)], [(1, 4), (2, 3), (2, 4), (2, 6), (4, 3), (6, 3), (6, 5), (7, 0), (7, 4), (7, 6)], [(1, 4), (2, 0), (2, 4), (2, 6), (4, 3), (4, 7), (6, 3), (6, 5), (7, 0), (7, 6)], [(0, 1), (0, 2), (0, 3), (0, 4), (0, 6), (0, 7), (2, 1), (4, 1), (5, 1), (7, 1), (2, 4), (6, 2), (2, 7), (4, 3), (5, 3), (6, 3), (3, 7), (5, 4), (6, 4), (4, 7), (5, 6), (5, 7), (6, 7)], [(7, 0), (1, 4), (2, 3), (2, 4), (6, 2), (4, 3), (6, 3), (7, 4), (6, 5), (7, 6)], [(0, 2), (0, 3), (0, 4), (0, 7), (1, 2), (1, 4), (1, 7), (4, 2), (4, 3), (5, 6), (5, 7), (6, 2), (6, 3), (6, 4), (7, 3), (7, 6)]], [[(0, 1), (2, 0), (2, 1), (3, 0), (3, 1), (3, 4), (3, 5), (3, 6), (4, 0), (4, 1), (5, 4), (6, 0), (6, 4), (6, 5), (6, 7), (7, 0), (7, 1), (7, 5)], [(0, 7), (1, 0), (2, 0), (3, 5), (4, 3), (4, 5), (4, 6), (5, 7), (6, 0), (6, 3), (6, 7)], [(0, 1), (0, 2), (0, 6), (0, 7), (1, 3), (3, 4), (3, 5), (5, 4), (6, 3), (6, 4), (6, 7), (7, 5)], [(0, 1), (0, 2), (0, 6), (0, 7), (1, 2), (1, 3), (5, 1), (1, 7), (5, 2), (6, 2), (2, 7), (4, 3), (5, 3), (6, 3), (5, 4), (6, 4), (4, 7), (5, 6), (5, 7), (6, 7)], [(1, 0), (2, 0), (0, 6), (7, 0), (3, 4), (3, 5), (6, 3), (5, 4), (6, 4), (7, 5), (7, 6)], [(1, 0), (1, 3), (2, 0), (4, 3), (5, 3), (5, 4), (5, 6), (5, 7), (6, 0), (6, 1), (6, 3), (6, 4), (7, 0), (7, 1), (7, 4), (7, 6)]], [[(0, 2), (0, 3), (0, 4), (0, 5), (0, 6), (0, 7), (2, 6), (3, 1), (3, 4), (3, 6), (3, 7), (4, 2), (4, 6), (5, 1), (5, 2), (5, 4), (5, 7), (7, 1), (7, 2)], [(0, 2), (0, 4), (0, 6), (3, 4), (3, 6), (5, 1), (5, 4), (7, 1), (7, 2), (7, 3)], [(0, 6), (1, 5), (1, 7), (2, 0), (3, 4), (3, 6), (4, 0), (5, 4), (7, 2), (7, 3)], [(1, 0), (0, 2), (3, 0), (0, 4), (0, 6), (0, 7), (3, 1), (1, 4), (5, 1), (1, 7), (2, 4), (5, 2), (2, 6), (7, 2), (3, 4), (5, 3), (3, 6), (3, 7), (5, 4), (4, 6), (5, 7)], [(2, 0), (0, 4), (0, 6), (5, 1), (7, 1), (7, 2), (3, 4), (3, 6), (7, 3), (4, 5)], [(1, 5), (2, 0), (2, 1), (2, 5), (3, 0), (3, 1), (3, 4), (3, 6), (4, 1), (4, 5), (4, 6), (6, 0), (7, 0), (7, 1), (7, 2), (7, 3), (7, 4), (7, 5), (7, 6)]], [[(0, 1), (0, 3), (1, 3), (2, 0), (2, 1), (2, 4), (2, 5), (2, 6), (2, 7), (4, 0), (4, 1), (4, 3), (4, 5), (4, 7), (5, 0), (5, 1), (5, 3), (5, 6), (5, 7), (6, 0), (6, 1), (6, 3), (6, 7), (7, 3)], [(0, 4), (1, 3), (1, 5), (1, 6), (2, 5), (2, 6), (3, 6), (3, 7), (4, 2), (4, 5), (4, 7), (7, 2), (7, 6)], [(0, 3), (1, 3), (1, 5), (1, 6), (2, 4), (2, 5), (2, 6), (2, 7), (4, 0), (4, 5), (4, 7), (6, 3), (6, 7), (7, 3)], [(0, 1), (0, 2), (0, 4), (0, 6), (0, 7), (2, 1), (3, 1), (4, 1), (5, 1), (6, 1), (7, 1), (2, 3), (2, 4), (5, 2), (2, 6), (5, 3), (3, 6), (3, 7), (5, 4), (7, 4), (5, 6), (5, 7), (6, 7)], [(4, 0), (1, 3), (1, 5), (1, 6), (2, 4), (2, 5), (2, 6), (2, 7), (6, 3), (7, 3), (4, 5), (4, 7), (6, 7)], [(0, 1), (0, 5), (2, 1), (2, 3), (2, 5), (2, 6), (3, 1), (4, 0), (4, 1), (4, 2), (4, 5), (4, 6), (4, 7), (5, 1), (5, 3), (6, 1), (6, 5), (7, 1), (7, 2), (7, 3), (7, 5), (7, 6)]], [[(1, 0), (2, 0), (2, 1), (3, 0), (3, 2), (3, 4), (3, 5), (4, 0), (4, 1), (4, 7), (5, 0), (5, 7), (6, 1), (6, 2), (6, 5), (7, 0), (7, 1)], [(0, 3), (0, 4), (0, 5), (1, 4), (1, 6), (1, 7), (2, 0), (2, 6), (3, 4), (4, 7), (5, 7), (6, 5)], [(0, 1), (0, 2), (0, 3), (0, 4), (0, 5), (3, 4), (4, 1), (5, 6), (5, 7), (6, 1), (6, 2), (7, 1), (7, 4)], [(1, 0), (2, 0), (0, 3), (0, 4), (5, 0), (0, 7), (1, 3), (1, 4), (1, 5), (1, 6), (1, 7), (2, 3), (2, 4), (2, 5), (2, 6), (3, 4), (3, 6), (3, 7), (5, 4), (4, 7), (5, 6), (5, 7), (7, 6)], [(0, 2), (0, 3), (0, 4), (5, 0), (1, 4), (6, 1), (1, 7), (6, 2), (4, 3), (7, 4), (6, 5), (5, 7)], [(1, 0), (2, 0), (2, 1), (2, 5), (2, 6), (3, 0), (3, 2), (3, 4), (3, 6), (4, 0), (4, 1), (4, 7), (5, 0), (5, 6), (5, 7), (6, 1), (7, 0), (7, 1)]], [[(0, 1), (2, 1), (2, 3), (2, 5), (2, 7), (3, 0), (3, 1), (3, 4), (3, 6), (3, 7), (4, 0), (4, 1), (4, 6), (5, 0), (5, 1), (7, 0), (7, 5)], [(1, 0), (1, 2), (2, 7), (3, 2), (3, 7), (4, 3), (5, 0), (5, 2), (5, 7), (6, 3), (6, 4), (7, 0)], [(1, 0), (1, 2), (2, 7), (3, 2), (3, 7), (4, 3), (4, 6), (5, 0), (5, 2), (5, 7), (6, 3), (7, 0)], [(0, 1), (2, 0), (0, 4), (0, 5), (0, 7), (2, 1), (3, 1), (4, 1), (5, 1), (3, 2), (2, 4), (2, 5), (2, 7), (3, 4), (3, 6), (3, 7), (4, 6), (7, 5)], [(1, 0), (5, 0), (7, 0), (1, 2), (3, 2), (5, 2), (2, 7), (3, 4), (3, 6), (3, 7), (6, 4), (5, 7)], [(1, 0), (1, 2), (1, 7), (3, 0), (3, 2), (3, 4), (3, 6), (3, 7), (4, 0), (4, 6), (5, 0), (5, 2), (5, 7), (7, 0), (7, 2)]], [[(0, 1), (0, 4), (0, 6), (0, 7), (1, 5), (1, 6), (2, 4), (2, 5), (3, 2), (3, 4), (3, 5), (3, 7), (4, 6), (7, 2), (7, 4), (7, 5)], [(0, 1), (0, 4), (0, 7), (1, 5), (1, 6), (2, 3), (2, 5), (3, 4), (3, 7), (4, 6), (4, 7), (5, 7)], [(0, 1), (0, 2), (0, 4), (0, 7), (1, 5), (1, 6), (2, 5), (3, 2), (3, 4), (3, 7), (4, 6), (4, 7), (5, 7)], [(0, 1), (0, 2), (0, 4), (7, 0), (1, 2), (1, 4), (1, 5), (1, 6), (2, 3), (2, 4), (5, 2), (6, 2), (4, 3), (5, 3), (6, 3), (7, 3), (6, 4), (7, 4), (7, 5), (7, 6)], [(1, 0), (0, 4), (0, 7), (1, 5), (1, 6), (2, 3), (2, 5), (3, 4), (3, 7), (4, 6), (4, 7), (5, 7)], [(0, 1), (0, 4), (0, 6), (0, 7), (1, 5), (1, 6), (2, 4), (2, 5), (3, 2), (3, 4), (3, 5), (3, 7), (4, 6), (7, 2), (7, 4), (7, 5)]], [[(0, 3), (0, 6), (0, 7), (1, 3), (1, 4), (1, 6), (1, 7), (2, 3), (2, 6), (4, 2), (4, 6), (5, 2), (5, 4), (5, 6), (5, 7), (6, 3), (7, 4)], [(0, 6), (1, 6), (1, 7), (3, 5), (3, 6), (4, 2), (5, 4), (5, 6), (5, 7), (7, 4)], [(0, 6), (0, 7), (2, 4), (3, 4), (3, 6), (4, 7), (5, 3), (5, 4), (5, 6), (5, 7), (6, 1), (7, 1)], [(0, 3), (0, 6), (0, 7), (1, 3), (1, 4), (1, 6), (1, 7), (2, 3), (4, 2), (5, 2), (2, 6), (6, 3), (5, 4), (4, 6), (7, 4), (5, 6), (5, 7)], [(0, 6), (6, 1), (7, 1), (2, 4), (5, 3), (3, 6), (5, 4), (4, 7), (5, 6), (5, 7)], [(0, 5), (0, 6), (0, 7), (1, 4), (1, 6), (1, 7), (2, 1), (2, 4), (2, 5), (2, 6), (3, 4), (3, 6), (4, 5), (4, 6), (4, 7), (5, 7), (6, 5)]], [[(0, 1), (0, 7), (1, 2), (1, 3), (1, 7), (4, 3), (5, 3), (6, 3), (6, 4), (7, 3), (7, 5), (7, 6)], [(0, 1), (1, 7), (2, 1), (4, 3), (5, 3), (6, 4), (6, 7), (7, 3), (7, 5)], [(0, 1), (1, 2), (3, 4), (3, 5), (3, 7), (4, 6), (5, 7), (7, 0), (7, 1), (7, 6)], [(1, 0), (7, 0), (1, 2), (1, 5), (1, 7), (4, 3), (3, 5), (3, 6), (3, 7), (4, 5), (4, 6), (4, 7), (5, 6), (5, 7), (6, 7)], [(0, 1), (1, 2), (7, 1), (4, 3), (5, 3), (3, 7), (4, 6), (5, 7), (7, 6)], [(1, 0), (1, 3), (1, 7), (2, 1), (4, 3), (5, 3), (6, 3), (6, 4), (7, 0), (7, 3), (7, 5), (7, 6)]], [[(0, 4), (1, 0), (1, 2), (1, 4), (2, 0), (2, 3), (2, 5), (3, 0), (3, 4), (5, 0), (5, 4), (6, 0), (6, 5), (6, 7), (7, 3)], [(0, 5), (1, 2), (1, 4), (2, 3), (2, 5), (3, 0), (3, 4), (4, 0), (4, 5), (6, 5), (7, 3), (7, 6)], [(0, 3), (0, 4), (0, 5), (2, 1), (2, 3), (2, 5), (4, 1), (4, 3), (5, 4), (6, 5), (6, 7), (7, 3)], [(0, 2), (0, 3), (4, 0), (5, 0), (6, 0), (1, 2), (1, 3), (4, 1), (1, 5), (3, 2), (5, 2), (6, 2), (2, 7), (4, 3), (6, 3), (3, 7), (4, 5), (6, 5), (6, 7)], [(3, 0), (4, 0), (0, 5), (2, 1), (1, 4), (2, 3), (2, 5), (3, 4), (7, 3), (4, 5), (6, 5), (7, 6)], [(0, 4), (1, 0), (1, 4), (2, 0), (2, 1), (2, 3), (2, 5), (3, 0), (3, 4), (5, 0), (5, 4), (6, 0), (6, 5), (6, 7), (7, 3)]], [[(0, 2), (1, 3), (1, 4), (1, 7), (3, 2), (4, 0), (4, 3), (5, 0), (5, 6), (5, 7), (6, 4), (7, 0), (7, 2), (7, 4)], [(0, 1), (0, 5), (0, 7), (1, 3), (1, 4), (1, 7), (2, 3), (2, 7), (5, 7), (6, 4), (6, 5)], [(0, 2), (1, 7), (3, 1), (3, 2), (3, 4), (4, 0), (4, 1), (4, 6), (5, 0), (5, 7), (6, 5), (7, 0), (7, 2)], [(0, 1), (0, 2), (0, 4), (0, 5), (0, 6), (7, 0), (3, 1), (1, 4), (5, 1), (7, 1), (3, 2), (2, 6), (7, 2), (3, 4), (3, 5), (3, 6), (5, 4), (6, 4), (5, 6), (7, 5)], [(1, 0), (5, 0), (7, 0), (1, 3), (1, 4), (1, 7), (2, 3), (7, 2), (6, 4), (5, 6), (5, 7)], [(0, 2), (0, 7), (1, 0), (1, 3), (1, 4), (1, 6), (1, 7), (3, 2), (4, 0), (4, 3), (4, 6), (5, 0), (5, 4), (5, 6), (5, 7), (7, 2)]], [[(0, 4), (1, 0), (1, 4), (2, 1), (2, 6), (3, 0), (3, 1), (3, 4), (5, 4), (5, 6), (5, 7), (6, 0), (6, 3), (6, 4), (7, 3), (7, 4)], [(0, 4), (1, 0), (2, 6), (3, 0), (3, 1), (3, 7), (4, 7), (5, 6), (5, 7), (6, 3)], [(0, 1), (0, 3), (0, 4), (1, 2), (1, 3), (3, 6), (3, 7), (6, 2), (6, 5), (7, 4), (7, 5)], [(1, 0), (0, 3), (0, 4), (0, 5), (6, 0), (1, 3), (1, 4), (1, 6), (2, 3), (2, 5), (2, 6), (2, 7), (3, 4), (3, 5), (6, 3), (3, 7), (5, 4), (6, 4), (7, 4), (6, 5), (7, 5)], [(0, 1), (3, 0), (0, 4), (3, 1), (2, 6), (6, 3), (7, 3), (7, 4), (5, 6), (7, 5)], [(1, 0), (2, 1), (2, 6), (3, 1), (3, 4), (4, 0), (5, 0), (5, 4), (5, 6), (5, 7), (6, 0), (6, 3), (6, 4), (7, 0), (7, 3), (7, 4)]], [[(0, 1), (0, 3), (0, 4), (0, 6), (1, 2), (1, 3), (1, 4), (1, 5), (1, 6), (2, 6), (3, 2), (3, 4), (4, 2), (4, 5), (5, 2), (7, 1), (7, 3)], [(1, 0), (1, 2), (1, 7), (2, 5), (2, 6), (3, 2), (3, 7), (4, 0), (4, 5), (6, 0), (6, 4)], [(1, 0), (1, 2), (1, 7), (2, 6), (3, 2), (4, 0), (5, 2), (6, 0), (6, 4), (7, 3)], [(0, 1), (2, 0), (0, 4), (5, 0), (0, 6), (2, 1), (3, 1), (1, 4), (5, 1), (1, 6), (1, 7), (3, 2), (2, 4), (5, 2), (2, 6), (3, 4), (5, 3), (3, 7)], [(1, 0), (4, 0), (6, 0), (1, 2), (7, 1), (3, 2), (5, 2), (2, 6), (7, 3), (5, 4), (6, 4)], [(0, 4), (1, 0), (1, 4), (1, 5), (1, 7), (2, 1), (2, 4), (2, 5), (3, 2), (3, 4), (3, 5), (3, 6), (3, 7), (6, 0), (6, 2)]], [[(1, 0), (1, 2), (1, 3), (1, 7), (4, 7), (5, 2), (5, 4), (5, 7), (6, 0), (6, 2), (6, 3), (6, 4), (7, 2)], [(0, 1), (0, 6), (1, 2), (1, 3), (1, 7), (2, 5), (2, 7), (3, 6), (4, 5), (4, 6), (4, 7)], [(1, 0), (1, 3), (2, 1), (2, 4), (2, 5), (2, 7), (4, 5), (4, 7), (6, 0), (6, 3), (7, 1)], [(1, 0), (6, 0), (1, 2), (1, 3), (1, 7), (5, 2), (6, 2), (7, 2), (6, 3), (5, 4), (6, 4), (4, 7), (5, 7)], [(0, 1), (0, 6), (1, 2), (3, 1), (1, 7), (5, 2), (2, 7), (3, 6), (5, 4), (6, 4), (4, 7)], [(0, 1), (0, 6), (1, 2), (1, 3), (1, 7), (4, 7), (5, 2), (5, 4), (5, 7), (6, 1), (6, 2), (6, 3), (6, 4), (7, 2)]], [[(0, 3), (0, 4), (0, 6), (1, 5), (1, 7), (2, 1), (2, 3), (2, 4), (2, 6), (3, 1), (3, 5), (3, 6), (4, 1), (4, 7), (5, 7), (6, 4)], [(0, 4), (1, 4), (1, 5), (2, 4), (3, 0), (5, 3), (6, 0), (6, 4), (7, 5)], [(0, 3), (0, 4), (0, 6), (1, 5), (2, 3), (2, 4), (3, 5), (4, 1), (4, 6), (4, 7), (5, 7)], [(0, 2), (3, 0), (4, 0), (0, 6), (1, 2), (1, 4), (1, 5), (1, 7), (3, 2), (4, 2), (2, 6), (3, 4), (3, 5), (3, 6), (4, 6), (4, 7), (5, 7)], [(0, 3), (4, 0), (0, 6), (1, 4), (1, 5), (2, 4), (3, 5), (4, 6), (5, 7)], [(1, 2), (1, 4), (1, 5), (1, 7), (2, 0), (3, 0), (4, 0), (4, 2), (4, 3), (4, 6), (4, 7), (5, 3), (6, 0), (7, 5)]], [[(0, 2), (0, 3), (0, 7), (1, 0), (1, 2), (1, 3), (1, 5), (1, 7), (2, 7), (3, 2), (4, 0), (4, 2), (4, 6), (4, 7), (5, 0), (5, 2), (5, 3), (5, 4), (5, 6), (5, 7), (6, 0), (6, 2), (6, 3), (6, 7)], [(0, 6), (1, 3), (1, 5), (3, 0), (3, 2), (3, 7), (4, 5), (5, 6), (5, 7)], [(0, 3), (0, 6), (3, 2), (3, 7), (4, 5), (5, 1), (6, 5), (7, 5)], [(3, 0), (0, 5), (0, 6), (0, 7), (3, 1), (1, 4), (1, 5), (1, 6), (1, 7), (3, 2), (2, 4), (2, 5), (2, 7), (3, 4), (3, 5), (3, 6), (4, 5), (4, 7), (6, 5), (5, 7), (6, 7)], [(3, 0), (0, 6), (1, 3), (5, 1), (3, 2), (7, 3), (5, 4), (5, 6), (7, 5)], [(0, 1), (0, 3), (0, 5), (0, 6), (1, 3), (1, 4), (1, 5), (1, 6), (2, 4), (2, 5), (3, 2), (3, 4), (3, 5), (3, 6), (3, 7), (4, 5), (6, 5), (7, 5)]], [[(0, 1), (0, 5), (1, 5), (2, 0), (2, 1), (2, 3), (2, 6), (2, 7), (3, 0), (4, 0), (4, 1), (4, 3), (4, 6), (6, 0), (6, 1), (6, 5), (7, 1), (7, 4), (7, 6)], [(3, 0), (3, 2), (4, 1), (4, 3), (4, 6), (5, 0), (5, 1), (5, 6), (6, 0), (7, 2), (7, 4), (7, 6)], [(0, 3), (0, 5), (0, 6), (1, 5), (2, 1), (4, 1), (4, 3), (6, 4), (6, 5), (6, 7), (7, 2), (7, 4)], [(1, 0), (0, 2), (0, 3), (0, 5), (0, 6), (1, 2), (1, 3), (4, 1), (1, 5), (1, 7), (3, 2), (4, 2), (6, 2), (2, 7), (4, 3), (3, 6), (4, 6), (4, 7), (6, 5), (6, 7)], [(0, 3), (0, 5), (0, 6), (4, 1), (1, 5), (2, 3), (2, 7), (3, 4), (4, 6), (4, 7), (6, 5), (6, 7)], [(0, 5), (1, 0), (1, 3), (1, 4), (1, 5), (2, 0), (2, 1), (2, 4), (2, 6), (2, 7), (3, 0), (4, 0), (4, 3), (4, 6), (6, 0), (6, 5), (7, 1), (7, 4), (7, 6)]], [[(0, 1), (0, 3), (0, 5), (0, 6), (3, 1), (3, 2), (3, 6), (3, 7), (4, 1), (4, 7), (5, 2), (7, 2), (7, 5), (7, 6)], [(0, 1), (0, 3), (0, 5), (1, 3), (2, 3), (2, 5), (2, 7), (4, 1), (4, 7), (6, 3)], [(0, 1), (0, 3), (0, 5), (2, 3), (2, 5), (2, 6), (2, 7), (3, 1), (3, 6), (4, 1), (7, 4), (7, 6)], [(0, 1), (3, 0), (0, 5), (0, 6), (3, 1), (4, 1), (3, 2), (5, 2), (7, 2), (3, 6), (3, 7), (4, 7), (7, 5), (7, 6)], [(0, 1), (0, 3), (0, 5), (3, 1), (4, 1), (2, 3), (2, 5), (7, 2), (3, 6), (7, 4)], [(0, 1), (0, 3), (0, 5), (0, 7), (3, 1), (3, 2), (4, 1), (4, 7), (5, 2), (6, 0), (6, 3), (6, 7), (7, 2), (7, 3), (7, 5)]], [[(0, 5), (0, 6), (0, 7), (1, 2), (1, 5), (1, 7), (2, 0), (2, 5), (2, 6), (3, 0), (3, 1), (3, 6), (3, 7), (4, 0), (4, 1), (4, 7), (5, 6), (5, 7), (7, 6)], [(0, 2), (0, 4), (1, 4), (1, 7), (2, 6), (3, 0), (3, 7), (6, 5), (6, 7), (7, 5)], [(1, 4), (2, 0), (2, 5), (2, 6), (3, 0), (3, 7), (4, 0), (5, 6), (7, 1), (7, 5), (7, 6)], [(2, 0), (3, 0), (4, 0), (0, 5), (0, 6), (0, 7), (2, 1), (3, 1), (1, 4), (1, 5), (1, 7), (2, 5), (2, 6), (2, 7), (3, 4), (3, 5), (3, 6), (4, 5), (4, 7), (5, 6), (7, 5), (7, 6)], [(2, 0), (3, 0), (4, 0), (1, 4), (7, 1), (2, 6), (7, 3), (6, 5), (7, 5), (7, 6)], [(0, 2), (1, 0), (3, 0), (3, 2), (3, 7), (4, 0), (4, 1), (4, 2), (4, 7), (5, 0), (6, 2), (6, 3), (6, 5), (6, 7), (7, 0), (7, 1), (7, 5)]], [[(0, 3), (0, 4), (0, 6), (0, 7), (2, 1), (2, 7), (3, 1), (4, 1), (4, 3), (4, 5), (4, 6), (4, 7), (5, 1), (5, 3), (5, 7), (6, 1), (6, 3), (6, 5), (6, 7), (7, 1), (7, 3)], [(1, 3), (1, 7), (2, 7), (4, 0), (5, 4), (6, 0), (6, 4), (6, 5), (7, 3)], [(0, 4), (0, 6), (1, 3), (1, 7), (3, 5), (3, 7), (4, 5), (6, 4), (6, 5), (7, 2), (7, 5)], [(2, 0), (3, 0), (4, 0), (5, 0), (0, 6), (1, 2), (3, 1), (1, 5), (1, 6), (1, 7), (3, 2), (4, 2), (5, 2), (2, 6), (7, 2), (4, 3), (3, 6), (3, 7), (4, 5), (4, 7), (5, 6), (7, 5), (7, 6)], [(4, 0), (6, 0), (3, 1), (7, 1), (7, 2), (7, 3), (5, 4), (6, 4), (6, 5)], [(0, 3), (0, 7), (1, 7), (2, 3), (2, 7), (3, 1), (3, 7), (4, 0), (4, 5), (4, 7), (5, 3), (5, 7), (6, 0), (6, 3), (6, 4), (6, 5), (6, 7)]], [[(0, 3), (0, 7), (1, 0), (1, 2), (1, 3), (1, 4), (1, 5), (1, 7), (2, 3), (2, 7), (4, 2), (4, 5), (4, 6), (4, 7), (5, 0), (5, 2), (5, 3), (5, 7), (6, 0), (6, 3), (6, 5), (6, 7), (7, 3)], [(0, 3), (0, 5), (0, 7), (1, 3), (1, 5), (2, 5), (4, 1), (4, 5), (6, 3), (6, 4), (6, 7)], [(1, 2), (1, 3), (1, 4), (1, 5), (3, 0), (4, 5), (4, 6), (5, 0), (5, 2), (6, 3), (6, 7), (7, 0)], [(3, 0), (5, 0), (6, 0), (7, 0), (1, 2), (1, 3), (4, 1), (1, 5), (1, 7), (3, 2), (4, 2), (5, 2), (7, 2), (5, 3), (6, 3), (4, 5), (6, 4), (4, 7), (6, 5), (7, 5), (6, 7)], [(0, 3), (0, 5), (0, 7), (1, 3), (4, 1), (1, 5), (5, 2), (3, 6), (4, 5), (4, 6), (6, 7)], [(0, 6), (2, 1), (3, 0), (3, 1), (3, 6), (4, 0), (4, 1), (4, 3), (4, 6), (5, 0), (5, 1), (5, 2), (5, 4), (5, 6), (5, 7), (7, 0), (7, 1), (7, 4), (7, 6)]], [[(0, 4), (0, 5), (0, 7), (1, 2), (1, 3), (3, 2), (3, 4), (3, 5), (3, 6), (4, 2), (5, 4), (5, 7), (6, 4), (6, 5), (7, 4)], [(0, 4), (3, 1), (3, 5), (4, 2), (4, 5), (5, 7), (6, 5)], [(2, 1), (2, 4), (3, 1), (4, 0), (4, 5), (4, 7), (5, 3), (5, 6), (5, 7), (7, 0)], [(0, 4), (0, 5), (0, 7), (2, 1), (3, 1), (4, 1), (4, 2), (3, 4), (3, 5), (6, 3), (5, 4), (6, 4), (7, 4), (6, 5), (5, 7)], [(0, 4), (3, 1), (4, 2), (5, 3), (5, 4), (5, 6), (7, 5)], [(0, 4), (0, 7), (1, 2), (3, 1), (3, 2), (3, 4), (3, 5), (4, 2), (4, 5), (4, 7), (5, 7), (6, 3), (6, 4), (6, 5)]], [[(0, 3), (0, 7), (1, 0), (1, 2), (1, 3), (1, 6), (1, 7), (2, 5), (3, 5), (4, 0), (4, 6), (4, 7), (6, 2), (6, 3), (6, 7), (7, 2), (7, 3), (7, 5)], [(0, 4), (1, 2), (1, 7), (2, 5), (2, 6), (2, 7), (3, 5), (3, 6), (3, 7), (4, 6), (4, 7)], [(0, 1), (0, 4), (1, 2), (1, 7), (2, 5), (3, 5), (6, 2), (6, 3), (7, 2), (7, 3), (7, 4)], [(0, 2), (3, 0), (4, 0), (0, 6), (0, 7), (2, 1), (4, 1), (1, 6), (7, 1), (4, 2), (2, 5), (2, 6), (2, 7), (4, 3), (3, 5), (3, 6), (3, 7), (4, 7), (7, 5), (7, 6)], [(4, 0), (2, 1), (1, 7), (5, 2), (2, 6), (2, 7), (5, 3), (3, 6), (3, 7), (6, 4), (4, 7)], [(0, 1), (0, 4), (1, 2), (1, 4), (1, 7), (3, 0), (3, 2), (3, 7), (5, 0), (5, 1), (5, 2), (5, 3), (6, 0), (6, 2), (6, 3), (7, 2), (7, 4)]], [[(0, 2), (0, 3), (0, 4), (0, 5), (1, 3), (1, 4), (1, 5), (1, 6), (2, 1), (2, 3), (2, 6), (5, 3), (6, 3), (6, 5), (7, 1), (7, 3), (7, 4), (7, 5)], [(0, 3), (0, 4), (1, 2), (1, 4), (2, 0), (2, 6), (3, 4), (3, 5), (5, 6), (7, 1), (7, 5)], [(0, 2), (0, 3), (0, 4), (2, 1), (2, 6), (3, 4), (3, 5), (4, 1), (5, 7), (6, 5), (6, 7), (7, 1)], [(0, 1), (2, 0), (0, 3), (0, 4), (0, 5), (2, 1), (3, 1), (1, 4), (5, 1), (2, 5), (6, 2), (3, 5), (7, 3), (7, 4), (6, 5), (7, 5), (7, 6)], [(2, 0), (0, 3), (0, 4), (2, 1), (4, 1), (7, 1), (6, 2), (3, 4), (3, 5), (6, 5), (5, 7)], [(0, 3), (0, 4), (0, 5), (1, 2), (1, 3), (1, 4), (1, 5), (1, 7), (2, 0), (2, 3), (2, 7), (5, 3), (6, 2), (6, 3), (6, 5), (7, 3), (7, 4), (7, 5)]], [[(0, 1), (0, 2), (0, 3), (0, 5), (0, 6), (1, 2), (1, 3), (1, 5), (1, 6), (1, 7), (2, 6), (2, 7), (3, 2), (3, 5), (3, 6), (3, 7), (4, 1), (4, 3), (4, 5), (4, 6), (5, 7), (6, 5), (6, 7)], [(0, 5), (1, 2), (1, 3), (2, 5), (3, 4), (4, 5), (6, 0), (6, 1), (6, 3), (7, 1), (7, 5)], [(0, 5), (1, 2), (1, 3), (1, 6), (1, 7), (2, 5), (4, 3), (4, 5), (4, 6), (6, 0), (7, 5)], [(1, 0), (0, 2), (3, 0), (0, 4), (0, 5), (0, 6), (1, 2), (3, 1), (1, 5), (1, 6), (7, 1), (3, 2), (4, 2), (6, 2), (7, 2), (3, 4), (3, 5), (3, 6), (7, 3), (5, 4), (6, 4), (6, 5), (7, 5), (7, 6)], [(5, 0), (6, 0), (2, 1), (3, 1), (1, 6), (7, 1), (5, 2), (3, 4), (3, 6), (5, 4), (7, 5)], [(0, 1), (0, 2), (0, 3), (0, 5), (0, 6), (0, 7), (2, 1), (2, 3), (2, 5), (2, 6), (3, 1), (3, 6), (4, 3), (4, 5), (4, 6), (5, 1), (5, 6), (5, 7), (6, 1), (7, 1)]], [[(0, 3), (1, 0), (1, 2), (1, 3), (2, 0), (2, 3), (4, 1), (4, 2), (5, 0), (5, 2), (5, 3), (6, 0), (6, 1), (6, 2), (6, 3), (6, 7), (7, 1), (7, 2), (7, 3)], [(0, 2), (0, 3), (1, 2), (1, 3), (2, 5), (2, 7), (3, 5), (3, 6), (4, 2), (6, 7)], [(0, 2), (0, 3), (0, 6), (1, 2), (1, 3), (2, 4), (2, 7), (3, 5), (3, 6), (5, 2), (7, 6)], [(2, 0), (3, 0), (5, 0), (7, 0), (1, 2), (1, 3), (3, 2), (2, 4), (5, 2), (2, 6), (2, 7), (5, 3), (3, 6), (3, 7), (5, 4), (7, 4), (5, 6), (7, 6)], [(0, 2), (0, 3), (1, 2), (1, 3), (2, 4), (5, 2), (2, 7), (3, 5), (3, 6), (7, 6)], [(0, 3), (2, 0), (2, 1), (3, 1), (4, 2), (5, 2), (5, 3), (6, 0), (6, 3), (7, 2), (7, 3), (7, 6)]], [[(0, 2), (0, 3), (0, 5), (0, 7), (1, 3), (1, 4), (1, 5), (1, 7), (2, 5), (2, 6), (2, 7), (3, 2), (3, 4), (3, 7), (5, 4), (6, 7), (7, 5)], [(0, 2), (0, 5), (1, 3), (1, 4), (2, 3), (2, 6), (3, 4), (3, 7), (4, 5), (5, 7)], [(0, 2), (1, 3), (1, 4), (2, 6), (2, 7), (3, 2), (3, 4), (3, 7), (5, 0), (5, 4), (5, 7), (7, 6)], [(0, 1), (2, 0), (0, 3), (0, 5), (3, 1), (4, 1), (5, 1), (6, 1), (2, 3), (4, 2), (6, 2), (2, 7), (4, 3), (3, 5), (6, 3), (3, 7), (4, 5), (6, 4), (6, 5), (5, 7), (6, 7)], [(0, 2), (5, 0), (3, 1), (4, 1), (3, 2), (2, 6), (3, 4), (3, 7), (5, 4), (5, 7)], [(0, 2), (0, 3), (0, 5), (1, 3), (1, 4), (1, 5), (2, 6), (2, 7), (3, 2), (3, 4), (3, 5), (3, 7), (5, 4), (5, 7), (6, 5), (6, 7)]], [[(0, 3), (0, 4), (0, 5), (0, 6), (0, 7), (1, 3), (1, 6), (1, 7), (2, 7), (3, 7), (4, 2), (4, 3), (5, 2), (5, 3), (5, 4), (5, 6), (6, 2), (6, 3), (6, 4)], [(0, 3), (0, 4), (0, 5), (0, 7), (1, 7), (2, 4), (2, 5), (3, 6), (4, 6), (6, 1)], [(0, 4), (0, 5), (0, 7), (1, 6), (1, 7), (2, 4), (2, 5), (2, 6), (3, 7), (5, 3), (6, 3), (6, 4)], [(0, 3), (0, 4), (0, 5), (0, 7), (1, 5), (6, 1), (1, 7), (4, 2), (5, 2), (6, 2), (4, 3), (3, 5), (6, 3), (3, 7), (4, 5), (6, 4), (4, 7), (6, 5), (6, 7)], [(3, 0), (0, 4), (0, 5), (7, 0), (1, 6), (7, 1), (2, 4), (2, 5), (6, 3), (6, 4)], [(0, 2), (0, 4), (0, 5), (0, 7), (1, 3), (1, 6), (1, 7), (2, 4), (4, 3), (5, 2), (5, 3), (6, 3), (6, 4), (6, 5), (7, 3), (7, 5)]], [[(0, 1), (0, 5), (2, 4), (3, 1), (3, 2), (3, 4), (3, 5), (3, 7), (4, 0), (4, 1), (4, 5), (4, 7), (5, 1), (6, 0), (6, 1), (6, 2), (6, 5), (6, 7), (7, 0), (7, 1)], [(0, 1), (0, 4), (0, 5), (1, 7), (3, 2), (3, 5), (3, 7), (4, 2), (6, 2), (6, 7)], [(0, 1), (0, 4), (0, 5), (2, 3), (2, 6), (3, 5), (3, 7), (4, 2), (7, 1), (7, 6)], [(1, 0), (0, 2), (3, 0), (0, 4), (5, 0), (0, 6), (0, 7), (3, 1), (1, 4), (1, 6), (1, 7), (3, 2), (2, 4), (2, 6), (3, 4), (5, 3), (3, 6), (3, 7), (7, 4), (5, 6), (5, 7), (6, 7)], [(0, 1), (4, 0), (0, 5), (7, 1), (3, 2), (2, 4), (6, 2), (3, 5), (3, 7), (6, 7)], [(0, 1), (0, 6), (1, 3), (1, 6), (3, 2), (3, 6), (4, 0), (4, 2), (4, 3), (4, 6), (5, 0), (5, 1), (5, 3), (5, 4), (5, 7), (6, 2), (7, 0), (7, 1), (7, 3), (7, 6)]], [[(0, 3), (1, 0), (1, 3), (1, 4), (1, 5), (1, 6), (2, 1), (2, 4), (2, 6), (4, 0), (4, 3), (4, 5), (4, 6), (5, 0), (5, 3), (6, 5), (7, 1), (7, 4), (7, 5), (7, 6)], [(0, 1), (0, 4), (1, 3), (1, 6), (1, 7), (2, 4), (2, 6), (3, 4), (3, 5), (5, 6), (5, 7)], [(0, 1), (0, 4), (1, 3), (1, 6), (2, 0), (2, 4), (2, 6), (3, 4), (5, 3), (6, 5), (7, 1), (7, 4), (7, 5)], [(1, 0), (0, 4), (1, 2), (1, 3), (1, 4), (6, 1), (1, 7), (4, 2), (6, 2), (7, 2), (3, 4), (5, 3), (5, 4), (4, 7), (6, 5), (5, 7)], [(1, 0), (4, 0), (3, 1), (1, 6), (1, 7), (4, 2), (2, 6), (4, 3), (3, 5), (6, 5), (5, 7)], [(0, 4), (1, 0), (1, 2), (1, 4), (1, 6), (1, 7), (3, 1), (3, 4), (3, 5), (4, 2), (4, 7), (5, 4), (5, 6), (5, 7), (6, 2)]], [[(1, 0), (2, 3), (2, 4), (2, 5), (3, 1), (3, 4), (4, 0), (4, 1), (5, 0), (5, 1), (5, 3), (5, 6), (5, 7), (6, 0), (6, 3), (6, 4), (6, 7), (7, 1), (7, 3), (7, 4)], [(0, 4), (0, 7), (1, 6), (1, 7), (2, 4), (2, 5), (3, 4), (5, 3), (5, 6), (6, 7)], [(0, 5), (1, 6), (1, 7), (3, 4), (3, 5), (3, 7), (4, 0), (4, 2), (5, 2), (5, 6), (7, 0), (7, 6)], [(1, 0), (3, 0), (4, 0), (5, 0), (0, 6), (0, 7), (1, 3), (1, 5), (1, 7), (2, 3), (2, 4), (2, 5), (2, 6), (2, 7), (4, 3), (5, 3), (3, 6), (3, 7), (4, 6), (5, 6), (7, 6)], [(4, 0), (0, 7), (6, 1), (7, 1), (4, 2), (5, 2), (3, 4), (5, 3), (6, 5), (6, 7)], [(1, 0), (1, 7), (2, 1), (2, 4), (2, 5), (2, 7), (3, 6), (3, 7), (4, 0), (4, 3), (4, 6), (4, 7), (5, 0), (5, 3), (5, 6), (5, 7), (6, 0), (6, 1), (6, 7)]], [[(0, 3), (0, 5), (0, 6), (0, 7), (1, 2), (1, 3), (1, 5), (2, 3), (2, 4), (2, 6), (3, 6), (4, 3), (4, 6), (5, 2), (5, 3), (5, 4), (5, 6), (5, 7), (7, 2)], [(0, 6), (1, 2), (1, 5), (2, 4), (2, 6), (3, 0), (3, 5), (5, 4), (5, 7)], [(0, 3), (0, 6), (1, 2), (1, 4), (1, 5), (2, 6), (3, 4), (3, 5), (4, 2), (5, 4), (5, 7)], [(0, 1), (0, 3), (0, 4), (6, 0), (0, 7), (2, 1), (3, 1), (5, 1), (3, 2), (2, 4), (5, 2), (6, 2), (2, 7), (3, 4), (3, 5), (5, 4), (6, 4), (6, 5), (5, 7)], [(3, 0), (0, 6), (1, 2), (1, 5), (2, 4), (2, 6), (3, 5), (5, 4), (5, 7)], [(0, 1), (0, 3), (0, 6), (0, 7), (2, 1), (2, 3), (2, 4), (2, 5), (2, 6), (2, 7), (4, 3), (4, 5), (5, 1), (5, 3), (6, 3), (7, 4), (7, 5)]], [[(0, 1), (0, 3), (0, 4), (0, 5), (0, 6), (1, 4), (1, 6), (2, 1), (2, 6), (3, 4), (3, 6), (5, 4), (5, 6), (6, 4)], [(0, 1), (2, 1), (2, 6), (3, 6), (4, 0), (4, 1), (5, 6)], [(0, 1), (0, 3), (0, 4), (0, 5), (2, 1), (2, 6), (3, 6), (4, 1), (5, 6), (6, 1)], [(0, 1), (0, 4), (0, 6), (2, 1), (1, 3), (4, 1), (1, 5), (6, 1), (2, 3), (2, 5), (2, 6), (3, 5), (6, 3), (4, 5), (6, 5)], [(0, 1), (4, 0), (2, 1), (4, 1), (2, 6), (3, 6), (5, 6)], [(0, 1), (0, 3), (0, 4), (0, 5), (0, 6), (1, 6), (2, 1), (2, 6), (3, 6), (4, 1), (4, 6), (5, 6)]], [[(0, 4), (0, 5), (1, 0), (2, 0), (2, 1), (2, 4), (2, 5), (3, 0), (3, 1), (3, 7), (4, 5), (6, 0), (6, 1), (6, 2), (6, 7), (7, 1), (7, 2), (7, 5)], [(0, 2), (0, 5), (1, 6), (1, 7), (2, 4), (2, 6), (2, 7), (3, 0), (3, 1), (4, 5), (5, 7), (7, 6)], [(0, 2), (0, 3), (0, 5), (2, 4), (2, 7), (3, 1), (5, 4), (6, 1), (6, 2), (6, 7), (7, 1), (7, 5)], [(2, 0), (3, 0), (0, 4), (0, 5), (0, 6), (3, 1), (1, 6), (1, 7), (2, 4), (2, 5), (2, 6), (2, 7), (3, 7), (4, 5), (7, 5)], [(0, 2), (0, 3), (5, 0), (3, 1), (6, 1), (1, 7), (4, 2), (2, 6), (2, 7), (5, 4), (5, 7), (6, 7)], [(0, 4), (0, 5), (0, 6), (1, 6), (1, 7), (2, 0), (2, 4), (2, 5), (2, 6), (2, 7), (3, 0), (3, 1), (3, 7), (4, 5), (7, 5)]], [[(0, 3), (0, 4), (0, 5), (0, 6), (1, 3), (1, 5), (1, 6), (1, 7), (2, 3), (2, 5), (2, 6), (2, 7), (3, 5), (3, 6), (3, 7), (4, 6), (4, 7), (5, 6), (7, 5)], [(0, 4), (0, 5), (1, 3), (1, 5), (2, 3), (2, 5), (3, 7), (4, 6), (4, 7), (5, 6), (7, 5)], [(0, 4), (0, 5), (0, 7), (1, 3), (1, 5), (2, 3), (2, 5), (3, 7), (4, 6), (4, 7), (5, 6), (7, 5)], [(0, 1), (0, 4), (5, 0), (2, 1), (3, 1), (4, 1), (5, 1), (6, 1), (3, 2), (4, 2), (5, 2), (7, 2), (3, 4), (3, 6), (7, 3), (5, 4), (6, 4), (7, 4), (6, 5), (7, 5)], [(4, 0), (0, 5), (1, 3), (1, 5), (2, 3), (2, 5), (3, 7), (4, 6), (4, 7), (5, 6), (7, 5)], [(0, 3), (0, 4), (0, 6), (1, 3), (1, 5), (1, 6), (1, 7), (2, 3), (2, 7), (4, 3), (4, 5), (4, 6), (4, 7), (6, 5), (6, 7), (7, 3), (7, 5)]], [[(0, 1), (0, 4), (0, 7), (1, 3), (1, 4), (1, 6), (2, 0), (2, 1), (2, 3), (2, 4), (2, 7), (3, 4), (3, 6), (5, 0), (5, 4), (5, 7), (7, 6)], [(0, 1), (0, 4), (0, 7), (2, 4), (3, 1), (4, 3), (5, 0), (6, 7), (7, 2)], [(0, 1), (0, 4), (1, 3), (2, 4), (2, 7), (3, 4), (5, 0), (5, 4), (7, 0), (7, 6)], [(0, 1), (0, 2), (0, 3), (0, 4), (5, 0), (0, 7), (2, 1), (3, 1), (4, 1), (1, 6), (2, 3), (2, 4), (2, 7), (3, 4), (3, 6), (5, 4), (5, 7), (7, 6)], [(0, 1), (0, 4), (5, 0), (7, 0), (1, 3), (2, 4), (7, 2), (3, 4), (7, 6)], [(0, 4), (0, 5), (1, 0), (1, 2), (1, 3), (1, 4), (1, 7), (3, 4), (3, 7), (4, 2), (5, 2), (6, 7), (7, 0), (7, 2), (7, 4), (7, 5)]], [[(0, 1), (0, 2), (0, 4), (0, 5), (0, 7), (1, 3), (1, 4), (1, 5), (1, 6), (2, 6), (2, 7), (3, 5), (5, 2), (5, 7), (6, 4)], [(0, 1), (0, 5), (0, 7), (1, 6), (2, 5), (2, 6), (3, 5), (3, 7), (4, 6)], [(0, 1), (0, 5), (0, 7), (1, 6), (2, 6), (3, 5), (5, 2), (6, 4)], [(1, 0), (0, 2), (0, 3), (0, 4), (0, 5), (0, 7), (1, 2), (1, 3), (1, 4), (1, 5), (6, 1), (5, 2), (6, 2), (7, 2), (5, 3), (6, 4), (4, 7), (6, 5), (5, 7)], [(0, 1), (0, 5), (0, 7), (1, 6), (5, 2), (2, 6), (3, 5), (3, 7), (6, 4)], [(0, 1), (0, 3), (0, 4), (0, 5), (0, 6), (0, 7), (1, 3), (1, 6), (2, 4), (2, 5), (2, 6), (4, 6), (5, 3), (7, 5)]], [[(0, 5), (1, 2), (2, 0), (2, 7), (3, 0), (3, 4), (4, 0), (4, 1), (4, 2), (4, 5), (4, 7), (6, 1), (6, 2), (6, 7), (7, 5)], [(0, 3), (0, 5), (2, 0), (2, 1), (2, 6), (4, 2), (4, 3), (4, 7), (5, 7), (6, 1), (6, 7)], [(0, 2), (0, 3), (0, 4), (0, 5), (2, 1), (2, 4), (2, 6), (3, 4), (4, 7), (6, 1), (7, 5), (7, 6)], [(2, 0), (3, 0), (4, 0), (0, 5), (2, 1), (1, 6), (4, 2), (2, 6), (2, 7), (4, 3), (4, 5), (4, 6), (4, 7), (7, 5), (6, 7)], [(2, 0), (0, 3), (0, 5), (2, 1), (6, 1), (4, 2), (6, 2), (4, 3), (4, 7), (5, 7), (6, 7)], [(0, 5), (2, 0), (2, 1), (2, 6), (3, 0), (4, 0), (4, 1), (4, 2), (4, 3), (4, 5), (4, 6), (4, 7), (6, 1), (7, 5), (7, 6)]], [[(0, 5), (1, 2), (1, 3), (2, 3), (4, 1), (5, 1), (6, 0), (6, 1), (6, 4), (6, 5), (7, 0), (7, 1), (7, 2), (7, 3), (7, 4), (7, 5)], [(0, 6), (0, 7), (1, 6), (1, 7), (2, 1), (2, 7), (3, 1), (4, 6), (4, 7), (5, 0), (5, 1)], [(0, 7), (1, 2), (1, 3), (1, 5), (1, 6), (1, 7), (3, 6), (4, 6), (4, 7), (5, 0), (6, 0), (7, 2)], [(0, 2), (0, 3), (4, 0), (0, 5), (0, 7), (2, 1), (3, 1), (4, 1), (1, 5), (1, 6), (1, 7), (3, 2), (2, 7), (3, 7), (4, 5), (4, 6), (4, 7), (6, 5), (7, 6)], [(5, 0), (6, 0), (0, 7), (2, 1), (3, 1), (1, 5), (1, 6), (1, 7), (2, 7), (4, 6), (4, 7)], [(1, 2), (1, 3), (1, 4), (1, 5), (3, 2), (5, 0), (5, 4), (6, 0), (6, 1), (6, 4), (6, 5), (7, 0), (7, 1), (7, 2), (7, 3), (7, 4), (7, 5)]]]

