Number of nodes=8
Number of samples=1000
Cut of limit used=0.001
total_score_ges=-407295.97416380455
total_score_pc=-474141.3796016957
total_score_mmhc=-446150.9883536747
total_score_gis=-407529.82796444534
total_score_ske=-452097.46410802077
total_score_true=-406667.544664489
shd dist ges to true=[16, 15, 7, 21, 10, 14, 10, 0, 12, 14, 10, 15, 16, 17, 12, 14, 17, 4, 11, 17, 18, 2, 14, 20, 20, 17, 5, 14, 16, 6, 19, 17, 17, 18, 15, 19, 16, 11, 22, 21, 10, 16, 7, 23, 22, 15, 14, 17, 14, 21, 20, 7, 20, 13, 26, 20, 16, 8, 13, 11, 14, 21, 19, 12, 18, 11, 23, 15, 14, 8, 22, 15, 13, 12, 21, 19, 20, 9, 16, 13, 6, 18, 21, 14, 12, 11, 16, 22, 10, 22, 21, 14, 26, 18, 1, 19, 12, 16, 12, 20]
shd dist pc to true=[12, 14, 11, 16, 14, 20, 14, 14, 17, 15, 15, 19, 15, 11, 13, 16, 12, 8, 13, 14, 13, 10, 20, 17, 10, 17, 15, 14, 22, 16, 17, 12, 14, 15, 11, 19, 17, 13, 10, 19, 11, 11, 12, 18, 14, 10, 14, 19, 17, 9, 16, 9, 20, 10, 13, 18, 14, 16, 12, 12, 13, 13, 19, 20, 12, 11, 20, 15, 14, 10, 17, 13, 19, 17, 12, 16, 14, 10, 13, 11, 9, 17, 15, 14, 21, 18, 20, 12, 10, 16, 16, 17, 17, 13, 9, 14, 19, 15, 14, 16]
shd dist mmhc to true=[10, 11, 9, 15, 18, 17, 14, 18, 17, 16, 11, 18, 16, 10, 13, 17, 15, 5, 14, 13, 17, 10, 20, 16, 17, 17, 11, 20, 18, 19, 18, 14, 13, 17, 11, 21, 13, 12, 15, 17, 9, 13, 4, 17, 18, 6, 16, 19, 18, 13, 20, 10, 21, 11, 12, 16, 19, 22, 12, 12, 14, 16, 12, 20, 21, 9, 20, 10, 12, 8, 20, 15, 21, 15, 15, 18, 11, 5, 12, 15, 11, 15, 17, 9, 16, 14, 22, 9, 8, 15, 14, 18, 18, 12, 10, 12, 16, 11, 17, 17]
shd dist gis to true=[0, 14, 7, 15, 14, 23, 14, 12, 13, 7, 21, 12, 17, 20, 16, 18, 14, 17, 18, 11, 16, 10, 21, 0, 19, 19, 21, 14, 4, 16, 6, 12, 19, 15, 14, 12, 18, 11, 17, 17, 17, 18, 19, 20, 10, 17, 15, 13, 12, 21, 22, 11, 21, 13, 22, 19, 14, 24, 14, 10, 7, 18, 16, 21, 17, 8, 25, 17, 20, 14, 18, 16, 21, 16, 22, 21, 20, 10, 14, 15, 20, 12, 18, 10, 19, 22, 17, 12, 16, 22, 11, 15, 20, 17, 10, 17, 17, 11, 20, 13]
shd dist ske to true=[5, 11, 11, 15, 10, 18, 12, 14, 16, 16, 11, 19, 18, 8, 11, 17, 13, 6, 16, 9, 15, 15, 20, 18, 17, 15, 15, 13, 22, 17, 15, 13, 12, 18, 11, 20, 13, 14, 15, 19, 9, 14, 7, 15, 13, 5, 14, 20, 19, 12, 18, 12, 20, 8, 12, 18, 13, 20, 12, 12, 12, 16, 18, 18, 14, 7, 21, 11, 17, 12, 18, 14, 21, 17, 15, 14, 13, 10, 13, 15, 11, 15, 16, 17, 19, 12, 21, 14, 9, 16, 18, 16, 14, 9, 11, 14, 17, 13, 18, 17]

score_vector_ges=[-4009.856343777602, -4121.711411450951, -4113.177527305721, -4156.2824423863785, -4128.433401436492, -4087.197485210424, -3970.405285854036, -4095.8155690298154, -4068.999407859343, -4159.996831982852, -4166.812931595794, -4144.999828961192, -4126.89219453943, -4043.64213062731, -3961.381947251443, -4131.824829675223, -4101.090095099627, -4050.612841069876, -4006.130596451477, -4063.6111299405643, -3975.514421273935, -4106.943957922302, -4124.014805285958, -4074.057889861835, -4192.73652143166, -4118.665051457254, -4040.1202146772694, -4209.237854638302, -4047.207028298827, -3981.299030581296, -4166.2526538276925, -4203.754236388602, -4023.7884452003527, -4048.380535909121, -3953.2077019524813, -4048.5132944953352, -3966.762804173038, -4168.19505038007, -4187.851346305406, -4067.0184650137844, -3974.5814893361235, -4005.9087552407314, -4064.6850402736227, -4081.556249092616, -4032.508081989341, -4114.039068411384, -4079.0740558416946, -4025.9834023052326, -4081.5514329272464, -4093.185870084898, -4092.8009979395742, -4117.1464503385805, -3984.071106819651, -4086.9473774844178, -4094.064830899347, -4086.704270783059, -4044.974380883612, -4137.932379717632, -4130.381557153342, -4033.3068537353006, -4126.073275280293, -4202.256518349698, -4120.513986093668, -3973.0551677610756, -4049.0538365902685, -4025.6727280581035, -4021.483666109735, -3932.8930977674077, -4060.35124032353, -4003.998374321529, -4000.2208920021753, -4074.653589314481, -4178.256973609802, -4043.5433774557832, -4024.966916624328, -4052.5763532883134, -4095.828204059908, -4023.2688988571117, -4028.489415304524, -4086.699782142795, -3986.685761151438, -4072.1317039918576, -4004.044765515145, -4083.670818955197, -4035.623188224973, -4089.851214455124, -4067.4152653734254, -4038.566495363856, -4113.07756124453, -4018.6633417352014, -4056.3553778215196, -4118.885270067177, -4127.501297224974, -4156.519263642074, -3992.2898055540195, -4004.337092349875, -4143.209236891201, -4116.741301602338, -4075.9922534390407, -4096.757664049516]

score_vector_pc=[-4345.667273088079, -4830.658966166662, -4537.981022974927, -4715.9741365896125, -5199.177744010476, -4945.641473059219, -4534.032586012741, -4819.07139217536, -4530.953460130057, -4661.88410597306, -4558.553235058938, -5060.99309964312, -5073.003760743115, -4608.657468421963, -4560.433106476251, -4733.351372495961, -4780.24932086823, -4520.084828648463, -4270.943934327308, -4423.033305467601, -4496.030532228037, -5056.053716260393, -4744.064613040587, -4460.5046182237675, -5611.412595468991, -4978.3676004316585, -4787.060017673409, -4622.433348726137, -4684.738601096724, -4734.036135464155, -5213.0210853209555, -4847.796897076714, -4545.815067457453, -4493.070212226355, -4401.592655866337, -4941.463369496213, -5410.163438963886, -4614.095679760616, -4771.321220516356, -5269.007194833991, -4476.722446559787, -4644.104587901097, -4559.126647392169, -4927.03821464388, -4739.069918458155, -4617.6825548893175, -4653.791970854367, -4596.351808978921, -4787.35166502891, -4849.776875241294, -4630.876780201005, -4714.977397813012, -4744.556295857877, -4181.728350270325, -5046.756842240253, -4798.012222252625, -4380.358792619501, -6005.304953969676, -4909.005691409969, -4197.091904147504, -4877.6481022645075, -5176.682002617198, -4516.820125275983, -5016.974057662794, -4718.28918317612, -4284.387904139356, -4789.09629185314, -4404.472512326062, -4766.640421567086, -4493.264526473074, -5145.497251805455, -4334.165351980279, -5282.3104237514435, -4554.293529075783, -4794.19150223406, -4829.812715080498, -5151.412770458174, -4400.1350410527475, -4310.33052432797, -4226.649833418064, -4294.040584378814, -4672.824380265678, -4470.919982110194, -5148.811891061437, -4663.478226310189, -5237.4029411500715, -5491.855390556697, -4954.091738142893, -4356.193682714175, -4587.661063153954, -4668.219071259122, -4805.901904019315, -5084.358513081534, -4734.522926071121, -4542.658120581238, -4652.70574772718, -4749.164021394654, -4663.233818842548, -4656.990764846189, -4781.190650295242]

score_vector_mmhc=[-4146.228853306771, -4350.157034671416, -4297.048206813507, -4466.641878683858, -4470.181285659019, -4766.599450616669, -4401.453236690938, -4545.680591755276, -4400.2862346239, -4581.238453140656, -4294.299736910383, -4618.273766898786, -4699.108797642352, -4342.694000990251, -4263.646029959631, -4538.623882300983, -4266.873471767241, -4225.67062115596, -4132.235953210958, -4288.739867402135, -4256.864649132754, -4812.294887120396, -4615.940524550291, -4410.6363773674175, -4974.753960089212, -4553.487085188958, -4371.7489903554915, -4427.282104555352, -4541.783141795469, -4381.121081751606, -4801.90898166319, -4398.4536194710145, -4230.568081761496, -4624.515678069685, -4314.5312155777865, -4814.678828155672, -4418.868922081337, -4522.046942098734, -4527.661268344402, -4881.006873564038, -4260.0433369991115, -4384.369012735246, -4075.836917526176, -4675.648832111899, -4305.587386753833, -4489.667032407213, -4678.207045415221, -4575.95057820923, -4391.626050238385, -4253.432477881793, -4388.179037362542, -4307.75643854691, -4889.4640137544775, -4205.268092607734, -4660.941008834157, -5083.617526402487, -4362.085130069112, -5019.120093437326, -4696.227085524307, -4197.091904147504, -4421.270532205543, -4896.845119124408, -4349.839055582566, -5075.393274744859, -4299.980154469139, -4051.2458877374065, -4415.548406646772, -4003.9624056709267, -4533.865074550189, -4452.39217042449, -4286.7111595095275, -4212.45892808995, -4358.9170974819635, -4434.729243817219, -4543.758446649232, -4415.408589425684, -4500.131385235539, -4152.452106529328, -4335.108770419745, -4163.389101903483, -4210.661540937458, -4252.679481200807, -4348.905951336669, -4507.638082888499, -4239.309485760383, -4393.518514512105, -4494.939148248006, -4647.030833146098, -4406.753431520125, -4352.326440380317, -4544.855442817968, -4915.459598621814, -5231.239406358026, -4663.28181470622, -4334.601916853882, -4044.4700927368767, -4300.233007271312, -4326.196888018495, -4449.962649864156, -4707.564148417774]

score_vector_gis=[-3995.3641579784303, -4123.777956716213, -4113.177527305721, -4151.6348260466, -4130.558203303377, -4082.3666372142898, -3970.232733868877, -4099.255319959983, -4065.946482995785, -4159.6747593778455, -4188.194001816568, -4141.287127208643, -4145.622369787709, -4048.781013509567, -3968.6222908410414, -4133.839470652758, -4108.307570902042, -4071.729646764393, -4022.872047873067, -4052.7372571324026, -3963.9213283577315, -4110.619372626895, -4127.791414413324, -4066.548954234922, -4189.176168381312, -4103.736089608321, -4050.455204194149, -4211.52810407605, -4055.4196901417545, -3988.3255312576252, -4176.00365415367, -4208.5390284407595, -4030.3474276855086, -4048.728145325206, -3950.1128841465243, -4048.2971792919166, -3969.1365201229705, -4172.905867726708, -4192.126466664859, -4066.8354135314266, -3993.4556024942394, -4010.1521940087705, -4084.1158085891875, -4082.061440752392, -4023.1698029389545, -4112.45522269182, -4083.180359196621, -4038.2845001888268, -4081.6459360099134, -4093.1858700848984, -4093.412564776637, -4120.964334510776, -3991.8698827654594, -4085.5822180571186, -4091.6576999500585, -4086.1689328760986, -4054.661167823566, -4152.526462844464, -4128.770471054557, -4028.211733181518, -4129.369559781428, -4203.791949323676, -4121.689449716545, -3975.322561841894, -4050.3928705767803, -4028.797535824866, -4025.659425734798, -3932.8043922564993, -4070.659261581766, -4002.671266978774, -3990.642458262523, -4084.684968989781, -4170.924550143794, -4044.1272394962525, -4021.601364966173, -4055.9938423797194, -4087.2012449081158, -4021.7368104109923, -4035.2950623134016, -4086.0009101403243, -4007.184847518133, -4055.9863087629633, -4014.7662716844297, -4092.042720790039, -4043.9113829702173, -4095.5705620399895, -4079.819643245505, -4028.75066610708, -4118.041119530715, -4022.7855224428936, -4047.474101876283, -4128.684928489009, -4121.473540338477, -4159.747197599001, -3999.3715227914167, -3998.903432958569, -4145.085909093797, -4104.858957950613, -4086.146325823589, -4099.788226371731]

score_vector_gis_b=[]

score_vector_ges_gis=[]

score_vector_gis_phased_b=[]

score_vector_ske=[-4181.847061481335, -4409.818150261754, -4353.367124779061, -4466.641878683858, -4615.2220453296995, -4927.632423310665, -4227.064200835454, -4819.07139217536, -4443.065860748166, -4521.756713333762, -4390.653925382673, -4697.133117330387, -4574.693067982363, -4405.643233648103, -4105.152844700843, -4569.932456904712, -4550.708181698464, -4310.323278810275, -4096.655650144803, -4222.465868861853, -4373.392936672232, -4610.160068506782, -4744.064613040587, -4413.092053055376, -5050.957272747512, -4636.788762578491, -4731.888124261711, -4428.40641188048, -4616.136954920823, -4434.336160397228, -4961.66123699907, -4613.1563225685695, -4271.303209664845, -4462.575268734212, -4401.592655866337, -4757.5669020889745, -4744.228254946116, -4487.544817301543, -4534.813796430589, -5282.926162634928, -4260.0433369991115, -4626.752760034385, -4311.293230500357, -4474.104814583473, -4615.826412865763, -4291.046965964444, -4653.791970854367, -4495.495120245823, -4641.7622484398535, -4250.3951385672, -4458.556836756637, -4277.708940871736, -4744.556295857878, -4139.654885191882, -4660.941008834157, -4798.012222252625, -4353.023526289792, -5100.730403952627, -4831.8777937063305, -4197.091904147504, -4476.406705492266, -4780.266146584815, -4317.9365757312125, -4996.218188997127, -4556.125276262449, -4172.3809200152045, -4608.229954085364, -4141.5869942273775, -4659.256243096843, -4474.422735290487, -4879.855635907882, -4318.597389074487, -4581.577504401111, -4545.002857389905, -4525.396481519203, -4701.499995425309, -4908.709083184945, -4190.472845741678, -4310.33052432797, -4203.965932278939, -4143.693897713675, -4312.302405945084, -4431.788417525922, -4875.360240187432, -4360.748079571596, -4636.730459072844, -4565.118197431691, -4484.162001805321, -4379.5561805130355, -4397.9462215071435, -4509.093029981768, -4775.572908164495, -4717.660312958842, -4638.096935727952, -4389.270996354148, -4315.52523279546, -4365.786892711183, -4498.205587822839, -4622.0440172928575, -4702.457825286908]

score_vector_opt=[]

score_vector_true=[-3995.3641579784303, -4125.403052918164, -4120.228581432733, -4150.3003800047245, -4125.93867577644, -4081.0885028245502, -3964.922328366487, -4095.8155690298163, -4067.276867092421, -4156.626372357406, -4165.325381618871, -4134.442134802742, -4126.731853881911, -4025.182544165895, -3962.3758109567643, -4130.448092140682, -4101.714115354564, -4046.347987139512, -4002.8273819482733, -4052.0550475299124, -3976.7437079352503, -4109.733816481534, -4121.156401037687, -4066.548954234922, -4187.938412879798, -4100.07510432899, -4040.1385877720536, -4203.515908282194, -4047.589701669023, -3977.4740559889947, -4170.07801974901, -4196.7783300022475, -4006.8216274613233, -4038.7348746909433, -3943.4300091892674, -4050.6982467725834, -3961.3218644066355, -4167.837563481533, -4166.123906929697, -4062.17740288625, -3982.7168233375814, -3991.472508111363, -4059.7438786058246, -4079.675018646667, -4019.0468324584945, -4089.0849076872305, -4080.6612825314087, -4031.6125170982687, -4080.3868200261595, -4076.3919560836675, -4082.932350155484, -4121.074574955845, -3976.8906940914553, -4071.30311628786, -4072.5994496989924, -4074.582034451816, -4047.315199785204, -4138.7670535611305, -4124.229119494913, -4031.971590028307, -4122.293297036924, -4188.61334443636, -4117.922574897576, -3964.175604522496, -4036.1088940397353, -4024.419295288424, -4024.796435139654, -3924.530666720575, -4052.199644691005, -3992.1680056203627, -3985.023595932118, -4070.605657842533, -4176.033356376916, -4024.3414870701054, -4005.311090263176, -4047.618710713427, -4072.2483898961273, -4016.3393361096473, -4018.757635928083, -4077.590408893121, -3991.703693274886, -4060.1889043791844, -3996.30804459653, -4083.557865542555, -4036.851057107061, -4084.8359628351386, -4073.8237007553785, -4028.8835033708565, -4111.8793318776725, -4014.5124001412923, -4045.4599652973648, -4107.46882157593, -4114.856022767448, -4141.072222615857, -3992.49334772167, -3982.895617075932, -4142.530474292475, -4096.388126300968, -4068.700820321003, -4094.248290623542]

step_vector_gis=[35, 34, 40, 35, 37, 32, 30, 31, 41, 38, 31, 35, 34, 37, 38, 33, 34, 30, 32, 43, 29, 37, 37, 37, 35, 35, 32, 32, 34, 31, 34, 34, 30, 36, 33, 33, 37, 34, 32, 34, 25, 33, 38, 30, 29, 37, 30, 32, 34, 31, 35, 34, 36, 35, 37, 33, 36, 31, 39, 38, 32, 32, 27, 35, 36, 30, 36, 29, 34, 39, 29, 35, 35, 43, 33, 34, 41, 34, 36, 35, 32, 41, 32, 39, 33, 39, 36, 30, 27, 33, 36, 33, 34, 33, 35, 41, 38, 30, 33, 38]

step_vector_ske=[4, 3, 7, 5, 7, 2, 8, 1, 5, 5, 3, 6, 4, 4, 7, 4, 4, 4, 6, 6, 2, 8, 5, 6, 7, 3, 2, 3, 5, 4, 6, 4, 7, 7, 1, 3, 4, 4, 2, 2, 1, 3, 6, 4, 2, 4, 2, 2, 6, 3, 3, 4, 2, 6, 5, 7, 8, 1, 3, 4, 3, 7, 2, 2, 5, 3, 3, 7, 2, 2, 3, 1, 3, 0, 2, 1, 2, 6, 3, 1, 2, 5, 3, 4, 6, 8, 7, 4, 3, 3, 4, 2, 5, 7, 6, 5, 8, 4, 3, 3]

step_vector_ges_gis=[]

step_vector_gis_b=[]

step_vector_gis_phased_b=[]

return_dags_vector=[['ges', 'pc', 'mmhc', 'gis', 'ske', 'true'], [[(0, 2), (1, 0), (1, 2), (1, 5), (3, 0), (3, 1), (3, 2), (3, 5), (3, 6), (3, 7), (4, 1), (4, 5), (4, 7), (5, 0), (5, 2), (6, 1), (6, 2), (7, 1), (7, 6)], [(0, 2), (0, 5), (1, 4), (1, 6), (2, 6), (3, 5), (3, 6), (4, 5), (4, 7), (6, 7)], [(0, 2), (1, 4), (1, 5), (1, 6), (3, 5), (4, 7), (5, 0), (5, 4), (6, 2), (6, 3), (6, 7)], [(0, 2), (0, 3), (5, 0), (1, 3), (1, 4), (1, 5), (6, 1), (1, 7), (2, 3), (6, 2), (5, 3), (6, 3), (4, 5), (4, 7), (6, 7)], [(0, 2), (5, 0), (1, 4), (6, 1), (6, 2), (5, 3), (6, 3), (4, 5), (4, 7), (6, 7)], [(0, 2), (0, 3), (1, 3), (1, 4), (1, 5), (1, 7), (2, 3), (4, 7), (5, 0), (5, 3), (5, 4), (6, 1), (6, 2), (6, 3), (6, 7)]], [[(0, 1), (0, 3), (0, 6), (0, 7), (1, 5), (1, 6), (1, 7), (2, 1), (2, 3), (2, 6), (3, 4), (3, 6), (4, 1), (4, 6), (5, 7), (6, 5), (6, 7)], [(0, 6), (1, 4), (2, 1), (2, 3), (5, 1), (6, 3), (6, 4), (6, 5), (7, 0), (7, 1)], [(0, 7), (1, 2), (1, 4), (1, 5), (1, 7), (2, 3), (4, 3), (5, 6), (5, 7), (6, 0), (6, 3), (6, 4)], [(1, 0), (3, 0), (4, 0), (6, 0), (0, 7), (1, 2), (4, 1), (1, 5), (1, 6), (1, 7), (2, 3), (2, 6), (4, 3), (3, 6), (4, 6), (6, 5), (5, 7), (6, 7)], [(6, 0), (0, 7), (1, 2), (1, 4), (5, 1), (1, 7), (2, 3), (6, 3), (6, 4), (6, 5)], [(0, 3), (0, 7), (1, 2), (1, 3), (1, 5), (1, 6), (1, 7), (3, 2), (4, 0), (4, 1), (4, 3), (4, 6), (6, 0), (6, 2), (6, 3), (6, 5), (6, 7)]], [[(0, 1), (0, 2), (0, 3), (0, 5), (2, 1), (2, 7), (3, 1), (4, 2), (4, 6), (4, 7), (5, 1), (5, 2), (6, 3), (6, 5)], [(0, 2), (0, 3), (0, 5), (1, 2), (2, 4), (2, 7), (3, 1), (3, 6), (4, 7), (5, 6), (6, 4)], [(0, 2), (0, 3), (0, 5), (1, 2), (2, 7), (3, 1), (3, 2), (4, 2), (4, 6), (4, 7), (6, 3), (6, 5)], [(0, 1), (0, 2), (0, 3), (0, 5), (2, 1), (3, 1), (5, 1), (4, 2), (5, 2), (2, 7), (6, 3), (6, 4), (4, 7), (6, 5)], [(0, 2), (3, 0), (5, 0), (2, 1), (3, 1), (4, 2), (2, 7), (3, 6), (6, 4), (4, 7), (5, 6)], [(0, 1), (0, 2), (0, 3), (0, 6), (1, 3), (2, 1), (2, 3), (2, 7), (4, 2), (4, 7), (5, 0), (5, 2), (5, 6), (6, 1), (6, 3), (6, 4)]], [[(0, 4), (0, 7), (1, 0), (1, 4), (1, 7), (2, 0), (2, 1), (2, 3), (2, 6), (2, 7), (3, 0), (3, 4), (3, 5), (3, 6), (3, 7), (5, 0), (5, 1), (5, 6), (6, 0), (6, 1), (6, 4)], [(0, 3), (0, 5), (1, 4), (1, 5), (1, 7), (2, 0), (2, 3), (3, 4), (3, 7), (5, 6), (6, 4)], [(0, 3), (1, 4), (1, 5), (1, 7), (2, 0), (2, 3), (4, 3), (5, 0), (5, 6), (6, 4), (7, 3)], [(1, 0), (2, 0), (0, 3), (0, 5), (0, 6), (7, 0), (1, 4), (1, 5), (1, 6), (7, 1), (2, 3), (2, 4), (2, 5), (2, 6), (4, 3), (7, 3), (6, 4), (7, 4), (6, 5)], [(2, 0), (0, 3), (5, 0), (1, 4), (1, 5), (7, 1), (2, 3), (4, 3), (7, 3), (6, 4), (5, 6)], [(0, 1), (0, 3), (0, 4), (0, 5), (0, 6), (0, 7), (1, 5), (2, 0), (2, 1), (2, 3), (2, 5), (4, 1), (4, 3), (4, 6), (6, 1), (6, 5), (6, 7), (7, 1), (7, 3)]], [[(0, 4), (0, 6), (1, 3), (1, 4), (1, 7), (2, 6), (3, 0), (3, 7), (5, 2), (5, 3), (5, 6), (5, 7), (6, 4), (7, 0), (7, 2), (7, 4), (7, 6)], [(0, 3), (0, 4), (1, 3), (1, 6), (2, 7), (3, 7), (4, 6), (4, 7), (5, 2), (5, 6), (5, 7)], [(1, 3), (1, 6), (1, 7), (2, 5), (3, 0), (3, 7), (4, 0), (4, 3), (4, 6), (4, 7), (6, 2), (6, 5), (7, 2)], [(0, 2), (3, 0), (0, 4), (5, 0), (6, 0), (0, 7), (3, 1), (1, 4), (5, 1), (1, 7), (6, 2), (7, 2), (3, 5), (3, 7), (6, 4), (7, 4), (6, 5), (5, 7), (6, 7)], [(3, 0), (4, 0), (1, 3), (1, 6), (5, 2), (7, 2), (7, 3), (6, 4), (7, 4), (5, 6), (7, 5)], [(0, 3), (0, 4), (0, 6), (1, 4), (2, 5), (2, 6), (2, 7), (3, 1), (5, 1), (5, 6), (5, 7), (6, 4), (7, 1), (7, 3), (7, 4), (7, 6)]], [[(0, 7), (1, 0), (1, 5), (1, 7), (2, 1), (2, 3), (2, 4), (2, 5), (2, 7), (3, 0), (3, 4), (3, 5), (3, 7), (4, 5), (4, 7), (5, 0), (5, 7), (6, 0), (6, 1), (6, 3), (6, 4), (6, 5)], [(0, 3), (0, 6), (1, 5), (2, 4), (4, 5), (4, 6), (7, 0), (7, 3)], [(0, 3), (0, 7), (1, 5), (2, 3), (2, 4), (2, 5), (3, 7), (4, 5), (6, 0), (6, 1), (6, 4)], [(0, 3), (0, 4), (0, 6), (0, 7), (1, 4), (5, 1), (1, 7), (3, 2), (4, 2), (5, 2), (6, 2), (7, 2), (3, 4), (5, 3), (3, 6), (3, 7), (5, 4), (4, 6), (5, 6), (5, 7)], [(0, 3), (0, 6), (7, 0), (1, 5), (2, 4), (7, 3), (4, 5), (6, 4)], [(2, 3), (2, 4), (2, 5), (3, 0), (3, 4), (3, 5), (4, 1), (5, 0), (5, 1), (5, 4), (6, 0), (6, 3), (6, 4), (6, 5), (6, 7), (7, 0), (7, 1), (7, 3), (7, 4), (7, 5)]], [[(0, 1), (0, 2), (0, 3), (0, 7), (1, 2), (1, 7), (2, 3), (4, 1), (4, 2), (4, 3), (4, 5), (4, 7), (5, 0), (5, 2), (5, 3), (5, 7), (6, 0), (6, 3), (6, 5), (6, 7), (7, 2), (7, 3)], [(0, 5), (0, 7), (1, 0), (1, 7), (2, 3), (3, 7), (4, 0), (4, 3), (4, 5), (5, 2), (5, 6), (6, 7)], [(0, 1), (0, 4), (0, 7), (2, 3), (2, 5), (4, 3), (5, 0), (5, 4), (5, 6), (6, 7), (7, 1), (7, 3)], [(0, 1), (0, 2), (3, 0), (0, 4), (0, 5), (0, 7), (2, 1), (3, 1), (1, 7), (3, 2), (2, 4), (2, 5), (6, 2), (2, 7), (3, 4), (3, 5), (3, 7), (4, 5), (4, 7), (6, 5), (5, 7), (6, 7)], [(0, 1), (0, 4), (0, 5), (0, 7), (7, 1), (2, 3), (5, 2), (4, 3), (7, 3), (4, 5), (6, 5), (6, 7)], [(0, 1), (0, 2), (0, 3), (0, 5), (0, 7), (1, 7), (2, 3), (2, 5), (2, 7), (4, 0), (4, 1), (4, 2), (4, 3), (4, 5), (4, 7), (5, 3), (6, 2), (6, 3), (6, 5), (6, 7), (7, 3)]], [[(0, 6), (1, 2), (1, 3), (1, 4), (1, 6), (2, 0), (2, 4), (2, 6), (2, 7), (3, 0), (3, 2), (3, 4), (3, 6), (3, 7), (4, 0), (5, 2), (5, 7), (7, 6)], [(0, 1), (0, 2), (1, 3), (1, 6), (2, 4), (3, 6), (3, 7), (5, 6), (5, 7), (7, 2)], [(0, 1), (0, 2), (0, 3), (2, 4), (2, 7), (3, 1), (3, 7), (4, 3), (6, 1), (6, 5), (7, 5)], [(2, 0), (0, 3), (0, 6), (2, 1), (3, 1), (4, 1), (1, 5), (1, 6), (2, 3), (4, 2), (2, 5), (2, 6), (2, 7), (4, 3), (3, 5), (3, 6), (3, 7), (5, 7), (7, 6)], [(1, 0), (0, 2), (3, 1), (1, 6), (2, 4), (7, 2), (3, 6), (3, 7), (5, 6), (5, 7)], [(0, 6), (1, 2), (1, 4), (1, 6), (2, 0), (2, 4), (2, 6), (2, 7), (3, 0), (3, 1), (3, 2), (3, 4), (3, 6), (3, 7), (4, 0), (5, 2), (5, 7), (7, 6)]], [[(0, 1), (0, 2), (0, 4), (0, 5), (0, 6), (1, 2), (1, 6), (2, 4), (3, 2), (3, 6), (3, 7), (5, 1), (5, 2), (5, 4), (5, 7), (6, 2), (7, 1), (7, 6)], [(0, 5), (1, 2), (2, 5), (2, 6), (3, 6), (4, 0), (4, 2), (7, 1), (7, 3), (7, 6)], [(0, 4), (0, 5), (1, 2), (1, 7), (2, 5), (2, 6), (3, 6), (4, 2), (7, 3), (7, 5), (7, 6)], [(2, 0), (0, 4), (0, 5), (0, 7), (2, 1), (7, 1), (2, 3), (2, 4), (2, 5), (6, 2), (5, 3), (6, 3), (7, 3), (5, 4), (6, 5), (7, 5), (6, 7)], [(4, 0), (5, 0), (1, 2), (7, 1), (4, 2), (2, 5), (2, 6), (3, 6), (7, 3), (7, 6)], [(0, 4), (2, 0), (2, 1), (2, 4), (2, 6), (2, 7), (3, 2), (3, 6), (3, 7), (5, 0), (5, 2), (5, 4), (5, 6), (5, 7), (6, 0), (7, 0), (7, 1), (7, 6)]], [[(0, 2), (1, 0), (1, 2), (3, 1), (3, 2), (3, 4), (3, 6), (4, 0), (4, 1), (4, 6), (5, 0), (5, 2), (5, 4), (5, 6), (5, 7), (6, 0), (6, 1), (6, 2), (6, 7), (7, 2)], [(0, 2), (0, 6), (1, 3), (2, 3), (4, 0), (4, 1), (5, 4), (5, 6), (5, 7), (6, 7), (7, 2)], [(1, 3), (1, 4), (2, 0), (2, 3), (2, 7), (3, 4), (4, 0), (4, 5), (5, 6), (5, 7), (6, 0), (6, 7)], [(0, 1), (0, 2), (0, 4), (0, 6), (7, 0), (1, 3), (1, 4), (1, 5), (1, 6), (3, 2), (2, 6), (7, 2), (4, 3), (5, 3), (3, 6), (4, 5), (7, 4), (5, 6), (7, 5), (7, 6)], [(2, 0), (4, 0), (6, 0), (3, 1), (4, 1), (2, 3), (2, 7), (5, 4), (6, 5), (7, 5), (6, 7)], [(0, 1), (0, 2), (0, 4), (0, 5), (0, 6), (0, 7), (1, 4), (1, 5), (1, 6), (2, 6), (3, 1), (3, 2), (3, 4), (3, 6), (5, 4), (5, 6), (7, 2), (7, 5), (7, 6)]], [[(1, 0), (1, 5), (2, 6), (2, 7), (3, 0), (3, 6), (4, 0), (5, 2), (5, 3), (5, 4), (5, 6), (5, 7), (6, 4), (7, 3), (7, 4)], [(0, 1), (0, 3), (0, 4), (1, 5), (2, 5), (2, 6), (2, 7), (3, 5), (3, 6), (3, 7), (4, 5), (4, 6), (4, 7)], [(1, 0), (2, 5), (2, 6), (2, 7), (3, 0), (3, 5), (3, 6), (4, 0), (4, 5), (5, 1), (6, 4), (7, 3)], [(1, 0), (0, 3), (4, 0), (0, 5), (0, 6), (0, 7), (2, 1), (1, 3), (1, 5), (2, 3), (4, 2), (2, 5), (2, 6), (2, 7), (5, 3), (6, 3), (7, 3), (4, 5), (4, 6), (4, 7), (6, 5), (5, 7), (6, 7)], [(1, 0), (0, 3), (4, 0), (1, 5), (5, 2), (6, 2), (2, 7), (3, 5), (3, 6), (3, 7), (4, 5), (4, 6), (4, 7)], [(1, 0), (1, 5), (3, 0), (3, 2), (3, 4), (3, 6), (3, 7), (4, 0), (4, 6), (5, 2), (5, 3), (5, 4), (5, 7), (6, 2), (7, 2), (7, 6)]], [[(0, 1), (0, 2), (0, 4), (0, 5), (0, 6), (2, 1), (2, 3), (2, 4), (2, 5), (2, 6), (2, 7), (3, 1), (3, 4), (3, 5), (3, 6), (3, 7), (4, 1), (4, 5), (5, 1), (6, 4), (6, 5), (6, 7), (7, 1), (7, 4), (7, 5)], [(0, 6), (1, 0), (2, 6), (2, 7), (3, 4), (3, 5), (4, 7), (5, 1), (5, 7), (6, 7)], [(1, 0), (1, 4), (1, 5), (2, 6), (2, 7), (3, 4), (4, 7), (5, 3), (5, 7), (6, 0), (7, 6)], [(0, 1), (0, 4), (0, 5), (0, 6), (0, 7), (3, 1), (1, 4), (1, 5), (6, 1), (7, 1), (3, 2), (2, 4), (2, 5), (2, 6), (7, 2), (3, 4), (3, 5), (3, 7), (4, 5), (7, 4), (6, 5), (7, 5), (7, 6)], [(1, 0), (6, 0), (5, 1), (2, 6), (2, 7), (4, 3), (5, 3), (7, 4), (5, 7), (7, 6)], [(0, 1), (0, 4), (0, 7), (1, 2), (1, 4), (1, 5), (2, 4), (2, 7), (3, 1), (3, 4), (3, 5), (3, 7), (5, 2), (5, 4), (5, 7), (6, 0), (6, 1), (6, 2), (6, 4), (6, 5), (6, 7), (7, 4)]], [[(0, 1), (0, 3), (0, 4), (2, 1), (2, 4), (2, 5), (4, 1), (4, 3), (4, 5), (5, 1), (5, 3), (6, 0), (6, 2), (6, 4), (7, 0), (7, 2), (7, 3), (7, 4), (7, 5)], [(0, 7), (2, 1), (2, 7), (3, 4), (4, 1), (4, 5), (5, 1), (6, 2), (6, 4), (7, 5)], [(1, 2), (1, 4), (1, 5), (2, 7), (4, 3), (4, 5), (4, 6), (6, 2), (7, 0), (7, 5)], [(1, 0), (0, 4), (0, 6), (0, 7), (1, 2), (3, 1), (1, 4), (1, 5), (1, 6), (1, 7), (3, 2), (2, 6), (7, 2), (3, 4), (3, 6), (3, 7), (5, 4), (6, 4), (7, 4), (6, 5), (7, 5), (7, 6)], [(7, 0), (1, 2), (4, 1), (5, 1), (6, 2), (7, 2), (4, 3), (5, 4), (4, 6), (7, 5)], [(0, 1), (0, 4), (0, 5), (0, 7), (1, 4), (1, 5), (2, 1), (2, 3), (2, 4), (2, 6), (3, 1), (3, 4), (3, 5), (4, 5), (4, 6), (7, 2), (7, 4), (7, 5), (7, 6)]], [[(0, 1), (0, 2), (0, 4), (0, 6), (0, 7), (1, 4), (1, 6), (1, 7), (2, 4), (2, 7), (3, 2), (3, 4), (3, 5), (3, 6), (3, 7), (5, 2), (5, 4), (6, 2), (6, 5), (6, 7), (7, 4)], [(0, 1), (0, 2), (0, 4), (1, 7), (2, 3), (4, 7), (5, 3), (6, 3), (6, 7)], [(0, 1), (0, 2), (0, 4), (1, 7), (2, 3), (3, 6), (5, 3), (5, 7), (6, 7), (7, 4)], [(0, 1), (0, 2), (0, 3), (0, 4), (2, 1), (1, 4), (1, 6), (7, 1), (2, 3), (2, 4), (7, 2), (3, 4), (5, 3), (3, 6), (7, 3), (5, 4), (7, 4), (7, 5), (7, 6)], [(1, 0), (0, 2), (4, 0), (1, 7), (2, 3), (5, 3), (3, 6), (4, 7), (7, 6)], [(0, 2), (1, 0), (1, 7), (3, 2), (3, 5), (3, 6), (4, 0), (4, 2), (4, 6), (4, 7), (5, 2), (5, 6), (5, 7), (6, 7)]], [[(2, 1), (2, 5), (3, 0), (3, 2), (3, 4), (3, 5), (4, 2), (4, 7), (5, 0), (5, 1), (6, 2), (6, 4), (6, 5), (6, 7), (7, 2)], [(0, 4), (0, 5), (2, 1), (2, 3), (2, 5), (3, 4), (5, 1), (6, 2), (6, 4), (7, 4), (7, 6)], [(0, 4), (1, 2), (1, 5), (2, 3), (2, 5), (2, 6), (4, 3), (4, 7), (5, 0), (5, 3), (6, 4), (6, 7)], [(3, 0), (5, 0), (1, 2), (1, 3), (5, 1), (3, 2), (2, 4), (5, 2), (2, 6), (3, 4), (3, 6), (3, 7), (6, 4), (5, 6), (5, 7), (6, 7)], [(0, 4), (0, 5), (2, 1), (5, 1), (2, 3), (5, 2), (6, 2), (4, 3), (6, 4), (4, 7), (6, 7)], [(0, 3), (0, 4), (0, 5), (2, 1), (2, 6), (3, 2), (4, 2), (4, 3), (4, 6), (5, 1), (5, 2), (5, 3), (5, 6), (7, 2), (7, 3), (7, 4), (7, 6)]], [[(0, 1), (0, 6), (0, 7), (1, 3), (2, 1), (2, 3), (2, 5), (2, 6), (2, 7), (4, 1), (4, 3), (4, 5), (4, 6), (4, 7), (5, 3), (5, 6), (5, 7), (6, 1), (6, 7), (7, 3)], [(0, 1), (0, 6), (0, 7), (1, 3), (1, 6), (2, 3), (2, 6), (4, 1), (4, 7), (5, 6), (5, 7)], [(0, 1), (0, 6), (0, 7), (1, 3), (2, 3), (4, 1), (5, 6), (5, 7), (6, 1), (6, 2), (7, 2), (7, 4)], [(0, 1), (0, 6), (0, 7), (1, 2), (1, 3), (4, 1), (5, 1), (1, 6), (2, 3), (4, 2), (5, 2), (2, 6), (2, 7), (4, 3), (6, 3), (3, 7), (5, 4), (4, 7), (5, 6), (5, 7), (6, 7)], [(0, 1), (0, 6), (0, 7), (1, 3), (4, 1), (6, 1), (2, 3), (6, 2), (7, 4), (5, 6), (5, 7)], [(0, 1), (2, 5), (2, 6), (2, 7), (3, 0), (3, 1), (3, 2), (3, 6), (3, 7), (4, 0), (4, 1), (4, 5), (4, 6), (4, 7), (5, 0), (5, 6), (6, 1), (7, 0), (7, 5), (7, 6)]], [[(0, 1), (0, 2), (0, 5), (0, 7), (1, 2), (1, 6), (1, 7), (3, 5), (3, 7), (4, 1), (4, 2), (4, 3), (4, 5), (5, 2), (6, 2), (6, 3), (6, 7), (7, 2), (7, 5)], [(0, 1), (0, 5), (0, 7), (1, 4), (1, 6), (2, 4), (2, 7), (3, 5), (3, 7), (4, 5), (6, 3), (6, 7)], [(0, 5), (0, 7), (1, 0), (1, 2), (1, 4), (3, 5), (3, 6), (3, 7), (4, 2), (5, 2), (5, 4), (6, 1), (6, 7), (7, 2)], [(1, 0), (0, 2), (0, 4), (0, 5), (0, 7), (1, 2), (3, 1), (1, 4), (6, 1), (1, 7), (3, 2), (4, 2), (2, 5), (6, 2), (7, 2), (3, 4), (3, 5), (6, 3), (3, 7), (4, 5), (6, 4), (6, 7)], [(0, 1), (0, 5), (0, 7), (4, 1), (1, 6), (4, 2), (7, 2), (3, 5), (6, 3), (3, 7), (4, 5), (6, 7)], [(0, 5), (0, 7), (1, 0), (1, 6), (2, 5), (2, 6), (2, 7), (3, 1), (3, 2), (3, 5), (3, 6), (3, 7), (4, 0), (4, 1), (4, 2), (4, 3), (4, 5), (4, 6), (4, 7), (6, 7)]], [[(1, 0), (1, 2), (1, 3), (1, 5), (2, 0), (2, 3), (2, 5), (3, 0), (4, 2), (6, 0), (6, 3), (6, 5), (7, 3), (7, 5)], [(0, 3), (0, 5), (0, 6), (1, 2), (1, 3), (1, 5), (2, 5), (3, 7), (4, 2), (5, 7)], [(0, 3), (0, 6), (1, 2), (1, 3), (1, 5), (2, 5), (3, 7), (4, 2), (6, 5), (7, 5)], [(1, 0), (2, 0), (3, 0), (6, 0), (2, 1), (3, 1), (4, 1), (5, 1), (6, 1), (4, 2), (2, 5), (2, 6), (2, 7), (4, 3), (3, 5), (3, 7), (4, 5), (5, 6), (5, 7), (6, 7)], [(0, 3), (5, 0), (0, 6), (1, 2), (1, 3), (1, 5), (4, 2), (2, 5), (7, 3), (7, 5)], [(0, 3), (1, 0), (1, 2), (1, 3), (1, 5), (2, 0), (2, 5), (4, 2), (6, 0), (6, 5), (7, 0), (7, 3), (7, 5)]], [[(1, 0), (1, 3), (2, 1), (2, 3), (3, 0), (4, 2), (4, 5), (5, 0), (5, 1), (5, 3), (6, 1), (6, 3), (6, 4), (6, 5), (7, 0), (7, 3), (7, 4), (7, 5)], [(0, 1), (0, 3), (1, 5), (1, 6), (2, 1), (2, 3), (2, 4), (3, 1), (4, 6), (5, 6), (7, 0), (7, 4), (7, 5)], [(0, 1), (0, 3), (0, 7), (1, 3), (2, 1), (2, 3), (4, 2), (5, 1), (6, 1), (6, 4), (6, 5), (7, 4), (7, 5)], [(1, 0), (3, 0), (0, 4), (5, 0), (0, 7), (2, 1), (3, 1), (5, 1), (1, 6), (1, 7), (3, 2), (2, 4), (2, 6), (3, 4), (5, 3), (3, 6), (5, 4), (4, 6), (4, 7), (5, 6), (5, 7), (6, 7)], [(1, 0), (0, 3), (7, 0), (2, 1), (1, 3), (5, 1), (6, 1), (2, 3), (4, 2), (4, 6), (7, 4), (5, 6), (7, 5)], [(1, 0), (1, 2), (1, 3), (1, 5), (1, 6), (2, 4), (3, 0), (3, 2), (3, 5), (3, 7), (5, 0), (5, 4), (6, 2), (6, 4), (6, 5), (7, 0), (7, 4), (7, 5)]], [[(0, 1), (0, 2), (0, 4), (0, 6), (1, 2), (1, 3), (1, 4), (1, 6), (1, 7), (2, 3), (2, 4), (2, 6), (2, 7), (4, 3), (5, 4), (5, 6), (6, 7), (7, 3)], [(0, 4), (1, 2), (1, 3), (1, 4), (2, 3), (2, 7), (3, 4), (3, 7), (4, 6), (6, 5), (6, 7)], [(0, 4), (1, 2), (1, 3), (1, 4), (2, 3), (2, 7), (4, 3), (5, 6), (6, 7), (7, 3)], [(1, 0), (0, 4), (0, 6), (1, 3), (1, 4), (1, 6), (3, 2), (4, 2), (7, 2), (4, 3), (7, 3), (5, 4), (4, 7), (5, 6), (6, 7)], [(0, 4), (1, 2), (1, 3), (1, 4), (2, 3), (7, 2), (4, 3), (7, 3), (4, 6), (6, 5), (7, 6)], [(0, 5), (1, 0), (1, 3), (1, 4), (1, 5), (3, 2), (4, 0), (4, 2), (4, 3), (4, 5), (4, 6), (6, 5), (7, 2), (7, 3), (7, 6)]], [[(0, 3), (0, 4), (0, 5), (1, 5), (3, 1), (3, 5), (4, 3), (4, 5), (6, 0), (6, 1), (6, 3), (6, 4), (6, 5), (7, 0), (7, 1), (7, 4), (7, 5)], [(0, 4), (0, 5), (1, 3), (4, 3), (4, 6), (5, 3), (5, 6), (6, 1), (7, 0), (7, 5)], [(0, 5), (0, 7), (1, 3), (1, 6), (3, 5), (4, 3), (4, 7), (6, 4), (6, 5), (7, 5)], [(1, 0), (0, 3), (5, 0), (0, 7), (6, 1), (1, 7), (4, 3), (5, 3), (7, 3), (4, 6), (4, 7), (5, 6), (5, 7)], [(0, 4), (0, 5), (0, 7), (3, 1), (6, 1), (3, 4), (3, 5), (4, 6), (6, 5), (5, 7)], [(0, 1), (0, 3), (0, 4), (0, 5), (0, 6), (3, 4), (4, 1), (4, 6), (5, 1), (5, 3), (5, 6), (6, 1), (7, 0), (7, 1), (7, 4), (7, 5), (7, 6)]], [[(0, 1), (0, 3), (0, 4), (2, 4), (3, 1), (3, 2), (3, 4), (3, 5), (3, 6), (4, 1), (5, 1), (5, 2), (5, 6), (6, 1), (7, 1), (7, 5)], [(0, 4), (1, 4), (2, 3), (2, 6), (3, 0), (3, 5), (5, 1), (5, 6), (6, 1), (7, 1), (7, 5)], [(0, 3), (0, 4), (1, 4), (1, 5), (1, 6), (1, 7), (3, 2), (3, 5), (3, 6), (6, 5), (7, 2), (7, 5)], [(0, 1), (3, 0), (0, 4), (3, 1), (4, 1), (5, 1), (6, 1), (7, 1), (2, 3), (2, 4), (6, 2), (3, 4), (5, 3), (6, 3), (3, 7), (6, 5), (5, 7)], [(3, 0), (4, 0), (4, 1), (1, 5), (1, 6), (7, 1), (2, 3), (6, 2), (5, 3), (6, 5), (7, 5)], [(0, 1), (0, 3), (0, 4), (2, 4), (2, 5), (3, 1), (3, 2), (3, 4), (3, 5), (3, 6), (4, 1), (5, 1), (5, 6), (6, 1), (7, 1), (7, 2), (7, 5)]], [[(0, 1), (0, 2), (0, 3), (0, 4), (0, 6), (1, 2), (1, 4), (3, 2), (3, 5), (4, 3), (4, 5), (5, 2), (6, 2), (6, 3), (6, 5), (7, 2), (7, 3), (7, 4), (7, 5)], [(0, 6), (1, 0), (3, 4), (3, 5), (4, 1), (6, 5), (7, 2), (7, 3)], [(0, 6), (1, 0), (2, 1), (2, 7), (3, 4), (3, 5), (4, 1), (6, 5), (7, 3)], [(1, 0), (2, 0), (3, 0), (6, 0), (2, 1), (4, 1), (1, 6), (1, 7), (3, 2), (2, 5), (2, 6), (2, 7), (4, 3), (3, 5), (3, 6), (3, 7), (4, 5), (4, 6), (4, 7), (5, 6), (7, 6)], [(1, 0), (0, 6), (4, 1), (7, 2), (3, 4), (3, 5), (7, 3), (6, 5)], [(0, 3), (0, 5), (0, 6), (1, 0), (1, 2), (1, 3), (1, 4), (2, 3), (2, 6), (3, 4), (5, 2), (5, 3), (5, 4), (5, 6), (6, 3), (6, 4), (7, 2), (7, 4), (7, 5), (7, 6)]], [[(0, 2), (1, 0), (1, 4), (1, 5), (1, 6), (3, 0), (3, 2), (3, 4), (3, 5), (4, 0), (4, 5), (4, 7), (5, 2), (6, 0), (6, 4), (6, 5), (6, 7), (7, 0), (7, 2), (7, 5)], [(0, 2), (0, 4), (1, 4), (3, 0), (3, 2), (4, 5), (6, 1), (7, 5), (7, 6)], [(0, 2), (0, 3), (0, 4), (1, 6), (3, 2), (4, 5), (5, 2), (6, 7), (7, 4), (7, 5)], [(1, 0), (2, 0), (3, 0), (0, 4), (5, 0), (0, 6), (1, 6), (1, 7), (3, 2), (2, 5), (2, 7), (3, 4), (3, 6), (3, 7), (5, 4), (7, 4), (5, 6), (7, 5), (7, 6)], [(0, 2), (3, 0), (4, 0), (4, 1), (6, 1), (3, 2), (4, 5), (7, 5), (7, 6)], [(0, 4), (0, 6), (1, 0), (1, 6), (1, 7), (2, 0), (2, 3), (2, 5), (2, 7), (3, 0), (3, 4), (3, 6), (3, 7), (5, 0), (5, 4), (5, 6), (7, 4), (7, 5), (7, 6)]], [[(0, 1), (0, 3), (0, 4), (0, 6), (0, 7), (1, 4), (2, 3), (2, 6), (2, 7), (4, 3), (4, 5), (6, 4), (6, 5), (6, 7), (7, 1), (7, 3), (7, 4)], [(0, 7), (1, 4), (1, 7), (3, 0), (3, 7), (4, 5), (5, 6), (6, 7)], [(2, 4), (3, 0), (3, 7), (4, 1), (4, 5), (6, 5), (7, 0), (7, 1), (7, 6)], [(0, 1), (0, 3), (0, 4), (0, 6), (0, 7), (1, 4), (1, 6), (7, 1), (2, 3), (2, 6), (2, 7), (4, 3), (7, 3), (4, 5), (4, 6), (6, 5), (7, 6)], [(3, 0), (7, 0), (4, 1), (7, 1), (7, 3), (4, 5), (6, 5), (7, 6)], [(0, 2), (0, 7), (1, 2), (1, 3), (1, 6), (1, 7), (2, 7), (3, 0), (3, 2), (3, 7), (4, 0), (4, 1), (4, 2), (4, 5), (4, 6), (6, 5), (6, 7)]], [[(0, 1), (0, 3), (0, 5), (1, 2), (1, 5), (2, 3), (2, 5), (4, 0), (4, 2), (4, 3), (4, 5), (4, 6), (5, 3), (6, 0), (6, 1), (6, 3), (7, 1), (7, 3), (7, 5), (7, 6)], [(0, 3), (0, 5), (0, 6), (1, 2), (2, 3), (2, 4), (4, 6), (5, 3), (7, 3), (7, 6)], [(0, 3), (0, 5), (0, 6), (1, 2), (1, 4), (1, 7), (2, 3), (2, 4), (4, 6), (5, 1), (5, 3), (6, 7), (7, 3)], [(0, 1), (0, 2), (0, 3), (5, 0), (0, 6), (0, 7), (2, 1), (4, 1), (5, 1), (1, 7), (2, 3), (2, 4), (2, 6), (2, 7), (4, 3), (5, 3), (6, 3), (7, 3), (4, 6), (5, 7), (7, 6)], [(0, 3), (0, 5), (0, 6), (1, 2), (2, 3), (4, 2), (5, 3), (7, 3), (4, 6), (6, 7)], [(0, 3), (0, 4), (0, 5), (0, 6), (1, 0), (1, 2), (1, 3), (1, 5), (1, 6), (1, 7), (3, 2), (4, 2), (4, 3), (5, 3), (6, 3), (6, 4), (7, 0), (7, 2), (7, 3), (7, 4), (7, 6)]], [[(0, 3), (0, 6), (1, 2), (1, 3), (2, 3), (2, 6), (4, 2), (4, 3), (4, 5), (4, 6), (4, 7), (5, 0), (5, 1), (5, 2), (5, 3), (7, 0), (7, 1)], [(0, 3), (0, 5), (0, 7), (1, 2), (1, 7), (2, 3), (2, 6), (3, 4), (4, 5), (4, 7)], [(0, 3), (1, 2), (1, 3), (1, 5), (1, 7), (2, 3), (2, 6), (4, 3), (4, 5), (4, 7), (5, 0), (7, 0), (7, 6)], [(1, 0), (2, 0), (3, 0), (4, 0), (5, 0), (0, 6), (0, 7), (2, 1), (1, 3), (4, 1), (5, 1), (1, 7), (2, 3), (2, 5), (2, 6), (4, 3), (4, 5), (4, 6), (4, 7), (5, 7)], [(0, 3), (0, 5), (0, 7), (2, 1), (1, 7), (3, 2), (2, 6), (4, 3), (4, 5), (4, 7)], [(0, 3), (1, 2), (1, 3), (2, 3), (4, 2), (4, 3), (4, 5), (5, 0), (5, 1), (5, 2), (5, 3), (6, 1), (6, 2), (7, 0), (7, 1), (7, 4), (7, 6)]], [[(0, 2), (0, 5), (0, 7), (1, 0), (1, 2), (1, 4), (1, 5), (1, 6), (1, 7), (2, 5), (3, 5), (3, 6), (3, 7), (4, 0), (4, 5), (4, 6), (4, 7), (6, 0), (7, 2), (7, 5)], [(0, 5), (1, 0), (1, 6), (2, 0), (2, 1), (3, 5), (3, 6), (4, 5), (6, 0), (7, 3), (7, 5)], [(0, 1), (0, 2), (0, 4), (0, 5), (0, 6), (1, 2), (1, 6), (3, 5), (3, 7), (4, 5), (6, 3), (6, 7), (7, 5)], [(0, 1), (0, 2), (0, 3), (0, 4), (5, 0), (0, 6), (0, 7), (1, 2), (1, 3), (1, 4), (1, 6), (1, 7), (3, 2), (2, 7), (4, 3), (5, 3), (6, 3), (6, 4), (5, 6), (5, 7)], [(1, 0), (0, 2), (0, 5), (6, 0), (1, 2), (1, 6), (3, 5), (3, 6), (7, 3), (5, 4), (7, 5)], [(0, 6), (0, 7), (1, 0), (1, 2), (1, 6), (1, 7), (2, 0), (2, 5), (2, 7), (3, 0), (3, 2), (3, 4), (3, 5), (3, 6), (4, 6), (5, 0), (5, 4), (5, 7)]], [[(0, 1), (0, 2), (0, 3), (0, 5), (0, 6), (0, 7), (1, 2), (1, 4), (1, 5), (1, 7), (3, 2), (3, 4), (3, 6), (3, 7), (4, 2), (5, 2), (5, 3), (5, 7), (6, 2), (6, 4), (6, 7), (7, 4)], [(0, 2), (1, 0), (1, 5), (3, 5), (3, 6), (4, 0), (4, 1), (4, 2), (7, 2), (7, 4), (7, 6)], [(0, 1), (0, 2), (1, 4), (1, 5), (1, 7), (3, 4), (3, 6), (4, 2), (5, 3), (5, 6), (7, 2), (7, 4), (7, 6)], [(1, 0), (2, 0), (0, 3), (0, 4), (0, 6), (0, 7), (2, 1), (1, 3), (1, 4), (5, 1), (1, 6), (1, 7), (2, 3), (2, 4), (5, 2), (2, 6), (3, 4), (5, 3), (3, 6), (4, 6), (4, 7), (5, 6), (5, 7), (6, 7)], [(1, 0), (2, 0), (4, 0), (4, 1), (1, 5), (4, 2), (7, 2), (5, 3), (3, 6), (7, 4), (7, 6)], [(0, 1), (0, 3), (0, 4), (0, 6), (0, 7), (1, 4), (1, 5), (1, 6), (1, 7), (2, 0), (2, 1), (2, 4), (2, 5), (2, 6), (3, 4), (4, 7), (5, 3), (5, 6), (5, 7), (6, 3), (6, 4), (6, 7)]], [[(0, 1), (0, 2), (0, 3), (0, 4), (0, 5), (0, 6), (2, 1), (3, 1), (3, 2), (3, 4), (3, 7), (4, 2), (5, 1), (5, 2), (5, 4), (5, 6), (5, 7), (6, 1), (6, 2), (6, 4), (7, 1), (7, 2), (7, 6)], [(0, 6), (1, 0), (1, 5), (2, 6), (3, 4), (3, 7), (4, 6), (5, 7), (7, 2)], [(1, 0), (1, 7), (2, 5), (2, 6), (2, 7), (3, 0), (4, 3), (4, 5), (5, 1), (5, 7), (6, 0), (6, 4), (7, 3)], [(0, 1), (0, 3), (0, 4), (0, 5), (0, 6), (7, 0), (1, 2), (1, 5), (1, 6), (7, 1), (2, 3), (4, 2), (2, 5), (2, 6), (7, 2), (4, 3), (3, 5), (3, 6), (7, 3), (4, 5), (5, 6), (7, 5), (7, 6)], [(1, 0), (0, 6), (5, 1), (6, 2), (7, 2), (3, 4), (3, 7), (6, 4), (5, 7)], [(0, 1), (0, 3), (0, 4), (0, 5), (0, 6), (2, 1), (2, 6), (3, 4), (3, 6), (3, 7), (4, 2), (5, 1), (5, 2), (5, 4), (5, 6), (5, 7), (6, 1), (7, 1), (7, 2), (7, 6)]], [[(0, 4), (0, 5), (0, 6), (0, 7), (1, 3), (1, 5), (1, 6), (3, 2), (3, 4), (4, 2), (5, 2), (5, 4), (6, 2), (6, 3), (6, 4), (6, 5), (7, 1), (7, 2), (7, 4), (7, 6)], [(0, 4), (0, 5), (1, 5), (1, 6), (2, 0), (2, 1), (2, 7), (3, 6), (4, 6), (4, 7)], [(1, 2), (2, 0), (2, 7), (3, 0), (3, 4), (3, 6), (4, 0), (4, 6), (4, 7), (5, 0), (5, 1), (6, 1), (6, 5)], [(2, 0), (3, 0), (0, 4), (5, 0), (0, 6), (0, 7), (2, 1), (5, 1), (1, 6), (1, 7), (2, 4), (2, 6), (2, 7), (3, 4), (5, 3), (3, 6), (5, 4), (6, 4), (7, 4), (5, 6), (5, 7), (6, 7)], [(2, 0), (4, 0), (5, 0), (1, 2), (5, 1), (6, 1), (2, 7), (3, 6), (4, 6), (4, 7)], [(0, 4), (0, 6), (1, 4), (1, 6), (1, 7), (2, 0), (2, 1), (2, 4), (2, 6), (2, 7), (3, 0), (3, 6), (4, 6), (5, 0), (5, 1), (5, 3), (5, 4), (5, 6), (5, 7), (7, 4), (7, 6)]], [[(1, 0), (1, 2), (1, 4), (1, 5), (1, 7), (2, 6), (3, 4), (4, 0), (4, 2), (4, 5), (4, 6), (4, 7), (5, 2), (5, 6), (6, 0), (7, 2), (7, 6)], [(0, 1), (0, 4), (1, 4), (1, 6), (2, 4), (2, 6), (3, 4), (5, 1), (5, 6), (7, 2)], [(0, 1), (0, 4), (1, 4), (1, 5), (1, 6), (2, 6), (3, 4), (3, 7), (4, 2), (4, 5), (5, 2), (5, 6), (7, 2)], [(0, 1), (0, 2), (0, 4), (1, 2), (1, 3), (4, 1), (1, 5), (6, 1), (1, 7), (4, 2), (5, 2), (6, 2), (7, 2), (4, 3), (4, 5), (6, 4), (4, 7), (6, 5), (7, 5), (6, 7)], [(0, 1), (0, 4), (4, 1), (5, 1), (1, 6), (4, 2), (2, 6), (7, 2), (3, 4), (5, 6)], [(0, 1), (0, 4), (1, 3), (1, 5), (2, 1), (2, 4), (2, 5), (2, 6), (4, 1), (4, 3), (4, 5), (6, 1), (6, 5), (7, 1), (7, 2), (7, 4)]], [[(0, 1), (0, 2), (0, 4), (0, 5), (0, 6), (0, 7), (1, 2), (1, 3), (1, 6), (1, 7), (2, 3), (4, 1), (4, 2), (4, 3), (4, 6), (5, 1), (5, 2), (5, 3), (5, 6), (5, 7), (6, 3), (7, 6)], [(0, 5), (0, 6), (1, 5), (1, 6), (1, 7), (2, 0), (2, 1), (2, 6), (3, 5), (3, 6), (4, 3)], [(0, 2), (0, 4), (0, 5), (0, 6), (1, 2), (1, 5), (1, 7), (2, 7), (4, 3), (5, 3), (6, 1), (6, 2), (6, 3)], [(1, 0), (0, 2), (3, 0), (4, 0), (0, 5), (0, 6), (0, 7), (1, 2), (1, 3), (1, 5), (1, 6), (1, 7), (3, 2), (4, 2), (5, 2), (6, 2), (4, 3), (3, 5), (3, 6), (4, 6), (4, 7), (5, 6), (5, 7), (6, 7)], [(0, 2), (0, 5), (6, 0), (1, 2), (1, 5), (1, 6), (7, 1), (6, 2), (4, 3), (5, 3), (6, 3)], [(1, 2), (1, 3), (1, 5), (1, 6), (2, 0), (2, 3), (2, 6), (4, 0), (4, 3), (5, 0), (5, 2), (5, 3), (6, 0), (6, 3), (7, 0), (7, 1), (7, 2)]], [[(0, 7), (1, 0), (1, 2), (1, 3), (1, 4), (1, 5), (1, 7), (2, 0), (2, 3), (2, 5), (2, 6), (3, 0), (3, 5), (3, 7), (4, 0), (4, 3), (4, 5), (4, 7), (5, 0), (6, 3), (6, 4), (6, 5)], [(1, 3), (1, 4), (2, 1), (2, 6), (3, 0), (4, 0), (4, 7), (5, 0), (5, 1), (5, 2), (6, 7), (7, 0), (7, 3)], [(0, 3), (0, 4), (0, 7), (1, 4), (1, 5), (2, 1), (2, 5), (2, 6), (3, 1), (3, 7), (6, 5), (7, 4)], [(1, 0), (2, 0), (3, 0), (0, 4), (0, 5), (0, 7), (2, 1), (3, 1), (1, 4), (1, 5), (6, 1), (1, 7), (2, 4), (2, 5), (2, 6), (3, 4), (3, 5), (3, 6), (3, 7), (6, 4), (4, 7), (6, 5)], [(3, 0), (0, 4), (5, 0), (7, 0), (2, 1), (1, 3), (1, 4), (5, 1), (2, 5), (2, 6), (7, 3), (7, 4), (7, 6)], [(0, 2), (0, 3), (0, 4), (0, 5), (0, 7), (1, 2), (1, 3), (1, 5), (1, 6), (2, 5), (3, 5), (4, 1), (4, 2), (4, 6), (4, 7), (6, 2), (6, 3), (6, 5), (6, 7), (7, 3)]], [[(0, 2), (0, 3), (0, 4), (0, 6), (0, 7), (1, 7), (2, 4), (2, 5), (3, 2), (3, 4), (4, 5), (6, 1), (6, 2), (6, 3), (6, 7), (7, 3), (7, 4)], [(1, 6), (2, 3), (3, 7), (4, 3), (4, 5), (6, 0), (7, 1)], [(1, 6), (2, 3), (3, 1), (3, 7), (4, 3), (4, 5), (5, 2), (6, 0), (7, 1)], [(0, 1), (0, 4), (0, 6), (2, 1), (3, 1), (1, 6), (1, 7), (3, 2), (2, 4), (2, 5), (2, 6), (3, 4), (3, 7), (4, 5), (7, 4)], [(6, 0), (1, 6), (7, 1), (2, 3), (4, 3), (3, 7), (4, 5)], [(0, 3), (0, 6), (1, 2), (1, 3), (1, 7), (2, 3), (2, 5), (3, 7), (4, 1), (4, 3), (4, 5), (6, 1), (6, 2), (6, 4)]], [[(0, 1), (0, 2), (0, 7), (2, 1), (3, 0), (3, 1), (3, 2), (3, 4), (3, 7), (4, 0), (4, 1), (4, 7), (5, 0), (5, 1), (5, 2), (5, 3), (5, 4), (6, 0), (6, 1), (6, 2), (6, 3), (6, 7), (7, 2)], [(0, 6), (2, 1), (3, 6), (3, 7), (4, 1), (4, 5), (5, 1), (5, 2), (6, 1), (6, 7), (7, 4)], [(1, 2), (1, 4), (1, 5), (1, 6), (3, 6), (3, 7), (4, 5), (4, 7), (5, 2), (6, 0), (6, 7)], [(1, 0), (2, 0), (4, 0), (5, 0), (6, 0), (7, 0), (2, 1), (3, 1), (4, 1), (5, 1), (6, 1), (7, 1), (2, 4), (2, 5), (3, 4), (3, 5), (3, 6), (3, 7), (5, 4), (4, 7), (5, 6), (5, 7), (6, 7)], [(6, 0), (2, 1), (4, 1), (1, 5), (6, 1), (2, 5), (6, 3), (3, 7), (4, 5), (4, 7), (6, 7)], [(1, 0), (1, 4), (2, 0), (2, 1), (2, 4), (3, 1), (3, 2), (3, 6), (3, 7), (4, 0), (5, 0), (5, 1), (5, 2), (5, 3), (5, 4), (5, 6), (5, 7), (6, 0), (6, 1), (7, 0), (7, 1), (7, 4), (7, 6)]], [[(0, 2), (0, 4), (0, 6), (0, 7), (1, 2), (1, 7), (2, 3), (2, 7), (4, 1), (4, 2), (4, 3), (4, 6), (4, 7), (5, 1), (5, 2), (5, 4), (5, 6), (5, 7), (6, 1), (6, 7)], [(0, 7), (1, 4), (2, 1), (3, 4), (4, 0), (4, 5), (4, 6), (5, 7), (6, 0)], [(1, 2), (1, 3), (1, 4), (2, 7), (4, 0), (4, 3), (4, 5), (4, 6), (6, 2), (6, 7), (7, 0), (7, 5)], [(1, 0), (0, 2), (4, 0), (0, 5), (0, 6), (0, 7), (1, 2), (4, 1), (1, 5), (1, 6), (1, 7), (2, 3), (2, 5), (2, 7), (4, 3), (4, 5), (4, 6), (4, 7), (5, 6), (5, 7), (6, 7)], [(4, 0), (6, 0), (7, 0), (1, 2), (4, 1), (4, 3), (5, 4), (4, 6), (7, 5)], [(1, 0), (2, 0), (2, 1), (2, 7), (3, 2), (4, 0), (4, 1), (4, 3), (4, 7), (5, 0), (5, 2), (5, 4), (5, 7), (6, 0), (6, 2), (6, 4), (6, 5), (6, 7), (7, 0)]], [[(0, 1), (2, 0), (2, 1), (2, 7), (3, 0), (3, 2), (3, 5), (3, 7), (4, 0), (4, 1), (4, 5), (4, 6), (4, 7), (5, 0), (5, 2), (5, 7), (6, 5), (6, 7), (7, 0), (7, 1)], [(0, 1), (0, 5), (1, 2), (1, 6), (2, 5), (2, 7), (3, 5), (3, 7), (4, 0), (4, 5), (4, 6), (6, 7)], [(0, 1), (0, 3), (0, 4), (0, 5), (2, 1), (2, 7), (3, 5), (3, 7), (4, 5), (4, 6), (5, 2), (6, 1), (6, 7)], [(0, 1), (2, 0), (3, 0), (4, 0), (0, 5), (7, 0), (2, 1), (4, 1), (7, 1), (2, 4), (2, 5), (2, 6), (2, 7), (3, 5), (3, 6), (3, 7), (4, 5), (4, 6), (6, 5), (7, 6)], [(0, 1), (4, 0), (5, 0), (2, 1), (6, 1), (5, 2), (2, 7), (3, 5), (3, 7), (4, 5), (6, 4), (6, 7)], [(0, 1), (0, 4), (0, 5), (0, 7), (2, 1), (2, 5), (2, 7), (3, 0), (3, 4), (3, 5), (3, 7), (4, 1), (4, 2), (4, 5), (4, 7), (6, 0), (6, 4), (6, 5), (6, 7), (7, 1)]], [[(0, 6), (0, 7), (1, 0), (1, 2), (1, 3), (1, 4), (1, 6), (1, 7), (2, 0), (2, 4), (2, 7), (3, 0), (3, 2), (3, 5), (3, 6), (3, 7), (4, 0), (4, 7), (5, 0), (5, 2), (5, 4), (6, 7)], [(0, 1), (0, 4), (1, 2), (3, 1), (4, 2), (4, 7), (5, 2), (5, 3), (6, 0)], [(0, 6), (1, 0), (1, 2), (1, 3), (1, 7), (2, 4), (2, 5), (4, 0), (4, 7), (5, 3)], [(0, 1), (0, 2), (0, 3), (4, 0), (0, 5), (0, 6), (0, 7), (1, 2), (1, 3), (1, 5), (1, 6), (1, 7), (2, 3), (4, 2), (5, 2), (7, 2), (4, 3), (5, 3), (6, 3), (7, 3), (4, 5), (4, 7), (6, 5), (7, 5)], [(1, 0), (4, 0), (0, 6), (1, 2), (3, 1), (2, 4), (5, 2), (5, 3), (4, 7)], [(0, 1), (0, 3), (0, 5), (0, 6), (2, 1), (2, 3), (2, 5), (3, 1), (3, 5), (4, 0), (4, 2), (4, 3), (4, 5), (4, 7), (6, 1), (7, 1)]], [[(0, 1), (0, 2), (0, 4), (1, 2), (1, 4), (3, 0), (3, 4), (3, 6), (4, 2), (5, 0), (5, 1), (5, 2), (5, 4), (5, 6), (6, 0), (6, 1), (6, 2), (6, 4), (6, 7), (7, 0), (7, 1), (7, 2), (7, 4)], [(0, 2), (1, 2), (1, 7), (3, 0), (3, 6), (4, 0), (4, 5), (4, 7), (5, 6), (6, 7)], [(0, 2), (0, 3), (0, 4), (0, 5), (1, 4), (2, 1), (3, 6), (4, 7), (5, 1), (6, 5), (6, 7)], [(0, 1), (0, 2), (3, 0), (0, 4), (5, 0), (0, 6), (0, 7), (1, 4), (5, 1), (6, 1), (7, 1), (2, 4), (2, 6), (2, 7), (3, 4), (3, 6), (3, 7), (5, 4), (6, 4), (7, 4), (5, 6), (5, 7)], [(2, 0), (0, 3), (4, 0), (2, 1), (1, 7), (3, 6), (5, 4), (4, 7), (5, 6), (6, 7)], [(0, 1), (0, 4), (0, 5), (0, 6), (0, 7), (1, 7), (2, 0), (2, 1), (2, 4), (2, 6), (2, 7), (3, 0), (3, 2), (3, 4), (3, 5), (3, 6), (4, 1), (4, 6), (4, 7), (5, 1), (5, 6), (5, 7), (6, 7)]], [[(0, 2), (0, 4), (0, 5), (0, 7), (1, 5), (1, 7), (2, 1), (3, 0), (3, 4), (3, 5), (6, 0), (6, 4), (7, 4)], [(0, 2), (0, 5), (1, 2), (1, 5), (3, 0), (3, 5), (4, 0), (6, 4), (7, 1), (7, 4)], [(0, 3), (0, 4), (0, 5), (1, 2), (1, 5), (1, 7), (2, 0), (3, 5), (4, 6), (4, 7)], [(0, 1), (0, 2), (0, 3), (0, 4), (5, 0), (0, 6), (0, 7), (1, 2), (1, 3), (4, 1), (5, 1), (1, 7), (4, 3), (5, 3), (6, 3), (4, 6), (4, 7), (5, 6), (7, 6)], [(0, 2), (0, 3), (4, 0), (0, 5), (2, 1), (1, 5), (1, 7), (3, 5), (4, 6), (4, 7)], [(0, 1), (0, 2), (0, 4), (0, 5), (0, 6), (0, 7), (1, 2), (1, 5), (3, 0), (3, 4), (3, 5), (3, 6), (4, 6), (7, 1), (7, 4), (7, 6)]], [[(0, 4), (0, 6), (0, 7), (1, 3), (1, 4), (1, 5), (1, 6), (2, 0), (2, 4), (2, 6), (2, 7), (3, 2), (3, 5), (4, 6), (4, 7), (5, 0), (5, 4), (5, 7), (7, 6)], [(0, 4), (0, 6), (1, 3), (1, 4), (1, 6), (2, 6), (3, 2), (5, 0), (5, 3), (7, 4), (7, 6)], [(2, 3), (2, 6), (3, 1), (3, 5), (4, 0), (4, 1), (5, 0), (6, 0), (6, 1), (6, 7), (7, 4)], [(0, 4), (5, 0), (0, 6), (0, 7), (2, 1), (3, 1), (4, 1), (6, 1), (7, 1), (2, 3), (4, 2), (5, 2), (6, 2), (4, 3), (5, 3), (3, 7), (4, 6), (4, 7), (5, 6), (5, 7), (6, 7)], [(0, 4), (5, 0), (0, 6), (3, 1), (1, 4), (1, 6), (3, 2), (2, 6), (5, 3), (7, 4), (6, 7)], [(1, 3), (1, 4), (1, 6), (2, 1), (2, 3), (2, 5), (2, 6), (2, 7), (4, 0), (4, 7), (5, 0), (5, 3), (5, 6), (6, 0), (7, 0), (7, 6)]], [[(2, 1), (2, 3), (2, 5), (2, 6), (3, 4), (3, 5), (5, 0), (5, 4), (6, 0), (6, 1), (6, 7), (7, 0), (7, 1), (7, 3)], [(0, 5), (1, 2), (1, 7), (2, 3), (2, 5), (3, 4), (3, 7), (4, 5), (6, 0), (6, 2)], [(0, 6), (2, 1), (3, 2), (3, 4), (3, 7), (5, 0), (5, 2), (5, 4), (6, 1), (6, 2), (7, 0), (7, 1)], [(0, 1), (0, 3), (0, 5), (0, 6), (0, 7), (1, 2), (3, 1), (5, 1), (1, 7), (3, 2), (5, 2), (6, 2), (7, 2), (4, 3), (5, 3), (3, 7), (4, 5), (5, 6), (5, 7), (6, 7)], [(5, 0), (6, 0), (1, 2), (7, 1), (3, 2), (2, 5), (6, 2), (3, 4), (7, 3), (5, 4)], [(1, 6), (2, 1), (2, 6), (3, 2), (3, 4), (3, 7), (5, 0), (5, 2), (5, 4), (6, 0), (7, 0), (7, 1), (7, 6)]], [[(0, 2), (1, 0), (1, 2), (1, 3), (3, 0), (3, 2), (3, 6), (3, 7), (4, 1), (4, 3), (4, 7), (5, 0), (5, 1), (5, 2), (5, 3), (5, 6), (5, 7), (6, 2), (7, 0), (7, 2), (7, 6)], [(1, 0), (1, 4), (2, 3), (2, 5), (3, 4), (3, 7), (4, 7), (5, 7), (6, 2), (6, 3), (6, 5)], [(0, 1), (0, 5), (0, 7), (1, 4), (2, 3), (3, 6), (4, 3), (4, 7), (5, 6), (5, 7), (7, 3)], [(1, 0), (0, 2), (0, 3), (0, 5), (0, 7), (1, 2), (1, 3), (4, 1), (1, 5), (1, 6), (3, 2), (5, 2), (6, 2), (7, 2), (4, 3), (3, 5), (3, 6), (7, 3), (4, 5), (4, 7), (6, 5), (7, 5)], [(1, 0), (4, 1), (2, 3), (2, 5), (2, 6), (4, 3), (3, 6), (3, 7), (4, 7), (6, 5), (7, 5)], [(0, 1), (0, 3), (0, 5), (0, 6), (1, 4), (1, 6), (1, 7), (2, 3), (2, 4), (2, 5), (2, 6), (2, 7), (4, 3), (5, 3), (5, 7), (6, 3), (6, 4), (6, 5), (6, 7), (7, 3), (7, 4)]], [[(0, 3), (0, 4), (0, 5), (0, 6), (0, 7), (1, 2), (1, 3), (1, 5), (1, 6), (1, 7), (2, 5), (2, 6), (3, 4), (3, 6), (3, 7), (4, 6), (4, 7), (5, 3), (5, 4), (5, 6), (5, 7), (6, 7)], [(0, 5), (0, 6), (1, 5), (1, 6), (2, 1), (3, 1), (3, 4), (4, 0), (4, 7), (6, 7)], [(0, 4), (0, 5), (0, 6), (1, 2), (1, 3), (1, 5), (1, 6), (3, 4), (3, 5), (6, 7), (7, 4)], [(0, 1), (0, 4), (5, 0), (0, 6), (1, 2), (3, 1), (4, 1), (5, 1), (6, 1), (7, 1), (5, 2), (6, 2), (7, 2), (4, 3), (5, 3), (3, 6), (3, 7), (4, 7), (7, 6)], [(0, 4), (5, 0), (0, 6), (1, 2), (3, 1), (5, 1), (1, 6), (4, 3), (4, 7), (6, 7)], [(0, 1), (0, 6), (2, 1), (2, 6), (3, 1), (3, 2), (3, 6), (3, 7), (4, 0), (4, 1), (4, 3), (4, 5), (4, 7), (5, 0), (5, 1), (5, 3), (6, 1), (7, 1), (7, 6)]], [[(0, 6), (1, 0), (1, 6), (2, 0), (2, 1), (2, 7), (3, 1), (3, 6), (4, 0), (4, 1), (4, 3), (4, 6), (5, 0), (5, 3), (5, 6), (5, 7), (7, 1), (7, 3), (7, 4), (7, 6)], [(0, 4), (0, 5), (1, 6), (2, 0), (2, 1), (3, 5), (4, 6), (5, 6), (7, 3)], [(1, 2), (1, 6), (2, 0), (3, 5), (3, 7), (4, 0), (4, 6), (4, 7), (5, 0), (5, 6)], [(0, 2), (0, 4), (0, 5), (0, 6), (0, 7), (2, 1), (1, 5), (1, 6), (1, 7), (3, 2), (2, 5), (3, 4), (3, 5), (3, 6), (3, 7), (5, 4), (6, 4), (7, 4), (6, 5), (7, 5), (7, 6)], [(2, 0), (0, 4), (5, 0), (1, 2), (1, 6), (5, 3), (7, 3), (6, 4), (5, 6)], [(0, 4), (1, 6), (2, 0), (2, 1), (2, 3), (3, 7), (4, 7), (5, 0), (5, 3), (5, 6), (5, 7), (6, 4), (6, 7)]], [[(0, 4), (0, 5), (1, 4), (1, 7), (2, 0), (2, 4), (2, 5), (2, 7), (3, 0), (3, 2), (3, 5), (5, 1), (6, 1), (6, 2), (6, 4), (6, 5)], [(0, 5), (1, 4), (1, 7), (2, 0), (2, 7), (3, 0), (3, 5), (4, 6), (5, 1), (5, 6)], [(0, 2), (0, 3), (1, 4), (1, 5), (1, 7), (2, 7), (4, 6), (5, 0), (5, 3), (5, 6)], [(0, 2), (3, 0), (0, 4), (5, 0), (6, 0), (1, 4), (5, 1), (6, 1), (1, 7), (3, 2), (4, 2), (5, 2), (2, 7), (3, 5), (6, 4), (6, 5)], [(2, 0), (3, 0), (0, 5), (1, 4), (5, 1), (1, 7), (2, 7), (3, 5), (4, 6), (5, 6)], [(0, 5), (1, 0), (1, 5), (1, 7), (2, 0), (2, 1), (2, 3), (2, 7), (4, 0), (4, 1), (4, 6), (5, 3), (6, 0), (6, 1), (6, 2), (6, 3), (6, 5)]], [[(0, 5), (1, 0), (1, 4), (1, 7), (2, 0), (2, 1), (2, 5), (2, 7), (3, 0), (3, 1), (3, 5), (3, 6), (4, 7), (6, 0), (6, 1), (6, 4), (6, 5), (6, 7), (7, 0)], [(0, 2), (0, 3), (0, 6), (1, 3), (1, 4), (1, 6), (2, 7), (4, 7), (5, 1), (5, 2), (6, 7)], [(0, 3), (0, 6), (1, 2), (1, 3), (1, 4), (1, 6), (2, 0), (2, 5), (2, 7), (5, 0), (6, 7), (7, 4)], [(0, 2), (3, 0), (4, 0), (0, 5), (6, 0), (0, 7), (1, 2), (3, 1), (4, 1), (6, 1), (1, 7), (3, 2), (2, 5), (6, 2), (2, 7), (4, 3), (3, 5), (3, 7), (6, 4), (4, 7), (6, 5), (6, 7)], [(2, 0), (0, 3), (0, 6), (1, 3), (1, 4), (5, 1), (1, 6), (5, 2), (2, 7), (7, 4), (6, 7)], [(0, 2), (0, 3), (0, 5), (0, 6), (1, 2), (2, 5), (3, 1), (3, 2), (3, 5), (3, 6), (4, 1), (4, 2), (4, 3), (4, 6), (4, 7), (6, 1), (6, 2), (6, 5), (7, 2), (7, 3), (7, 6)]], [[(0, 2), (1, 0), (1, 2), (1, 4), (3, 0), (3, 1), (3, 2), (3, 7), (4, 0), (5, 0), (5, 1), (5, 4), (5, 6), (5, 7), (6, 0), (6, 2), (6, 4), (6, 7), (7, 0), (7, 4)], [(0, 3), (0, 4), (1, 3), (1, 4), (1, 5), (2, 3), (2, 6), (5, 7), (6, 7), (7, 0)], [(0, 3), (0, 4), (0, 5), (0, 7), (1, 3), (1, 4), (1, 5), (2, 3), (2, 6), (5, 7), (6, 4), (7, 6)], [(0, 2), (0, 3), (4, 0), (0, 5), (0, 6), (0, 7), (1, 2), (3, 1), (4, 1), (5, 1), (6, 1), (1, 7), (3, 2), (6, 2), (3, 6), (3, 7), (4, 5), (4, 6), (4, 7), (6, 5), (5, 7), (6, 7)], [(0, 3), (0, 4), (7, 0), (1, 3), (4, 1), (1, 5), (2, 3), (2, 6), (7, 5), (7, 6)], [(0, 2), (0, 3), (0, 6), (0, 7), (1, 0), (1, 2), (1, 3), (1, 4), (1, 5), (1, 6), (1, 7), (3, 2), (3, 7), (4, 0), (4, 6), (4, 7), (5, 0), (5, 3), (5, 7), (6, 2), (6, 3), (6, 7)]], [[(0, 2), (0, 3), (0, 5), (0, 6), (0, 7), (1, 2), (1, 6), (1, 7), (2, 7), (3, 1), (3, 2), (3, 4), (3, 6), (3, 7), (4, 1), (4, 2), (4, 5), (4, 6), (4, 7), (5, 1), (5, 2), (5, 6), (5, 7)], [(0, 2), (1, 2), (1, 3), (1, 7), (3, 0), (4, 2), (4, 3), (4, 7), (5, 4), (5, 7), (6, 0), (6, 3)], [(0, 2), (0, 3), (0, 6), (1, 2), (1, 7), (3, 1), (3, 4), (3, 6), (4, 2), (4, 5), (4, 7), (5, 7), (7, 2)], [(0, 2), (3, 0), (0, 5), (0, 6), (0, 7), (1, 2), (3, 1), (4, 1), (5, 1), (1, 6), (1, 7), (3, 2), (4, 2), (5, 2), (7, 2), (4, 3), (3, 6), (3, 7), (4, 5), (4, 6), (4, 7), (5, 6), (5, 7)], [(2, 0), (0, 3), (0, 6), (2, 1), (1, 3), (1, 7), (4, 2), (4, 3), (6, 3), (5, 4), (4, 7), (5, 7)], [(1, 2), (1, 3), (1, 6), (1, 7), (2, 0), (2, 4), (3, 0), (4, 3), (5, 4), (5, 7), (6, 0), (6, 2), (6, 3), (6, 5), (7, 0), (7, 2), (7, 4)]], [[(1, 0), (1, 3), (1, 6), (1, 7), (2, 0), (2, 1), (2, 3), (2, 5), (2, 6), (2, 7), (3, 0), (3, 6), (3, 7), (4, 0), (4, 5), (4, 7), (5, 0), (5, 1), (5, 3), (5, 6), (5, 7), (6, 0), (7, 0), (7, 6)], [(0, 1), (0, 4), (1, 2), (1, 3), (1, 7), (2, 3), (2, 6), (3, 5), (4, 5), (4, 7), (5, 7), (6, 7)], [(0, 1), (0, 4), (0, 6), (1, 2), (1, 3), (1, 7), (2, 3), (2, 6), (4, 5), (4, 7), (5, 3), (5, 7), (7, 6)], [(1, 0), (0, 2), (0, 3), (4, 0), (5, 0), (0, 6), (0, 7), (1, 2), (1, 3), (1, 5), (1, 6), (1, 7), (3, 2), (4, 2), (5, 2), (6, 2), (5, 3), (3, 7), (4, 5), (4, 6), (4, 7), (5, 7), (7, 6)], [(1, 0), (4, 0), (2, 1), (3, 1), (1, 7), (3, 2), (6, 2), (5, 3), (5, 4), (4, 7), (5, 7), (6, 7)], [(0, 1), (0, 2), (0, 3), (0, 4), (0, 5), (0, 6), (0, 7), (2, 1), (2, 3), (2, 5), (2, 6), (2, 7), (3, 1), (3, 5), (3, 6), (3, 7), (4, 7), (6, 4), (6, 7), (7, 1), (7, 5)]], [[(0, 2), (0, 3), (0, 4), (0, 7), (1, 2), (1, 7), (3, 6), (5, 3), (5, 4), (6, 2), (6, 4), (7, 6)], [(0, 3), (0, 4), (0, 7), (1, 2), (1, 7), (2, 6), (3, 6), (4, 6), (5, 3), (5, 4)], [(0, 3), (0, 4), (0, 7), (1, 2), (1, 7), (3, 5), (4, 5), (6, 2), (6, 3), (6, 4), (6, 7)], [(0, 2), (0, 3), (0, 4), (0, 7), (1, 2), (1, 7), (6, 2), (4, 3), (5, 3), (3, 6), (3, 7), (5, 4), (4, 6), (6, 7)], [(3, 0), (4, 0), (0, 7), (1, 2), (1, 7), (6, 2), (5, 3), (3, 6), (5, 4), (4, 6)], [(0, 1), (0, 3), (0, 4), (2, 1), (3, 6), (5, 3), (5, 4), (6, 1), (6, 2), (6, 4), (7, 0), (7, 1), (7, 2), (7, 6)]], [[(1, 0), (1, 7), (2, 0), (2, 1), (2, 3), (2, 7), (3, 0), (3, 1), (3, 7), (4, 1), (4, 3), (4, 5), (4, 7), (5, 0), (5, 2), (5, 3), (6, 0), (6, 1), (6, 2), (6, 7), (7, 0)], [(1, 0), (2, 0), (2, 7), (3, 1), (3, 4), (3, 7), (4, 1), (5, 0), (5, 2)], [(0, 1), (0, 2), (0, 5), (0, 6), (1, 3), (1, 4), (2, 7), (3, 4), (3, 7), (5, 2)], [(1, 0), (2, 0), (0, 3), (0, 5), (0, 6), (0, 7), (2, 1), (1, 3), (4, 1), (1, 5), (1, 6), (4, 2), (2, 7), (4, 3), (3, 5), (3, 6), (7, 3), (4, 5), (4, 6), (4, 7), (5, 6), (7, 6)], [(1, 0), (2, 0), (5, 0), (3, 1), (4, 1), (2, 5), (2, 7), (3, 4), (3, 7)], [(0, 1), (0, 2), (0, 3), (1, 2), (1, 3), (4, 0), (4, 1), (4, 2), (5, 0), (5, 1), (5, 3), (5, 4), (6, 0), (6, 1), (6, 3), (7, 1), (7, 2), (7, 3), (7, 4)]], [[(0, 1), (0, 4), (0, 5), (0, 6), (2, 1), (2, 5), (2, 6), (2, 7), (3, 1), (3, 4), (3, 5), (3, 6), (3, 7), (4, 1), (4, 6), (5, 1), (5, 4), (5, 6), (6, 1), (7, 4), (7, 5), (7, 6)], [(0, 4), (0, 6), (2, 6), (2, 7), (3, 4), (4, 1), (4, 7), (5, 0), (5, 1), (5, 4), (5, 6), (6, 7)], [(0, 4), (0, 5), (0, 6), (2, 6), (2, 7), (3, 4), (3, 7), (4, 1), (5, 1), (5, 4), (6, 5), (7, 4), (7, 6)], [(1, 0), (2, 0), (0, 4), (5, 0), (0, 6), (0, 7), (1, 2), (3, 1), (1, 4), (5, 1), (1, 6), (2, 6), (2, 7), (3, 4), (3, 6), (5, 4), (4, 6), (4, 7), (5, 6), (5, 7), (7, 6)], [(0, 4), (0, 5), (0, 6), (4, 1), (5, 1), (2, 6), (2, 7), (3, 4), (5, 4), (4, 7), (6, 5), (6, 7)], [(0, 1), (0, 4), (0, 5), (0, 6), (0, 7), (1, 4), (1, 5), (2, 1), (2, 6), (2, 7), (3, 1), (3, 4), (3, 5), (4, 5), (4, 7), (6, 5), (6, 7)]], [[(0, 1), (0, 3), (2, 0), (2, 1), (2, 6), (2, 7), (3, 1), (4, 1), (4, 2), (4, 3), (4, 6), (4, 7), (5, 1), (5, 2), (5, 3), (5, 6), (5, 7), (6, 0), (6, 1), (6, 3), (6, 7), (7, 0), (7, 1)], [(0, 2), (1, 0), (1, 6), (2, 7), (3, 1), (3, 5), (4, 0), (4, 6), (4, 7), (5, 7), (6, 0)], [(0, 1), (0, 4), (0, 6), (1, 6), (2, 0), (3, 1), (3, 5), (5, 7), (6, 4), (7, 2), (7, 4)], [(1, 0), (2, 0), (3, 0), (4, 0), (6, 0), (0, 7), (1, 3), (1, 5), (1, 6), (1, 7), (2, 3), (2, 4), (2, 5), (2, 6), (2, 7), (3, 5), (6, 3), (4, 5), (6, 4), (4, 7), (6, 5), (7, 5), (6, 7)], [(0, 1), (2, 0), (0, 4), (0, 6), (3, 1), (1, 6), (7, 2), (5, 3), (6, 4), (7, 4), (7, 5)], [(0, 1), (0, 2), (0, 3), (0, 4), (0, 6), (1, 4), (1, 6), (2, 4), (3, 1), (3, 2), (3, 5), (5, 4), (5, 7), (6, 2), (6, 4), (7, 2), (7, 4)]], [[(0, 2), (0, 5), (0, 6), (0, 7), (1, 0), (1, 2), (1, 3), (1, 5), (1, 6), (1, 7), (2, 3), (2, 5), (3, 7), (4, 0), (4, 2), (4, 7), (5, 7), (6, 2), (6, 3), (6, 5), (6, 7)], [(0, 5), (1, 2), (1, 6), (2, 0), (2, 6), (3, 2), (3, 4), (5, 4), (6, 7), (7, 4), (7, 5)], [(0, 2), (0, 4), (0, 5), (2, 1), (2, 3), (2, 6), (3, 4), (4, 5), (4, 7), (6, 1), (6, 7), (7, 5)], [(0, 2), (0, 3), (0, 4), (0, 5), (7, 0), (2, 1), (1, 3), (4, 1), (6, 1), (7, 1), (2, 3), (2, 4), (2, 5), (2, 6), (4, 3), (3, 5), (6, 3), (7, 3), (4, 5), (4, 6), (7, 4), (7, 5), (7, 6)], [(2, 0), (0, 5), (1, 2), (1, 6), (3, 2), (2, 6), (3, 4), (5, 4), (7, 4), (7, 5), (6, 7)], [(0, 1), (0, 2), (0, 4), (0, 5), (0, 7), (1, 2), (1, 3), (1, 4), (1, 6), (2, 3), (2, 4), (2, 6), (2, 7), (3, 6), (3, 7), (4, 6), (4, 7), (5, 4), (5, 7), (7, 6)]], [[(0, 3), (0, 4), (0, 7), (1, 0), (1, 3), (1, 4), (2, 0), (2, 3), (2, 4), (2, 6), (2, 7), (3, 6), (4, 6), (5, 0), (5, 3), (5, 4), (5, 7), (7, 3), (7, 4), (7, 6)], [(0, 1), (0, 2), (0, 3), (0, 7), (1, 3), (1, 4), (2, 4), (4, 7), (5, 3), (5, 4), (6, 4), (6, 5), (6, 7)], [(0, 1), (0, 2), (0, 3), (0, 5), (0, 7), (2, 4), (3, 1), (4, 1), (4, 6), (5, 3), (5, 4), (7, 2), (7, 4), (7, 6)], [(1, 0), (0, 2), (3, 0), (0, 5), (0, 7), (1, 3), (1, 4), (1, 5), (3, 2), (4, 2), (5, 2), (6, 2), (7, 2), (4, 3), (3, 5), (3, 7), (4, 5), (6, 4), (4, 7), (6, 5), (5, 7), (6, 7)], [(1, 0), (2, 0), (3, 0), (7, 0), (3, 1), (4, 1), (2, 4), (5, 3), (5, 4), (6, 4), (7, 4), (6, 5), (7, 6)], [(1, 0), (1, 3), (1, 4), (1, 5), (1, 7), (2, 0), (2, 4), (3, 0), (3, 4), (3, 5), (3, 7), (4, 0), (4, 7), (5, 0), (5, 4), (5, 7), (6, 3), (6, 4), (6, 5), (6, 7), (7, 0)]], [[(0, 1), (0, 3), (0, 7), (1, 2), (1, 3), (1, 6), (1, 7), (2, 4), (3, 4), (5, 1), (5, 2), (5, 3), (5, 4), (5, 6), (6, 4), (7, 2), (7, 3), (7, 4), (7, 6)], [(1, 2), (3, 0), (3, 1), (4, 2), (4, 5), (5, 1), (6, 1), (7, 5)], [(1, 2), (1, 3), (1, 6), (1, 7), (2, 4), (2, 6), (3, 5), (3, 7), (4, 5), (7, 5)], [(1, 0), (0, 4), (0, 5), (0, 7), (1, 2), (1, 3), (1, 4), (1, 5), (6, 1), (1, 7), (3, 2), (4, 2), (6, 2), (7, 2), (4, 3), (3, 5), (7, 3), (4, 5), (6, 4), (7, 4), (6, 5), (7, 5), (6, 7)], [(3, 0), (2, 1), (1, 3), (1, 5), (1, 6), (4, 2), (4, 5), (5, 7)], [(0, 1), (0, 3), (0, 6), (1, 2), (2, 4), (3, 1), (3, 4), (5, 1), (5, 2), (5, 3), (5, 4), (5, 6), (6, 1), (6, 3), (6, 4), (7, 1), (7, 2), (7, 4), (7, 5), (7, 6)]], [[(0, 2), (0, 4), (0, 7), (1, 0), (1, 4), (1, 6), (1, 7), (3, 0), (3, 4), (3, 7), (5, 4), (5, 7), (6, 0), (6, 2), (6, 3), (6, 7), (7, 4)], [(0, 1), (0, 3), (0, 7), (1, 4), (2, 0), (2, 6), (3, 4), (3, 6), (5, 7), (6, 7)], [(0, 1), (0, 2), (0, 3), (0, 7), (3, 4), (4, 1), (5, 7), (6, 2), (6, 3), (6, 7)], [(1, 0), (2, 0), (3, 0), (0, 4), (0, 7), (2, 1), (1, 3), (1, 4), (2, 3), (6, 2), (3, 4), (6, 3), (3, 7), (6, 4), (4, 7), (5, 7), (6, 7)], [(1, 0), (0, 2), (3, 0), (0, 7), (1, 4), (6, 2), (3, 4), (3, 6), (5, 7), (7, 6)], [(0, 2), (0, 6), (0, 7), (1, 0), (1, 6), (3, 1), (3, 4), (3, 6), (3, 7), (4, 0), (4, 1), (4, 6), (4, 7), (5, 7), (6, 2), (6, 7)]], [[(0, 2), (1, 0), (1, 4), (1, 5), (4, 0), (5, 0), (5, 2), (6, 3), (7, 0), (7, 2), (7, 3), (7, 4), (7, 5)], [(0, 2), (0, 5), (1, 4), (1, 5), (4, 0), (4, 2), (4, 7), (5, 7), (6, 3), (7, 3)], [(0, 2), (0, 4), (0, 5), (1, 5), (2, 4), (4, 1), (4, 7), (5, 7), (6, 3), (7, 3)], [(0, 2), (4, 0), (0, 5), (1, 4), (1, 5), (5, 2), (7, 2), (6, 3), (7, 3), (4, 5), (7, 4), (7, 5)], [(0, 2), (4, 0), (0, 5), (4, 1), (1, 5), (4, 2), (6, 3), (7, 3), (4, 7), (5, 7)], [(0, 4), (1, 0), (1, 2), (1, 4), (1, 5), (2, 0), (2, 5), (2, 7), (5, 0), (5, 4), (5, 7), (6, 3), (7, 3), (7, 4)]], [[(0, 1), (0, 4), (0, 5), (1, 3), (1, 6), (2, 1), (2, 3), (2, 7), (4, 1), (4, 2), (4, 3), (4, 5), (4, 6), (4, 7), (5, 1), (5, 6), (6, 3), (6, 7), (7, 3)], [(0, 4), (1, 0), (1, 4), (2, 1), (2, 4), (3, 1), (3, 4), (5, 4), (6, 1), (6, 5), (7, 2)], [(1, 0), (1, 2), (1, 6), (2, 7), (3, 1), (3, 4), (3, 7), (4, 0), (4, 1), (4, 2), (4, 5), (5, 6), (7, 6)], [(1, 0), (0, 3), (0, 4), (1, 2), (1, 3), (1, 4), (5, 1), (1, 6), (1, 7), (4, 2), (2, 7), (3, 4), (5, 3), (3, 6), (3, 7), (5, 4), (6, 4), (4, 7), (5, 6), (6, 7)], [(1, 0), (0, 4), (2, 1), (1, 3), (1, 4), (1, 6), (2, 4), (7, 2), (4, 3), (4, 5), (5, 6)], [(0, 4), (1, 0), (1, 2), (1, 3), (1, 4), (1, 7), (2, 7), (3, 7), (4, 2), (4, 3), (4, 7), (5, 4), (6, 1), (6, 3), (6, 4), (6, 5), (6, 7)]], [[(1, 0), (1, 5), (1, 7), (2, 0), (3, 0), (3, 2), (3, 5), (3, 6), (4, 0), (4, 2), (4, 3), (4, 5), (4, 6), (5, 0), (5, 2), (6, 0), (6, 2), (7, 0), (7, 2), (7, 3), (7, 5), (7, 6)], [(0, 3), (0, 4), (0, 5), (1, 0), (1, 7), (2, 5), (2, 7), (3, 6), (3, 7), (4, 5), (4, 6), (5, 3)], [(0, 4), (0, 5), (1, 0), (3, 4), (3, 5), (3, 6), (3, 7), (4, 5), (4, 6), (5, 2), (7, 1), (7, 6)], [(1, 0), (3, 0), (4, 0), (5, 0), (0, 6), (0, 7), (1, 3), (1, 5), (1, 6), (1, 7), (3, 2), (2, 5), (2, 6), (2, 7), (4, 3), (3, 5), (3, 6), (3, 7), (4, 5), (4, 6), (4, 7), (7, 6)], [(1, 0), (0, 3), (0, 4), (0, 5), (7, 1), (5, 2), (7, 2), (3, 5), (3, 6), (7, 3), (5, 4), (6, 4)], [(0, 1), (0, 2), (0, 4), (0, 5), (0, 6), (0, 7), (1, 2), (1, 4), (1, 6), (1, 7), (2, 5), (2, 7), (3, 5), (4, 3), (4, 5), (6, 3), (6, 7), (7, 3)]], [[(0, 7), (1, 0), (1, 2), (1, 3), (1, 5), (1, 6), (2, 3), (2, 4), (2, 6), (2, 7), (3, 0), (3, 5), (3, 6), (3, 7), (4, 0), (4, 5), (4, 6), (4, 7), (5, 0), (5, 7), (6, 5)], [(0, 1), (0, 4), (0, 5), (0, 6), (1, 3), (2, 3), (2, 4), (2, 6), (3, 6), (3, 7), (4, 5), (4, 7), (5, 6), (5, 7)], [(1, 0), (1, 2), (1, 3), (2, 3), (2, 4), (2, 6), (3, 6), (3, 7), (4, 0), (5, 0), (5, 4), (5, 7), (6, 5), (7, 4)], [(0, 1), (0, 3), (0, 4), (0, 5), (2, 1), (3, 1), (1, 4), (1, 5), (1, 6), (2, 3), (2, 4), (2, 6), (3, 5), (3, 6), (3, 7), (5, 4), (7, 4), (5, 6), (5, 7)], [(1, 0), (4, 0), (0, 5), (0, 6), (1, 3), (2, 3), (4, 2), (2, 6), (3, 6), (3, 7), (4, 5), (4, 7), (6, 5), (5, 7)], [(1, 0), (2, 1), (2, 3), (2, 4), (2, 5), (2, 6), (3, 0), (3, 1), (4, 0), (5, 0), (5, 1), (5, 3), (5, 4), (5, 6), (5, 7), (6, 1), (6, 3), (6, 7), (7, 3), (7, 4)]], [[(0, 2), (0, 6), (1, 0), (1, 2), (1, 3), (1, 4), (1, 5), (1, 6), (1, 7), (2, 6), (3, 0), (3, 4), (3, 6), (4, 0), (4, 2), (4, 6), (5, 0), (5, 2), (5, 3), (5, 6), (7, 2), (7, 3), (7, 4), (7, 6)], [(0, 2), (0, 4), (0, 6), (1, 5), (2, 3), (2, 5), (3, 6), (3, 7), (4, 7), (5, 6), (7, 1)], [(0, 2), (0, 4), (0, 6), (1, 5), (2, 3), (2, 5), (3, 7), (4, 7), (5, 6), (7, 1)], [(0, 1), (2, 0), (0, 4), (0, 5), (0, 6), (3, 1), (1, 4), (1, 5), (1, 6), (1, 7), (3, 2), (2, 4), (2, 5), (2, 6), (3, 4), (3, 5), (3, 7), (5, 4), (6, 4), (4, 7), (5, 6), (5, 7), (6, 7)], [(2, 0), (4, 0), (0, 6), (1, 5), (7, 1), (3, 2), (2, 5), (3, 6), (3, 7), (4, 7), (5, 6)], [(1, 0), (1, 4), (1, 6), (1, 7), (2, 0), (2, 1), (2, 3), (2, 4), (3, 0), (4, 0), (5, 0), (5, 1), (5, 2), (5, 3), (5, 6), (6, 0), (6, 3), (6, 4), (7, 3), (7, 4), (7, 6)]], [[(0, 5), (0, 6), (1, 4), (1, 5), (1, 6), (1, 7), (2, 1), (2, 4), (2, 6), (2, 7), (3, 0), (3, 1), (3, 4), (3, 5), (3, 6), (4, 0), (4, 5), (6, 5), (7, 0), (7, 4), (7, 5), (7, 6)], [(0, 5), (1, 4), (1, 5), (2, 6), (2, 7), (3, 1), (3, 5), (3, 6), (4, 7), (5, 7)], [(0, 4), (0, 5), (1, 3), (2, 1), (2, 4), (4, 1), (5, 1), (5, 3), (5, 4), (5, 7), (6, 3), (7, 2), (7, 4), (7, 6)], [(0, 1), (0, 4), (0, 5), (0, 6), (1, 2), (3, 1), (4, 1), (5, 1), (6, 1), (7, 1), (3, 2), (4, 2), (6, 2), (7, 2), (3, 5), (3, 6), (3, 7), (5, 4), (4, 7), (6, 5), (5, 7), (6, 7)], [(0, 5), (3, 1), (4, 1), (5, 1), (2, 6), (7, 2), (3, 5), (3, 6), (7, 4), (5, 7)], [(0, 1), (0, 2), (0, 4), (0, 5), (1, 4), (1, 5), (2, 5), (2, 6), (2, 7), (3, 1), (3, 4), (3, 6), (3, 7), (4, 7), (5, 7), (6, 4), (6, 5), (6, 7)]], [[(0, 3), (0, 4), (0, 5), (0, 6), (0, 7), (1, 2), (1, 6), (2, 4), (2, 6), (3, 1), (4, 5), (4, 7), (6, 4), (6, 5), (6, 7)], [(0, 4), (0, 5), (1, 2), (1, 6), (2, 4), (3, 0), (3, 1), (4, 5), (4, 7), (5, 6), (6, 7)], [(0, 3), (0, 4), (0, 5), (0, 7), (1, 2), (1, 6), (2, 4), (2, 6), (3, 1), (4, 5), (4, 7), (6, 5), (6, 7)], [(1, 0), (0, 2), (0, 3), (4, 0), (5, 0), (0, 7), (1, 2), (1, 3), (1, 6), (4, 2), (6, 2), (5, 4), (4, 6), (4, 7), (5, 6), (6, 7)], [(3, 0), (0, 4), (0, 5), (2, 1), (1, 3), (6, 1), (2, 4), (4, 5), (4, 7), (6, 5), (6, 7)], [(0, 1), (0, 2), (0, 3), (0, 4), (0, 5), (0, 7), (1, 3), (2, 1), (4, 2), (4, 5), (4, 7), (6, 1), (6, 2), (6, 5), (6, 7)]], [[(0, 1), (0, 2), (0, 6), (1, 2), (1, 6), (3, 1), (3, 2), (3, 4), (3, 7), (4, 0), (4, 1), (4, 6), (5, 1), (5, 2), (5, 6), (5, 7), (7, 0), (7, 4), (7, 6)], [(0, 7), (1, 0), (2, 5), (3, 2), (3, 4), (4, 6), (4, 7), (5, 6), (5, 7)], [(1, 0), (2, 0), (2, 3), (2, 5), (3, 4), (4, 1), (4, 6), (4, 7), (5, 6), (5, 7), (7, 0), (7, 6)], [(0, 1), (0, 2), (0, 5), (0, 6), (0, 7), (1, 2), (4, 1), (1, 5), (1, 6), (3, 2), (5, 2), (4, 3), (3, 5), (3, 7), (4, 5), (4, 6), (4, 7), (5, 6), (5, 7), (7, 6)], [(1, 0), (7, 0), (3, 2), (5, 2), (4, 3), (4, 6), (4, 7), (5, 6), (5, 7)], [(0, 1), (0, 2), (0, 3), (1, 2), (1, 3), (1, 4), (2, 3), (2, 5), (3, 4), (5, 3), (5, 4), (6, 3), (6, 4), (6, 5), (7, 0), (7, 1), (7, 2), (7, 3), (7, 4), (7, 5), (7, 6)]], [[(0, 1), (0, 2), (0, 3), (0, 4), (0, 6), (2, 1), (3, 1), (3, 2), (3, 4), (4, 7), (5, 1), (5, 2), (5, 3), (5, 4), (5, 7), (6, 1), (6, 2), (6, 3), (7, 2)], [(0, 3), (1, 2), (1, 6), (2, 3), (2, 5), (2, 7), (4, 3), (4, 5), (4, 7), (6, 3), (7, 5)], [(0, 6), (2, 1), (2, 7), (3, 0), (3, 2), (3, 4), (3, 6), (4, 0), (5, 1), (5, 2), (5, 4), (5, 7), (6, 1), (7, 4)], [(0, 2), (0, 3), (0, 4), (6, 0), (0, 7), (2, 1), (1, 3), (5, 1), (6, 1), (2, 3), (5, 2), (6, 2), (2, 7), (3, 4), (5, 3), (6, 3), (5, 4), (7, 4), (5, 7)], [(0, 3), (2, 1), (6, 1), (3, 2), (5, 2), (7, 2), (3, 4), (6, 3), (4, 5), (4, 7), (7, 5)], [(0, 6), (1, 6), (2, 1), (2, 6), (3, 0), (3, 2), (3, 6), (4, 0), (4, 3), (4, 7), (5, 1), (5, 2), (5, 4), (5, 6), (5, 7), (7, 2)]], [[(0, 4), (0, 7), (1, 0), (1, 2), (1, 3), (1, 4), (1, 6), (1, 7), (2, 0), (2, 7), (3, 0), (3, 4), (3, 5), (3, 7), (5, 0), (5, 4), (5, 6), (5, 7), (6, 4), (7, 4), (7, 6)], [(1, 2), (1, 7), (2, 0), (2, 7), (3, 1), (3, 4), (4, 7), (5, 3), (5, 4), (6, 1), (6, 4)], [(1, 2), (1, 3), (1, 6), (1, 7), (2, 0), (2, 7), (3, 4), (3, 5), (3, 7), (4, 7), (5, 4), (5, 6), (6, 4)], [(0, 1), (0, 2), (0, 3), (0, 5), (0, 7), (1, 2), (1, 3), (4, 1), (1, 6), (1, 7), (2, 3), (4, 2), (2, 5), (7, 2), (4, 3), (3, 5), (6, 3), (7, 3), (4, 5), (4, 6), (4, 7), (6, 5), (7, 5), (6, 7)], [(2, 0), (1, 2), (3, 1), (6, 1), (1, 7), (2, 7), (4, 3), (3, 5), (4, 5), (6, 4), (4, 7)], [(0, 3), (0, 4), (1, 2), (1, 3), (1, 4), (1, 5), (1, 7), (2, 0), (2, 3), (2, 7), (3, 4), (5, 3), (5, 4), (6, 1), (6, 4), (6, 5), (6, 7), (7, 3), (7, 4)]], [[(0, 1), (0, 2), (0, 4), (0, 5), (0, 6), (2, 1), (2, 4), (2, 5), (3, 1), (3, 2), (3, 4), (3, 5), (4, 5), (5, 1), (6, 7), (7, 1), (7, 2), (7, 4)], [(0, 1), (0, 5), (0, 6), (1, 2), (1, 4), (2, 5), (3, 1), (4, 2), (7, 4), (7, 6)], [(0, 1), (0, 5), (0, 6), (1, 2), (3, 1), (4, 2), (5, 2), (6, 7), (7, 4)], [(1, 0), (0, 2), (0, 3), (0, 4), (5, 0), (0, 6), (1, 2), (1, 3), (1, 4), (2, 3), (4, 2), (5, 2), (4, 3), (7, 3), (5, 4), (7, 4), (6, 7)], [(0, 1), (0, 5), (0, 6), (2, 1), (1, 3), (1, 4), (2, 4), (2, 5), (4, 7), (7, 6)], [(0, 1), (0, 4), (0, 5), (1, 2), (2, 4), (3, 1), (3, 4), (3, 5), (5, 2), (5, 4), (6, 0), (6, 7), (7, 2), (7, 4)]], [[(0, 2), (0, 4), (1, 0), (1, 2), (1, 3), (1, 6), (1, 7), (2, 3), (2, 4), (4, 3), (5, 0), (5, 2), (5, 3), (5, 4), (6, 2), (6, 3), (6, 4), (6, 5), (6, 7), (7, 0), (7, 2), (7, 4), (7, 5)], [(0, 2), (1, 0), (1, 7), (2, 4), (4, 5), (5, 7), (6, 2)], [(0, 1), (0, 2), (0, 6), (1, 3), (1, 7), (2, 3), (2, 4), (4, 3), (5, 4), (6, 2), (7, 5)], [(1, 0), (0, 2), (3, 0), (0, 5), (0, 6), (3, 1), (4, 1), (1, 5), (1, 6), (1, 7), (3, 2), (4, 2), (2, 5), (2, 6), (2, 7), (4, 3), (3, 5), (3, 7), (4, 5), (6, 5), (7, 5)], [(1, 0), (0, 2), (7, 1), (2, 4), (6, 2), (5, 4), (7, 5)], [(0, 1), (0, 2), (3, 1), (3, 2), (3, 4), (3, 6), (3, 7), (4, 0), (4, 2), (4, 5), (4, 7), (5, 0), (5, 1), (5, 2), (6, 0), (6, 2), (6, 5), (7, 0), (7, 1), (7, 5)]], [[(0, 1), (0, 4), (0, 5), (0, 7), (1, 2), (1, 3), (1, 4), (3, 2), (3, 4), (3, 5), (4, 2), (5, 2), (5, 4), (6, 1), (6, 3), (6, 4), (7, 1), (7, 3), (7, 5)], [(0, 1), (0, 4), (0, 5), (1, 2), (2, 4), (2, 5), (3, 4), (3, 5), (6, 3), (6, 4), (7, 1)], [(0, 1), (0, 3), (0, 4), (0, 5), (1, 2), (1, 4), (1, 6), (1, 7), (2, 4), (2, 5), (2, 7), (3, 4), (3, 5), (3, 6), (4, 6)], [(0, 3), (4, 0), (5, 0), (6, 0), (7, 0), (1, 3), (1, 4), (1, 5), (7, 1), (2, 3), (4, 2), (2, 5), (6, 2), (7, 2), (4, 3), (5, 3), (6, 3), (7, 3), (4, 5), (6, 4), (7, 5)], [(1, 0), (0, 4), (0, 5), (1, 2), (7, 1), (2, 4), (2, 5), (3, 4), (3, 5), (6, 3), (6, 4)], [(1, 4), (2, 1), (2, 4), (3, 0), (3, 1), (3, 4), (3, 5), (4, 0), (5, 0), (5, 1), (5, 2), (6, 0), (6, 1), (6, 3), (6, 4), (7, 1), (7, 2), (7, 5)]], [[(0, 1), (0, 2), (0, 4), (0, 5), (0, 6), (1, 3), (1, 4), (1, 5), (1, 6), (1, 7), (3, 2), (3, 4), (3, 5), (3, 6), (3, 7), (4, 2), (5, 2), (5, 4), (5, 6), (5, 7), (6, 2), (6, 4), (7, 4)], [(0, 2), (0, 4), (1, 5), (2, 6), (3, 5), (3, 6), (4, 1), (6, 5), (7, 5)], [(0, 2), (0, 4), (1, 6), (3, 2), (4, 1), (4, 2), (5, 1), (5, 2), (5, 3), (5, 6), (5, 7), (6, 2), (6, 3)], [(0, 2), (0, 4), (0, 5), (0, 6), (0, 7), (4, 1), (5, 1), (6, 1), (5, 2), (2, 6), (3, 4), (3, 5), (3, 6), (3, 7), (4, 5), (4, 6), (5, 6), (7, 5), (7, 6)], [(0, 2), (4, 0), (4, 1), (5, 1), (6, 2), (5, 3), (6, 3), (5, 6), (7, 5)], [(0, 4), (1, 0), (1, 4), (1, 5), (2, 0), (2, 4), (3, 0), (3, 1), (3, 2), (3, 4), (3, 5), (3, 6), (3, 7), (5, 2), (5, 4), (6, 0), (6, 2), (6, 4), (6, 5), (7, 1), (7, 4), (7, 5), (7, 6)]], [[(0, 3), (0, 7), (1, 0), (1, 3), (1, 5), (1, 7), (2, 0), (2, 3), (2, 6), (2, 7), (4, 0), (4, 2), (4, 3), (4, 5), (4, 6), (5, 0), (5, 2), (5, 3), (5, 7), (6, 0), (6, 3), (6, 7), (7, 3)], [(0, 1), (2, 4), (2, 5), (3, 0), (5, 1), (6, 2), (6, 4), (7, 0), (7, 3)], [(0, 1), (0, 3), (1, 3), (2, 4), (2, 5), (2, 6), (4, 5), (5, 0), (5, 1), (6, 4), (7, 0), (7, 3)], [(0, 1), (0, 2), (3, 0), (4, 0), (5, 0), (6, 0), (0, 7), (2, 1), (3, 1), (4, 1), (5, 1), (6, 1), (4, 2), (5, 2), (6, 2), (7, 2), (3, 5), (3, 7), (4, 5), (4, 6), (5, 6), (5, 7), (6, 7)], [(0, 1), (0, 3), (7, 0), (1, 5), (2, 4), (5, 2), (2, 6), (7, 3), (6, 4)], [(1, 0), (1, 3), (1, 5), (1, 7), (2, 0), (2, 6), (3, 0), (3, 7), (4, 0), (4, 2), (4, 5), (4, 6), (4, 7), (5, 0), (5, 2), (6, 0), (7, 0)]], [[(0, 1), (0, 4), (0, 5), (0, 6), (2, 0), (2, 1), (2, 3), (2, 4), (2, 6), (3, 0), (3, 1), (3, 5), (3, 6), (4, 1), (5, 1), (5, 4), (5, 6), (6, 1), (6, 4), (7, 1), (7, 3), (7, 4), (7, 5)], [(0, 3), (0, 4), (1, 3), (2, 0), (4, 1), (5, 0), (5, 3), (6, 4), (7, 3)], [(0, 2), (0, 3), (0, 4), (0, 5), (1, 3), (3, 5), (3, 7), (4, 1), (4, 2), (6, 4)], [(2, 0), (3, 0), (0, 4), (0, 5), (0, 6), (3, 1), (1, 4), (5, 1), (1, 6), (2, 3), (2, 4), (2, 6), (3, 4), (3, 5), (3, 6), (7, 3), (5, 4), (6, 4), (7, 4), (5, 6), (7, 5)], [(2, 0), (3, 0), (0, 4), (0, 5), (3, 1), (1, 4), (3, 5), (7, 3), (4, 6)], [(1, 0), (1, 2), (1, 3), (1, 4), (1, 5), (1, 7), (2, 0), (3, 0), (4, 0), (4, 2), (4, 6), (5, 0), (5, 3), (5, 4), (6, 0), (7, 2), (7, 3)]], [[(0, 1), (0, 2), (0, 3), (0, 4), (0, 5), (0, 6), (1, 2), (1, 4), (2, 4), (3, 1), (5, 1), (5, 2), (5, 3), (5, 6), (5, 7), (6, 1), (6, 3), (6, 4), (7, 1), (7, 2), (7, 6)], [(1, 4), (1, 5), (1, 6), (1, 7), (2, 5), (2, 7), (6, 3), (6, 5)], [(0, 3), (1, 4), (1, 7), (2, 5), (2, 7), (4, 0), (5, 1), (5, 3), (5, 6), (6, 1), (6, 3), (6, 7)], [(0, 1), (0, 2), (0, 3), (4, 0), (0, 5), (0, 7), (1, 3), (4, 1), (5, 1), (6, 1), (1, 7), (2, 5), (2, 6), (2, 7), (5, 3), (6, 3), (7, 3), (4, 5), (4, 6), (5, 6), (5, 7), (6, 7)], [(1, 4), (1, 5), (1, 6), (1, 7), (2, 5), (2, 7), (6, 3), (5, 6)], [(0, 6), (1, 0), (1, 4), (1, 5), (1, 6), (1, 7), (2, 4), (2, 5), (2, 7), (3, 0), (3, 1), (3, 2), (3, 5), (3, 6), (3, 7), (4, 0), (5, 0), (5, 4), (5, 6), (7, 6)]], [[(0, 1), (0, 2), (0, 3), (0, 4), (0, 5), (0, 7), (1, 6), (1, 7), (2, 1), (2, 6), (3, 1), (3, 2), (3, 7), (4, 1), (4, 2), (4, 3), (4, 7), (5, 1), (5, 3), (5, 6), (5, 7), (7, 6)], [(0, 4), (1, 5), (1, 7), (2, 3), (2, 4), (3, 5), (4, 7), (6, 2), (6, 4)], [(1, 2), (1, 5), (1, 7), (2, 0), (2, 4), (2, 6), (3, 0), (3, 2), (3, 4), (3, 5), (4, 0), (4, 6), (4, 7)], [(0, 1), (2, 0), (0, 3), (4, 0), (2, 1), (1, 5), (1, 6), (1, 7), (2, 3), (4, 2), (2, 5), (2, 6), (4, 3), (5, 3), (7, 3), (4, 5), (4, 7), (5, 6), (7, 6)], [(4, 0), (1, 5), (1, 7), (3, 2), (2, 4), (6, 2), (3, 5), (6, 4), (4, 7)], [(0, 4), (2, 0), (2, 1), (2, 4), (3, 0), (3, 2), (3, 4), (3, 5), (5, 1), (5, 4), (6, 1), (6, 2), (6, 5), (7, 1), (7, 4), (7, 5)]], [[(0, 1), (0, 2), (0, 3), (0, 6), (0, 7), (1, 2), (2, 7), (4, 1), (4, 2), (4, 3), (4, 5), (4, 7), (5, 1), (5, 2), (5, 6), (5, 7), (6, 2), (6, 3), (6, 7)], [(0, 1), (0, 3), (0, 7), (1, 2), (1, 4), (2, 7), (3, 4), (4, 7), (5, 1), (6, 0), (6, 3)], [(0, 1), (0, 3), (0, 6), (0, 7), (1, 2), (2, 7), (4, 1), (4, 3), (4, 5), (4, 7), (5, 1), (6, 3), (6, 7)], [(0, 1), (0, 2), (0, 3), (0, 6), (0, 7), (1, 2), (4, 1), (5, 1), (1, 7), (6, 2), (7, 2), (4, 3), (6, 3), (5, 4), (4, 7), (5, 6), (5, 7), (6, 7)], [(0, 1), (0, 3), (6, 0), (7, 0), (1, 2), (4, 1), (5, 1), (7, 2), (4, 3), (6, 3), (7, 4)], [(0, 1), (0, 2), (0, 3), (0, 7), (2, 1), (2, 5), (2, 7), (4, 1), (4, 3), (4, 5), (4, 7), (5, 1), (6, 0), (6, 3), (6, 7), (7, 5)]], [[(1, 0), (1, 2), (1, 4), (3, 2), (3, 4), (3, 5), (3, 6), (4, 2), (5, 1), (5, 2), (5, 4), (6, 1), (6, 4), (7, 2), (7, 4), (7, 5), (7, 6)], [(1, 0), (1, 2), (1, 4), (2, 5), (3, 2), (3, 4), (5, 7), (6, 4), (7, 6)], [(0, 1), (1, 2), (1, 4), (2, 3), (2, 5), (3, 4), (5, 3), (6, 4), (6, 7), (7, 5)], [(1, 0), (1, 2), (1, 3), (4, 1), (5, 1), (6, 1), (3, 2), (4, 2), (5, 2), (7, 2), (4, 3), (5, 3), (6, 3), (7, 3), (4, 6), (5, 6), (5, 7), (6, 7)], [(1, 0), (1, 2), (1, 4), (3, 2), (2, 5), (3, 4), (6, 4), (5, 7), (7, 6)], [(1, 0), (2, 1), (2, 3), (2, 4), (4, 1), (4, 3), (5, 2), (5, 4), (5, 7), (6, 3), (6, 4), (6, 5), (6, 7), (7, 3)]], [[(1, 2), (1, 7), (2, 0), (2, 5), (2, 7), (3, 0), (3, 1), (3, 2), (3, 4), (3, 6), (3, 7), (4, 1), (4, 2), (6, 0), (6, 1), (6, 2), (6, 5), (6, 7), (7, 5)], [(0, 6), (1, 4), (1, 7), (2, 0), (2, 5), (3, 2), (3, 4), (3, 6), (3, 7), (4, 2), (5, 6), (6, 7)], [(0, 6), (1, 7), (2, 0), (2, 3), (2, 4), (2, 5), (3, 6), (3, 7), (4, 1), (4, 3), (5, 6), (5, 7), (6, 7)], [(2, 0), (0, 3), (0, 6), (2, 1), (3, 1), (4, 1), (1, 6), (1, 7), (2, 3), (4, 2), (2, 5), (2, 6), (2, 7), (4, 3), (3, 6), (3, 7), (6, 5), (7, 5), (6, 7)], [(2, 0), (0, 6), (4, 1), (1, 7), (2, 3), (2, 4), (5, 2), (3, 4), (3, 6), (3, 7), (5, 6), (6, 7)], [(0, 2), (1, 4), (2, 1), (2, 4), (2, 5), (3, 2), (3, 4), (6, 0), (6, 1), (6, 3), (6, 5), (6, 7), (7, 1), (7, 3), (7, 5)]], [[(0, 2), (0, 7), (1, 4), (3, 6), (3, 7), (4, 0), (4, 2), (5, 0), (6, 2), (6, 4), (6, 7), (7, 2)], [(0, 2), (0, 5), (2, 6), (2, 7), (3, 6), (3, 7), (4, 1), (4, 2), (7, 6)], [(0, 2), (0, 5), (2, 4), (2, 6), (2, 7), (3, 6), (3, 7), (4, 1), (6, 7)], [(1, 0), (2, 0), (0, 3), (0, 4), (5, 0), (1, 2), (1, 4), (1, 6), (2, 4), (5, 2), (2, 6), (2, 7), (6, 3), (7, 3), (5, 4), (7, 4), (5, 7), (7, 6)], [(2, 0), (5, 0), (4, 1), (4, 2), (2, 6), (7, 2), (6, 3), (7, 3), (7, 6)], [(0, 2), (0, 5), (0, 7), (3, 7), (4, 0), (4, 1), (4, 2), (4, 5), (4, 6), (6, 1), (6, 2), (6, 3), (6, 7), (7, 2)]], [[(0, 2), (0, 3), (0, 5), (0, 6), (2, 1), (2, 3), (2, 4), (3, 1), (4, 5), (4, 6), (5, 1), (5, 3), (5, 6), (6, 3), (7, 2), (7, 3), (7, 4), (7, 5), (7, 6)], [(0, 2), (0, 5), (1, 3), (1, 5), (4, 2), (4, 5), (4, 6), (5, 6), (6, 3), (7, 2), (7, 3)], [(0, 1), (0, 2), (0, 5), (1, 3), (2, 4), (3, 6), (4, 5), (4, 6), (5, 1), (5, 6), (7, 2), (7, 3)], [(0, 1), (0, 2), (0, 5), (3, 1), (1, 5), (3, 2), (2, 4), (2, 5), (2, 6), (7, 2), (3, 5), (3, 6), (7, 3), (5, 4), (6, 4)], [(0, 2), (0, 5), (3, 1), (1, 5), (4, 2), (7, 2), (3, 6), (7, 3), (5, 4), (4, 6), (5, 6)], [(0, 3), (0, 7), (2, 0), (2, 1), (2, 4), (2, 5), (2, 6), (2, 7), (3, 1), (3, 6), (3, 7), (5, 0), (5, 1), (5, 3), (5, 4), (6, 4)]], [[(0, 3), (0, 4), (0, 6), (1, 2), (1, 3), (1, 5), (1, 6), (1, 7), (2, 3), (2, 5), (2, 6), (2, 7), (3, 6), (3, 7), (4, 1), (4, 2), (4, 3), (5, 3), (5, 6), (5, 7)], [(0, 3), (0, 6), (1, 2), (1, 7), (2, 5), (3, 5), (3, 7), (4, 0), (4, 2), (4, 3), (5, 6)], [(0, 3), (0, 6), (1, 2), (1, 5), (1, 7), (2, 4), (2, 5), (2, 7), (3, 7), (4, 0), (4, 3), (5, 3), (5, 6), (5, 7)], [(1, 0), (3, 0), (4, 0), (0, 5), (6, 0), (0, 7), (1, 2), (3, 1), (1, 5), (1, 7), (3, 2), (4, 2), (2, 5), (2, 6), (2, 7), (4, 3), (3, 5), (3, 6), (3, 7), (4, 5), (4, 6), (6, 5), (7, 5), (6, 7)], [(3, 0), (4, 0), (0, 6), (2, 1), (1, 7), (4, 2), (5, 2), (3, 4), (5, 3), (3, 7), (5, 6)], [(1, 0), (2, 0), (2, 1), (2, 5), (2, 7), (3, 0), (3, 1), (3, 5), (3, 7), (4, 1), (4, 2), (4, 3), (4, 5), (4, 7), (5, 0), (5, 6), (5, 7), (6, 0), (7, 1)]], [[(0, 2), (1, 0), (1, 3), (1, 4), (1, 6), (3, 0), (4, 0), (4, 2), (5, 2), (6, 0), (6, 3), (6, 5), (6, 7), (7, 2), (7, 3), (7, 4)], [(0, 6), (1, 2), (1, 4), (2, 0), (2, 7), (3, 7), (5, 2), (5, 6), (6, 7)], [(0, 1), (0, 2), (0, 6), (4, 1), (4, 2), (5, 2), (6, 3), (6, 5), (6, 7), (7, 2), (7, 3)], [(0, 1), (0, 2), (0, 6), (0, 7), (3, 1), (4, 1), (7, 1), (2, 3), (4, 2), (2, 5), (7, 2), (4, 3), (3, 5), (3, 6), (7, 3), (4, 5), (4, 7), (5, 6), (7, 6)], [(2, 0), (6, 0), (2, 1), (1, 4), (2, 5), (7, 2), (7, 3), (5, 6), (7, 6)], [(0, 1), (0, 2), (0, 3), (0, 6), (0, 7), (3, 1), (3, 6), (3, 7), (4, 1), (4, 2), (4, 3), (5, 2), (6, 5), (7, 1), (7, 2), (7, 6)]], [[(0, 4), (0, 6), (1, 2), (1, 4), (1, 6), (2, 4), (3, 2), (3, 5), (3, 6), (5, 0), (5, 1), (5, 2), (5, 4), (5, 6), (6, 4), (7, 0), (7, 1), (7, 2), (7, 4), (7, 5), (7, 6)], [(0, 2), (0, 4), (0, 7), (1, 2), (1, 6), (2, 5), (3, 2), (3, 4), (3, 5), (3, 6), (4, 6), (5, 7), (6, 7)], [(0, 2), (0, 4), (0, 7), (1, 2), (1, 4), (1, 6), (2, 5), (3, 2), (3, 4), (3, 5), (3, 6), (6, 4), (7, 1), (7, 5), (7, 6)], [(0, 3), (4, 0), (0, 5), (0, 7), (1, 2), (1, 3), (4, 1), (1, 6), (1, 7), (3, 2), (4, 2), (5, 2), (6, 2), (7, 2), (4, 3), (3, 5), (3, 6), (7, 3), (4, 5), (4, 6), (5, 6), (7, 5), (7, 6)], [(0, 2), (0, 4), (0, 7), (1, 2), (1, 6), (3, 2), (5, 2), (3, 4), (5, 3), (3, 6), (6, 4), (5, 7), (7, 6)], [(0, 4), (0, 5), (1, 2), (1, 4), (1, 5), (1, 7), (2, 4), (3, 1), (3, 2), (3, 6), (3, 7), (5, 2), (5, 4), (6, 1), (6, 4), (6, 5), (6, 7), (7, 0), (7, 2), (7, 4), (7, 5)]], [[(0, 1), (0, 2), (0, 3), (0, 4), (0, 5), (1, 5), (1, 7), (2, 4), (3, 1), (3, 5), (3, 7), (5, 7), (6, 2), (6, 3), (6, 4), (6, 5), (6, 7), (7, 2), (7, 4)], [(0, 2), (0, 5), (1, 6), (2, 4), (2, 7), (3, 6), (3, 7), (4, 6), (5, 1), (5, 6)], [(0, 2), (0, 3), (1, 5), (2, 4), (5, 0), (6, 3), (6, 4), (6, 5), (7, 2), (7, 3), (7, 6)], [(1, 0), (2, 0), (0, 3), (4, 0), (0, 5), (7, 0), (1, 2), (1, 3), (1, 5), (1, 6), (1, 7), (4, 2), (2, 5), (2, 6), (2, 7), (6, 3), (7, 3), (4, 5), (4, 6), (5, 6), (7, 6)], [(0, 2), (0, 5), (5, 1), (6, 1), (2, 4), (7, 2), (3, 6), (7, 3), (6, 4), (6, 5)], [(0, 1), (0, 2), (0, 4), (0, 5), (0, 6), (1, 5), (3, 0), (3, 1), (3, 6), (4, 2), (6, 2), (6, 4), (6, 5), (7, 0), (7, 2), (7, 3), (7, 4), (7, 5)]], [[(1, 0), (1, 2), (1, 3), (1, 4), (1, 5), (1, 7), (2, 3), (4, 0), (4, 3), (4, 5), (5, 3), (6, 0), (6, 2), (6, 5), (7, 0), (7, 2), (7, 5), (7, 6)], [(0, 1), (0, 7), (1, 4), (1, 5), (1, 7), (3, 4), (3, 5), (5, 7), (6, 0), (6, 2), (6, 5)], [(0, 7), (1, 4), (3, 2), (3, 4), (3, 5), (5, 1), (5, 6), (5, 7), (6, 0), (6, 2), (6, 7), (7, 1)], [(0, 2), (3, 0), (0, 4), (0, 6), (0, 7), (2, 1), (3, 1), (1, 4), (1, 5), (1, 6), (1, 7), (2, 4), (2, 5), (2, 6), (2, 7), (3, 4), (3, 5), (3, 6), (3, 7), (6, 5), (7, 5), (7, 6)], [(0, 1), (6, 0), (7, 0), (1, 4), (5, 1), (7, 1), (6, 2), (3, 4), (5, 3), (5, 6), (7, 5)], [(0, 5), (0, 6), (1, 3), (1, 5), (1, 7), (2, 0), (2, 1), (2, 5), (2, 6), (2, 7), (3, 0), (3, 5), (4, 0), (4, 1), (4, 2), (4, 3), (5, 6), (7, 0), (7, 3), (7, 5), (7, 6)]], [[(0, 1), (0, 2), (0, 4), (0, 6), (1, 3), (1, 6), (2, 1), (2, 3), (2, 4), (2, 5), (2, 6), (2, 7), (3, 7), (4, 1), (4, 3), (4, 5), (4, 7), (5, 1), (5, 3), (5, 6), (5, 7)], [(0, 1), (0, 2), (1, 3), (1, 5), (2, 1), (2, 4), (3, 4), (4, 5), (6, 0), (7, 4), (7, 5)], [(0, 1), (0, 5), (0, 6), (1, 2), (1, 3), (1, 5), (2, 4), (4, 3), (5, 4), (5, 7), (7, 4)], [(1, 0), (0, 2), (0, 5), (0, 6), (1, 2), (3, 1), (1, 5), (1, 6), (3, 2), (2, 4), (5, 2), (2, 6), (3, 4), (3, 5), (5, 4), (7, 4), (5, 6), (5, 7)], [(1, 0), (2, 0), (0, 6), (2, 1), (3, 1), (5, 1), (2, 4), (3, 4), (5, 4), (7, 4), (7, 5)], [(0, 1), (0, 5), (0, 6), (1, 2), (1, 3), (2, 4), (3, 2), (3, 4), (5, 1), (5, 2), (5, 3), (5, 4), (5, 7), (6, 1), (6, 2), (6, 3), (6, 5), (7, 4)]], [[(0, 1), (0, 4), (0, 6), (0, 7), (1, 5), (2, 4), (2, 5), (2, 7), (3, 1), (3, 5), (3, 7), (5, 4), (7, 1), (7, 5)], [(0, 1), (0, 6), (2, 4), (3, 1), (4, 7), (5, 1), (5, 4), (5, 7), (7, 0)], [(0, 1), (0, 6), (0, 7), (1, 5), (2, 4), (3, 1), (5, 4), (5, 7)], [(1, 0), (2, 0), (3, 0), (0, 4), (0, 6), (7, 0), (1, 3), (1, 5), (1, 7), (2, 4), (2, 5), (2, 7), (3, 5), (5, 4), (7, 5)], [(0, 1), (0, 6), (0, 7), (3, 1), (1, 5), (2, 4), (5, 4), (4, 7), (5, 7)], [(0, 1), (0, 2), (0, 5), (0, 6), (0, 7), (2, 7), (3, 1), (3, 7), (4, 0), (4, 2), (4, 5), (5, 1), (5, 7)]], [[(0, 7), (1, 0), (1, 2), (1, 5), (1, 6), (1, 7), (2, 0), (2, 5), (2, 6), (2, 7), (3, 6), (3, 7), (4, 0), (4, 2), (4, 3), (4, 5), (4, 6), (5, 0), (5, 3), (5, 7), (6, 0)], [(0, 1), (0, 4), (0, 6), (1, 5), (2, 1), (2, 5), (3, 4), (3, 5), (3, 6), (6, 4), (7, 1)], [(0, 1), (0, 4), (0, 6), (1, 7), (2, 1), (2, 4), (2, 5), (3, 4), (3, 6), (5, 1), (5, 3), (6, 4)], [(1, 0), (2, 0), (4, 0), (5, 0), (6, 0), (7, 0), (1, 2), (1, 5), (1, 6), (1, 7), (3, 2), (4, 2), (5, 2), (6, 2), (2, 7), (4, 3), (5, 3), (3, 6), (3, 7), (4, 5), (4, 6), (4, 7), (5, 7)], [(0, 1), (0, 4), (0, 6), (2, 1), (5, 1), (1, 7), (5, 2), (3, 4), (5, 3), (3, 6), (6, 4)], [(0, 1), (0, 2), (0, 3), (0, 4), (0, 7), (2, 1), (2, 7), (3, 1), (3, 4), (4, 1), (4, 2), (4, 7), (5, 1), (5, 2), (5, 3), (6, 0), (6, 1), (6, 3), (6, 4), (6, 7), (7, 1)]], [[(0, 3), (0, 4), (0, 5), (0, 7), (1, 3), (1, 4), (1, 6), (1, 7), (2, 1), (2, 3), (2, 4), (2, 5), (2, 6), (3, 6), (4, 6), (5, 1), (5, 3), (5, 4), (5, 6), (5, 7), (7, 3)], [(0, 3), (0, 7), (1, 2), (1, 4), (2, 3), (3, 7), (4, 7), (5, 4), (5, 7), (6, 2), (6, 5)], [(0, 3), (0, 5), (0, 7), (1, 2), (1, 4), (1, 5), (2, 3), (4, 0), (4, 5), (5, 6), (5, 7), (6, 2), (7, 3)], [(0, 2), (3, 0), (0, 4), (0, 7), (1, 2), (4, 1), (1, 5), (6, 1), (1, 7), (3, 2), (4, 2), (6, 2), (3, 4), (3, 5), (3, 7), (4, 5), (6, 4), (6, 5), (5, 7), (6, 7)], [(0, 3), (0, 7), (2, 1), (1, 4), (2, 3), (6, 2), (7, 3), (5, 4), (4, 7), (6, 5), (5, 7)], [(0, 1), (0, 2), (0, 3), (0, 4), (0, 5), (0, 7), (1, 5), (2, 1), (3, 1), (3, 2), (3, 5), (3, 7), (4, 1), (4, 5), (6, 2), (6, 5), (6, 7), (7, 4), (7, 5)]], [[(0, 2), (0, 4), (0, 6), (0, 7), (1, 3), (1, 4), (1, 6), (1, 7), (2, 3), (2, 5), (2, 6), (2, 7), (3, 7), (4, 3), (4, 7), (5, 1), (5, 3), (5, 7), (6, 3), (6, 4), (6, 7)], [(0, 7), (1, 7), (2, 4), (2, 7), (3, 1), (3, 4), (4, 0), (5, 1), (6, 1)], [(0, 7), (1, 3), (1, 5), (1, 6), (1, 7), (2, 7), (3, 4), (3, 5), (4, 0)], [(0, 1), (4, 0), (0, 6), (7, 0), (2, 1), (3, 1), (4, 1), (5, 1), (6, 1), (7, 1), (2, 4), (2, 6), (2, 7), (3, 4), (3, 5), (3, 6), (3, 7), (4, 5), (4, 6), (6, 5), (7, 6)], [(4, 0), (0, 7), (3, 1), (5, 1), (1, 6), (1, 7), (2, 4), (2, 7), (3, 4)], [(0, 6), (1, 2), (1, 3), (1, 4), (1, 6), (2, 3), (2, 6), (4, 0), (4, 3), (4, 6), (5, 1), (5, 3), (7, 0), (7, 1), (7, 2), (7, 3), (7, 4), (7, 6)]], [[(0, 1), (0, 2), (0, 4), (0, 5), (0, 6), (1, 4), (1, 5), (1, 6), (1, 7), (2, 1), (2, 3), (2, 4), (2, 6), (2, 7), (3, 1), (3, 4), (3, 5), (3, 6), (3, 7), (4, 6), (4, 7), (5, 6), (7, 5), (7, 6)], [(0, 2), (0, 4), (1, 2), (1, 4), (3, 1), (3, 5), (4, 7), (6, 2), (7, 2), (7, 6)], [(0, 4), (1, 3), (1, 4), (2, 5), (2, 6), (2, 7), (3, 5), (6, 7), (7, 1), (7, 4)], [(2, 0), (3, 0), (0, 4), (5, 0), (0, 6), (7, 0), (1, 2), (1, 3), (1, 4), (1, 5), (1, 6), (7, 1), (3, 2), (2, 5), (2, 6), (7, 2), (3, 5), (3, 6), (4, 6), (7, 4), (5, 6), (7, 6)], [(0, 2), (0, 4), (2, 1), (3, 1), (1, 4), (6, 2), (7, 2), (5, 3), (7, 4), (7, 6)], [(1, 0), (1, 3), (1, 4), (2, 0), (2, 1), (2, 3), (3, 0), (4, 0), (4, 3), (5, 0), (5, 1), (5, 2), (5, 3), (5, 4), (6, 0), (6, 2), (6, 7), (7, 2), (7, 3), (7, 4)]], [[(0, 2), (1, 0), (1, 2), (1, 3), (1, 4), (1, 6), (3, 0), (3, 4), (3, 5), (3, 7), (4, 0), (4, 2), (4, 5), (4, 6), (5, 0), (5, 7), (6, 0), (6, 2), (6, 5), (6, 7), (7, 2)], [(0, 4), (0, 5), (0, 7), (1, 0), (2, 4), (2, 6), (3, 7), (4, 3), (5, 4), (6, 1), (6, 3)], [(0, 1), (0, 4), (0, 5), (0, 7), (1, 6), (2, 4), (4, 3), (5, 4), (6, 2), (6, 3), (7, 3)], [(0, 1), (0, 3), (0, 4), (0, 5), (0, 6), (2, 1), (1, 3), (1, 6), (2, 3), (2, 4), (2, 6), (2, 7), (3, 5), (6, 3), (3, 7), (4, 5), (4, 6), (4, 7), (6, 5), (7, 5), (6, 7)], [(1, 0), (0, 4), (0, 5), (7, 0), (6, 1), (2, 4), (6, 2), (4, 3), (6, 3), (7, 3), (5, 4)], [(0, 3), (0, 4), (0, 5), (1, 0), (1, 2), (1, 3), (1, 4), (1, 6), (2, 4), (5, 3), (5, 4), (6, 2), (6, 3), (6, 4), (7, 0), (7, 2), (7, 3)]], [[(0, 3), (0, 7), (1, 0), (1, 4), (1, 6), (2, 7), (3, 7), (4, 0), (4, 2), (4, 7), (5, 2), (5, 3), (6, 0), (6, 2), (6, 3)], [(0, 3), (0, 4), (0, 6), (1, 4), (1, 6), (2, 7), (3, 7), (5, 3), (6, 2)], [(0, 4), (1, 4), (2, 6), (2, 7), (3, 0), (3, 5), (3, 7), (4, 7), (6, 0), (6, 1), (7, 5)], [(0, 1), (0, 2), (0, 3), (4, 0), (0, 6), (0, 7), (4, 1), (6, 1), (2, 5), (2, 6), (2, 7), (5, 3), (6, 3), (3, 7), (4, 6), (4, 7), (6, 5)], [(0, 3), (0, 4), (0, 6), (1, 4), (1, 6), (6, 2), (2, 7), (3, 5), (7, 3)], [(0, 3), (0, 7), (1, 0), (1, 4), (1, 6), (2, 7), (3, 7), (4, 0), (4, 7), (5, 2), (5, 3), (6, 0), (6, 2), (6, 3)]], [[(0, 2), (0, 3), (0, 5), (0, 6), (1, 0), (1, 2), (1, 3), (1, 5), (1, 6), (3, 6), (4, 2), (5, 2), (5, 3), (5, 4), (5, 6), (6, 2), (6, 4), (7, 0), (7, 2), (7, 4), (7, 5), (7, 6)], [(0, 2), (0, 3), (0, 7), (1, 0), (1, 3), (1, 6), (2, 6), (3, 5), (4, 2), (4, 7), (5, 6), (5, 7), (6, 7)], [(0, 1), (0, 2), (0, 3), (0, 7), (1, 3), (2, 6), (4, 2), (4, 5), (4, 7), (5, 3), (5, 6), (6, 1), (7, 5), (7, 6)], [(1, 0), (2, 0), (0, 3), (4, 0), (0, 5), (0, 7), (2, 1), (1, 3), (1, 6), (1, 7), (2, 3), (4, 2), (2, 6), (2, 7), (5, 3), (3, 6), (3, 7), (4, 5), (4, 6), (4, 7), (5, 6), (5, 7), (6, 7)], [(0, 1), (0, 2), (0, 3), (0, 7), (1, 3), (6, 1), (4, 2), (2, 6), (5, 3), (4, 7), (6, 5), (5, 7), (6, 7)], [(0, 2), (0, 3), (0, 7), (1, 0), (1, 3), (1, 4), (1, 6), (2, 6), (4, 0), (4, 2), (4, 5), (4, 7), (5, 3), (5, 6), (6, 3), (7, 3), (7, 5), (7, 6)]], [[(0, 1), (0, 2), (0, 3), (0, 4), (0, 7), (2, 1), (3, 2), (3, 4), (4, 2), (5, 1), (5, 2), (5, 3), (5, 4), (5, 6), (6, 1), (6, 3), (6, 4), (7, 1), (7, 2), (7, 3), (7, 4), (7, 5)], [(0, 7), (1, 5), (1, 6), (2, 0), (2, 1), (2, 3), (4, 3), (4, 5), (4, 6), (5, 7), (7, 3)], [(1, 5), (2, 0), (2, 1), (2, 3), (4, 3), (4, 5), (4, 6), (6, 1), (7, 0), (7, 1), (7, 3), (7, 5)], [(2, 0), (0, 3), (0, 4), (0, 7), (2, 1), (4, 1), (6, 1), (1, 7), (2, 3), (5, 2), (4, 3), (5, 3), (6, 3), (7, 3), (5, 4), (6, 4), (4, 7), (6, 5), (5, 7), (6, 7)], [(2, 0), (7, 0), (2, 1), (1, 5), (6, 1), (2, 3), (4, 3), (7, 3), (4, 5), (6, 4), (7, 5)], [(0, 1), (0, 2), (0, 4), (0, 5), (0, 7), (2, 1), (2, 3), (2, 4), (2, 5), (2, 7), (3, 4), (3, 5), (5, 1), (5, 4), (6, 1), (6, 3), (6, 4), (6, 5), (7, 1), (7, 3), (7, 4), (7, 5)]], [[(0, 4), (1, 0), (1, 3), (1, 4), (1, 5), (1, 6), (1, 7), (2, 0), (2, 4), (2, 5), (2, 6), (2, 7), (3, 0), (3, 2), (3, 5), (5, 0), (5, 4), (5, 6), (6, 0), (6, 4), (7, 4), (7, 5), (7, 6)], [(0, 1), (0, 6), (2, 6), (2, 7), (3, 1), (3, 5), (3, 6), (4, 0), (4, 2), (5, 6), (5, 7)], [(1, 0), (1, 3), (1, 6), (1, 7), (2, 4), (2, 6), (2, 7), (3, 5), (4, 0), (5, 4), (5, 6), (6, 0), (7, 5)], [(1, 0), (2, 0), (0, 3), (0, 4), (0, 6), (1, 3), (1, 5), (1, 6), (1, 7), (2, 4), (2, 5), (2, 6), (2, 7), (4, 3), (3, 5), (3, 6), (4, 5), (4, 6), (6, 5), (7, 5)], [(0, 1), (4, 0), (6, 0), (3, 1), (2, 4), (2, 6), (2, 7), (5, 3), (6, 3), (5, 6), (5, 7)], [(0, 1), (1, 5), (1, 7), (2, 4), (2, 5), (2, 7), (3, 1), (3, 4), (3, 5), (4, 0), (4, 5), (6, 0), (6, 1), (6, 2), (6, 3), (6, 4), (6, 5), (7, 5)]], [[(0, 2), (0, 3), (0, 4), (0, 5), (0, 6), (1, 2), (1, 5), (1, 6), (3, 2), (3, 7), (4, 2), (4, 3), (4, 5), (4, 6), (5, 2), (5, 3), (5, 7), (7, 2), (7, 6)], [(0, 2), (0, 3), (0, 5), (1, 2), (2, 3), (2, 4), (3, 6), (4, 6), (5, 7), (6, 7)], [(0, 3), (0, 4), (0, 5), (1, 2), (3, 2), (3, 6), (4, 2), (4, 3), (4, 6), (5, 2), (7, 5), (7, 6)], [(0, 2), (0, 3), (0, 4), (5, 0), (0, 6), (2, 1), (3, 1), (1, 4), (1, 6), (7, 1), (3, 2), (2, 4), (5, 2), (2, 6), (7, 2), (3, 4), (3, 7), (5, 4), (6, 4), (5, 7), (7, 6)], [(2, 0), (3, 0), (0, 5), (1, 2), (3, 2), (2, 4), (6, 3), (6, 4), (5, 7), (6, 7)], [(0, 2), (0, 3), (1, 2), (1, 3), (1, 6), (2, 3), (4, 2), (4, 3), (4, 6), (4, 7), (5, 0), (5, 3), (5, 6), (6, 0), (7, 2), (7, 3), (7, 5), (7, 6)]], [[(0, 1), (2, 0), (2, 4), (2, 7), (3, 1), (3, 2), (3, 6), (3, 7), (4, 0), (4, 1), (4, 7), (5, 0), (5, 6), (5, 7), (6, 0), (6, 2), (6, 4), (6, 7), (7, 0), (7, 1)], [(1, 2), (1, 3), (2, 4), (2, 6), (3, 6), (3, 7), (4, 0), (5, 0), (6, 4)], [(0, 2), (0, 4), (0, 5), (0, 6), (1, 2), (1, 3), (1, 5), (1, 7), (2, 4), (2, 6), (3, 7), (4, 6), (6, 3), (6, 5)], [(0, 1), (0, 2), (3, 0), (0, 4), (0, 5), (0, 6), (3, 1), (4, 1), (7, 1), (2, 4), (2, 5), (2, 6), (2, 7), (3, 4), (3, 5), (3, 6), (3, 7), (4, 5), (7, 4), (6, 5), (7, 5), (7, 6)], [(4, 0), (5, 0), (2, 1), (3, 1), (2, 4), (2, 6), (3, 6), (7, 3), (6, 4)], [(0, 2), (0, 4), (0, 5), (0, 6), (1, 4), (2, 6), (3, 0), (3, 1), (3, 2), (3, 4), (3, 6), (3, 7), (4, 2), (4, 5), (5, 6), (7, 2), (7, 4), (7, 6)]]]

