Number of nodes=8
Number of samples=10000
Cut of limit used=0.01
total_score_gis=-81930.37289780303

score_vector_gis=[-4109.536107447309, -4131.298189162959, -4073.2105830877604, -4032.175698943597, -4101.445878684807, -4098.694182231007, -4132.923142400173, -4035.730884513331, -4145.828230920101, -4087.9478166352264, -4143.26151396498, -4013.9574681679437, -4190.061832276868, -4135.650795059433, -4006.318825354969, -4067.3472783070665, -4087.3220669761877, -4049.8554997663537, -4131.64176469472, -4156.165139208229]
step_vector_gis=[37, 31, 38, 35, 36, 38, 39, 37, 33, 38, 36, 34, 35, 37, 44, 35, 39, 32, 37, 35]

return_dags_vector=[['gis'], [[(1, 0), (0, 2), (0, 3), (0, 5), (0, 6), (7, 0), (1, 3), (1, 5), (1, 6), (7, 1), (3, 2), (2, 5), (2, 6), (7, 2), (4, 3), (3, 5), (3, 6), (7, 3), (4, 5), (4, 6), (7, 4), (5, 6), (7, 5)]], [[(1, 0), (3, 0), (4, 0), (5, 0), (0, 6), (0, 7), (1, 2), (1, 3), (1, 4), (5, 1), (1, 6), (1, 7), (3, 2), (4, 2), (5, 2), (2, 6), (2, 7), (3, 4), (3, 6), (3, 7), (5, 4), (4, 6), (4, 7), (5, 7), (7, 6)]], [[(0, 1), (3, 0), (0, 4), (0, 5), (0, 6), (0, 7), (1, 2), (1, 4), (1, 7), (3, 2), (4, 2), (2, 7), (3, 4), (3, 5), (3, 6), (3, 7), (4, 5), (4, 6), (4, 7), (5, 6), (5, 7), (7, 6)]], [[(2, 0), (0, 3), (4, 0), (0, 5), (0, 6), (0, 7), (2, 1), (1, 3), (4, 1), (1, 5), (1, 6), (2, 3), (2, 5), (2, 6), (2, 7), (4, 3), (3, 5), (6, 3), (7, 3), (4, 6), (4, 7), (6, 5), (7, 5), (6, 7)]], [[(0, 1), (3, 0), (0, 5), (0, 6), (0, 7), (1, 2), (4, 1), (5, 1), (1, 7), (3, 2), (4, 2), (5, 2), (6, 2), (7, 2), (4, 3), (3, 5), (3, 6), (3, 7), (4, 5), (4, 6), (4, 7), (6, 5), (5, 7), (6, 7)]], [[(1, 0), (2, 0), (3, 0), (4, 0), (5, 0), (6, 0), (2, 1), (1, 3), (4, 1), (5, 1), (2, 3), (5, 2), (2, 6), (2, 7), (4, 3), (5, 3), (3, 6), (7, 3), (4, 6), (4, 7), (5, 6), (5, 7), (7, 6)]], [[(0, 1), (0, 3), (4, 0), (0, 5), (0, 6), (0, 7), (1, 2), (1, 3), (1, 5), (1, 6), (1, 7), (4, 2), (5, 2), (2, 7), (4, 3), (3, 6), (3, 7), (4, 5), (4, 6), (4, 7), (5, 6), (5, 7), (7, 6)]], [[(1, 0), (0, 3), (0, 4), (6, 0), (1, 2), (1, 3), (1, 4), (1, 5), (1, 6), (7, 1), (2, 3), (2, 4), (5, 2), (6, 2), (7, 2), (5, 3), (6, 3), (5, 4), (6, 4), (7, 4), (7, 5)]], [[(0, 1), (0, 2), (0, 4), (0, 5), (0, 6), (1, 2), (3, 1), (4, 1), (1, 5), (1, 7), (3, 2), (4, 2), (2, 5), (6, 2), (2, 7), (3, 4), (3, 5), (3, 6), (3, 7), (4, 5), (6, 4), (4, 7), (6, 5), (7, 5), (6, 7)]], [[(1, 0), (3, 0), (4, 0), (5, 0), (0, 6), (7, 0), (1, 2), (3, 1), (1, 5), (1, 6), (1, 7), (2, 4), (2, 5), (2, 6), (2, 7), (3, 4), (3, 5), (3, 6), (5, 4), (4, 6), (4, 7), (7, 6)]], [[(1, 0), (2, 0), (0, 3), (4, 0), (5, 0), (6, 0), (2, 1), (1, 3), (1, 4), (1, 5), (6, 1), (1, 7), (2, 3), (2, 4), (2, 5), (6, 2), (2, 7), (4, 3), (5, 3), (6, 3), (7, 3), (4, 5), (6, 5), (5, 7)]], [[(0, 1), (3, 0), (0, 4), (0, 5), (0, 7), (1, 2), (3, 1), (4, 1), (5, 1), (6, 1), (1, 7), (3, 2), (5, 2), (2, 7), (3, 4), (3, 5), (6, 3), (6, 4), (4, 7), (6, 5), (5, 7)]], [[(0, 1), (0, 2), (0, 3), (0, 4), (5, 0), (0, 6), (0, 7), (1, 2), (1, 3), (4, 1), (5, 1), (1, 6), (3, 2), (4, 2), (5, 2), (2, 6), (7, 2), (5, 3), (3, 6), (7, 3), (4, 6), (4, 7), (5, 7)]], [[(0, 2), (0, 3), (0, 5), (0, 6), (1, 2), (3, 1), (1, 5), (1, 6), (1, 7), (3, 2), (4, 2), (5, 2), (2, 6), (2, 7), (4, 3), (3, 5), (3, 6), (3, 7), (4, 5), (4, 6), (4, 7), (5, 7), (7, 6)]], [[(0, 1), (3, 0), (0, 5), (0, 7), (2, 1), (3, 1), (4, 1), (1, 7), (4, 2), (2, 5), (2, 6), (2, 7), (4, 3), (3, 5), (3, 6), (4, 5), (4, 6), (7, 5), (7, 6)]], [[(1, 0), (0, 2), (4, 0), (0, 5), (0, 6), (1, 2), (3, 1), (4, 1), (1, 5), (1, 6), (7, 1), (3, 2), (4, 2), (2, 5), (2, 6), (7, 2), (3, 5), (3, 6), (3, 7), (4, 5), (4, 6), (4, 7), (6, 5)]], [[(1, 0), (2, 0), (3, 0), (4, 0), (5, 0), (6, 0), (7, 0), (2, 1), (4, 1), (1, 5), (1, 6), (7, 1), (3, 2), (4, 2), (2, 5), (2, 6), (7, 2), (3, 5), (3, 6), (3, 7), (4, 5), (4, 7), (7, 5)]], [[(1, 0), (0, 2), (0, 3), (0, 4), (0, 7), (1, 2), (1, 3), (5, 1), (1, 6), (4, 2), (5, 2), (2, 6), (7, 2), (3, 4), (5, 3), (3, 6), (3, 7), (5, 4), (4, 6), (4, 7)]], [[(0, 1), (0, 2), (0, 3), (0, 5), (0, 6), (0, 7), (4, 1), (5, 1), (6, 1), (7, 1), (3, 2), (2, 5), (6, 2), (2, 7), (4, 3), (6, 3), (3, 7), (4, 6), (4, 7), (6, 5), (5, 7), (6, 7)]], [[(0, 1), (0, 2), (0, 3), (0, 5), (0, 6), (0, 7), (1, 3), (4, 1), (1, 6), (7, 1), (2, 3), (4, 2), (2, 5), (7, 2), (4, 3), (3, 5), (3, 6), (7, 3), (4, 5), (4, 6), (4, 7), (5, 6), (7, 5), (7, 6)]]]

