Number of nodes=8
Number of samples=10000
Cut of limit used=0.01
total_score_gis=-80803.31285127802

score_vector_gis=[-4040.0127021567187, -4091.3570637292823, -3964.8836253936897, -3905.862595630327, -4022.7855050196927, -3953.270544669453, -4064.5532091358637, -4038.3115168477307, -4102.584879206627, -4018.4476205536093, -4119.256660522631, -4022.282779894508, -4066.8065700172174, -3989.807926219185, -4134.147822488377, -4084.237787857627, -3949.9989175603196, -4157.945133979355, -3990.4601004057763, -4086.2998899900253]
step_vector_gis=[30, 34, 36, 33, 34, 15, 35, 24, 34, 36, 27, 33, 53, 32, 50, 37, 19, 30, 27, 40]

return_dags_vector=[['gis'], [[(0, 1), (0, 2), (3, 0), (0, 4), (0, 6), (0, 7), (2, 1), (3, 1), (5, 1), (6, 1), (1, 7), (3, 2), (5, 2), (2, 7), (5, 3), (3, 6), (6, 4), (5, 6), (5, 7), (6, 7)]], [[(4, 0), (5, 0), (6, 0), (0, 7), (1, 2), (2, 4), (5, 2), (6, 2), (2, 7), (5, 3), (5, 4), (6, 4), (4, 7), (6, 5), (5, 7), (6, 7)]], [[(1, 0), (0, 2), (0, 4), (0, 7), (1, 2), (1, 5), (6, 1), (1, 7), (2, 3), (2, 4), (6, 2), (2, 7), (4, 3), (6, 3), (4, 5), (6, 4), (4, 7), (6, 5), (7, 5), (6, 7)]], [[(0, 1), (0, 2), (0, 4), (5, 0), (0, 6), (4, 1), (5, 1), (1, 6), (2, 3), (4, 2), (2, 7), (7, 3), (4, 7), (5, 6), (5, 7), (7, 6)]], [[(0, 1), (3, 0), (0, 6), (0, 7), (2, 1), (6, 1), (1, 7), (3, 2), (4, 2), (5, 2), (5, 3), (5, 6)]], [[(3, 0), (4, 0), (1, 2), (4, 1), (7, 1), (2, 5), (7, 2), (6, 3), (7, 5)]], [[(2, 0), (2, 1), (1, 3), (1, 6), (4, 2), (7, 3), (4, 6), (5, 6), (7, 6)]], [[(3, 0), (4, 0), (1, 4), (1, 5), (4, 2), (2, 5), (7, 2), (5, 3), (7, 3), (4, 5), (7, 4), (7, 5)]], [[(1, 0), (1, 2), (1, 3), (4, 1), (3, 2), (4, 2), (5, 2), (2, 7), (3, 5), (3, 7), (4, 5), (6, 4), (6, 5), (5, 7)]], [[(1, 0), (2, 0), (0, 4), (0, 6), (0, 7), (3, 2), (2, 4), (3, 5), (3, 6), (3, 7), (4, 6), (7, 6)]], [[(1, 0), (3, 0), (4, 0), (0, 5), (6, 0), (1, 2), (1, 3), (4, 1), (1, 5), (1, 6), (5, 2), (3, 6), (3, 7), (4, 6), (4, 7), (6, 7)]], [[(0, 1), (0, 2), (3, 0), (0, 5), (0, 6), (1, 2), (4, 1), (1, 5), (1, 6), (1, 7), (4, 2), (5, 2), (2, 7), (4, 3), (3, 5), (3, 6), (4, 5), (4, 6), (4, 7), (5, 6), (5, 7)]], [[(0, 4), (3, 1), (1, 4), (6, 1), (2, 3), (2, 4), (5, 2), (3, 4), (5, 4), (6, 4), (7, 4), (7, 5)]], [[(1, 0), (4, 0), (0, 5), (0, 7), (2, 1), (1, 4), (2, 3), (2, 4), (6, 2), (3, 7), (4, 5), (6, 4)]], [[(4, 0), (4, 1), (1, 5), (2, 4), (2, 5), (2, 6), (7, 2), (3, 4), (7, 3), (4, 5), (4, 6), (7, 4), (5, 6), (7, 5)]], [[(0, 1), (3, 0), (0, 5), (0, 6), (1, 2), (1, 5), (1, 7), (3, 2), (2, 5), (3, 4), (3, 5), (3, 6), (3, 7), (5, 7), (7, 6)]], [[(0, 4), (0, 6), (1, 2), (3, 1), (4, 2), (5, 2), (7, 3), (5, 4), (7, 6)]], [[(0, 2), (3, 0), (0, 4), (5, 0), (0, 7), (1, 2), (1, 3), (1, 4), (5, 1), (6, 1), (2, 4), (5, 2), (6, 2), (2, 7), (3, 4), (3, 7), (5, 4), (6, 4), (7, 4), (6, 5), (6, 7)]], [[(0, 2), (0, 4), (0, 5), (2, 1), (4, 1), (5, 1), (6, 1), (3, 2), (2, 5), (6, 2), (3, 4), (3, 6), (4, 5), (4, 6), (6, 5)]], [[(1, 0), (0, 4), (0, 5), (0, 6), (7, 0), (2, 1), (1, 4), (1, 5), (3, 2), (2, 5), (7, 2), (3, 4), (3, 5), (3, 6), (7, 3), (5, 4), (6, 4), (5, 6), (7, 5), (7, 6)]]]

