Number of nodes=8
Number of samples=1000
Cut of limit used=0.01
total_score_ges=-408473.58482849953
total_score_pc=-480775.8581082836
total_score_mmhc=-452197.40938193526
total_score_gis=-408676.94100486
total_score_ske=-456984.5802502162
total_score_true=-408042.47705467645
shd dist ges to true=[18, 22, 12, 23, 17, 16, 12, 15, 23, 15, 18, 20, 8, 13, 17, 20, 24, 10, 0, 17, 21, 12, 10, 21, 18, 18, 24, 14, 16, 13, 18, 20, 25, 20, 22, 16, 22, 21, 16, 19, 18, 19, 12, 21, 20, 26, 15, 21, 11, 24, 18, 15, 16, 16, 16, 8, 23, 18, 19, 10, 16, 20, 24, 19, 17, 0, 9, 13, 17, 17, 16, 24, 18, 17, 16, 15, 18, 19, 15, 23, 17, 13, 19, 19, 14, 22, 16, 18, 18, 18, 17, 23, 16, 22, 15, 20, 20, 22, 16, 23]
shd dist pc to true=[15, 19, 10, 17, 21, 17, 19, 11, 22, 13, 19, 19, 12, 17, 18, 15, 18, 10, 6, 18, 16, 13, 15, 19, 16, 18, 16, 9, 14, 18, 14, 16, 16, 18, 22, 16, 18, 12, 10, 23, 16, 17, 14, 11, 18, 21, 12, 21, 14, 17, 23, 15, 20, 17, 21, 14, 21, 17, 21, 11, 12, 21, 17, 18, 15, 12, 16, 14, 16, 14, 21, 16, 14, 18, 14, 14, 21, 13, 19, 17, 22, 19, 15, 17, 10, 15, 11, 13, 18, 15, 11, 16, 9, 17, 18, 18, 18, 17, 13, 19]
shd dist mmhc to true=[17, 19, 14, 18, 14, 18, 23, 16, 24, 13, 21, 22, 9, 13, 19, 13, 19, 16, 13, 18, 18, 14, 16, 21, 18, 14, 20, 11, 16, 17, 14, 17, 16, 14, 22, 17, 19, 9, 8, 22, 15, 22, 20, 15, 21, 22, 9, 21, 15, 21, 21, 16, 19, 12, 23, 14, 20, 22, 21, 13, 12, 19, 20, 20, 12, 14, 15, 18, 13, 17, 22, 17, 8, 14, 16, 13, 20, 12, 21, 20, 14, 9, 20, 15, 11, 21, 12, 15, 19, 18, 8, 17, 15, 23, 19, 20, 20, 16, 14, 17]
shd dist gis to true=[20, 25, 12, 23, 18, 20, 18, 7, 21, 11, 20, 17, 20, 20, 22, 21, 23, 12, 0, 19, 23, 12, 17, 25, 21, 14, 23, 19, 14, 18, 19, 17, 20, 10, 13, 22, 12, 13, 21, 16, 19, 20, 24, 24, 18, 25, 16, 22, 10, 10, 17, 10, 22, 8, 21, 8, 20, 15, 22, 5, 16, 19, 23, 15, 16, 20, 18, 15, 19, 7, 23, 18, 21, 22, 13, 17, 17, 15, 22, 10, 11, 25, 14, 24, 17, 16, 17, 12, 20, 19, 26, 23, 23, 19, 22, 20, 14, 22, 13, 14]
shd dist ske to true=[16, 19, 9, 15, 16, 17, 23, 13, 24, 10, 20, 20, 11, 18, 18, 17, 18, 13, 7, 20, 18, 11, 15, 20, 18, 15, 17, 11, 17, 15, 14, 17, 17, 15, 22, 18, 18, 11, 8, 23, 18, 18, 14, 12, 19, 23, 12, 26, 14, 20, 20, 15, 18, 16, 23, 17, 21, 17, 23, 13, 15, 21, 17, 20, 18, 10, 16, 13, 13, 14, 22, 14, 5, 19, 13, 12, 18, 15, 20, 18, 20, 15, 13, 17, 10, 20, 11, 15, 20, 18, 16, 17, 6, 19, 20, 20, 16, 16, 14, 20]

score_vector_ges=[-4084.9480375108415, -4018.259975503756, -4040.8323401083335, -4019.1340729527337, -4110.886497606774, -4096.959932621369, -4002.490515160397, -4145.060520126747, -4156.3458607957355, -4134.595669291225, -3992.870471900316, -4153.9518652015495, -4101.49678425571, -4035.3552005198944, -4151.156688836068, -4109.181340234823, -4128.966041474776, -4141.666987379817, -4057.525294201827, -3952.140521797499, -4107.870568309154, -3953.7143948132116, -4224.462578847752, -4083.021447403407, -4177.218932114134, -4120.416747678725, -4160.530518992916, -4058.943365542409, -4144.354804964527, -4131.4768697924765, -4083.0401028194788, -4158.94764645723, -4100.512159678775, -4129.4929617593725, -4213.076187289336, -4022.1817984065465, -4129.11888136124, -4056.835514159577, -4055.8889239078912, -4148.41516203765, -4021.074353232777, -4005.9541089360714, -3991.084421204394, -4123.286251702176, -4000.4991099818617, -4079.59392627947, -4044.08522054275, -4011.06060370748, -4092.590840856306, -4056.1583349031716, -4068.5326256606295, -3983.4784388213743, -4114.2021464796735, -4064.3764782431836, -4053.0042028055377, -4080.4872630348964, -4119.743706704866, -3975.586403529511, -4096.5371678444335, -4084.6141234082806, -4125.742713015944, -4038.9232543072126, -4123.083853029997, -4090.740842375876, -4114.880400205217, -4104.4073922771395, -4174.264281536878, -4008.9889308352685, -3992.9492808645277, -4044.7037010028303, -4084.5624531206804, -4237.879484342182, -4000.9752447027176, -4093.5131676129467, -3983.996888020315, -4085.5041109453655, -4136.9388781721555, -3967.823996090959, -3974.4445136981844, -4059.1578717254524, -4141.632948327036, -4011.7006600592463, -4062.452298284038, -4108.209921791179, -4023.9414263924273, -4040.7733614687368, -4146.774253507528, -4146.480676804979, -4207.572275237895, -4273.45931871385, -4115.637888609925, -4169.145933877701, -4071.320521258018, -4121.247073207948, -4046.2234901338734, -4137.849738531861, -4125.6824791877025, -4072.3710914394796, -3962.9248964921026, -4085.409405597461]

score_vector_pc=[-4564.54716682798, -4383.404511811773, -4515.094646184998, -4486.030295329312, -5430.143301514498, -4655.445158286486, -5093.481299397719, -4585.464681702419, -5133.739116129147, -4533.302934489266, -5121.428757982186, -5830.595844418045, -4403.830021210934, -4677.343541511001, -4780.325515859495, -4519.882784403363, -4583.299812161284, -4886.406658123511, -4445.516119635095, -4713.267275932817, -4931.010463716227, -4365.487422193866, -4876.547401200752, -4424.296610785441, -4842.2551576633605, -5210.6465282812405, -4822.471141883665, -4619.268401368976, -4605.998823408149, -5048.6019693640155, -4406.492227217772, -5034.596313013156, -4978.325817132763, -5056.111625374585, -4875.594915039817, -5038.257156206568, -4814.6466233815545, -4437.536974256223, -4294.42629308745, -4884.254859111226, -4454.696854410444, -4923.181926713295, -4441.15384091318, -4764.842432760372, -4466.672363542637, -4909.307536385653, -4519.303709217633, -5402.7274429739655, -4515.967895730462, -4626.769378183162, -5430.342328680543, -4745.999548190237, -4798.118454808077, -4847.469178036169, -4785.097864787332, -4375.992144524152, -6029.395098490088, -5459.622366640141, -5483.709579558461, -4360.021197498222, -4726.521534963489, -5374.384331456854, -4519.983203089017, -4652.091188004948, -4374.140968196824, -4695.2137815281085, -4774.590699686452, -4598.925701111932, -4883.286696148718, -4672.28478428336, -4874.291498088514, -4784.630496460849, -4586.4138866973035, -5025.119366779304, -5150.724389875508, -4500.911202692919, -5190.852939414883, -4453.05197989754, -4885.76878925169, -4518.339273988065, -4872.097624297209, -4913.068283815502, -4921.740507443446, -4632.163931255627, -4231.663302827259, -5257.15383201392, -4647.668664388252, -4580.062107526933, -5329.404439279504, -5185.0920716243745, -4473.692298189739, -4660.509128253423, -4963.647496619516, -5135.170590837999, -5027.750218476478, -4803.940324522542, -5227.806235667812, -4649.178092734637, -4541.140014006245, -5231.614924244681]

score_vector_mmhc=[-4547.690605127338, -4260.173456320448, -4216.274093231563, -4120.934722484014, -5133.935693513476, -4439.9259886534155, -4188.298639309806, -4349.519978974325, -4431.390217736428, -4462.6488830940625, -4508.723133389909, -5682.7981090868325, -4346.72699916855, -4246.12456327063, -4451.784140919329, -4172.307167736175, -4492.0485873084945, -4608.644777982489, -4415.866447144581, -4402.967604649946, -4358.750819533379, -4308.554687330083, -4677.4440014980355, -4706.219404092717, -4887.608293079155, -4729.496360673783, -4453.856729839535, -4445.765243318829, -4482.786777098296, -4606.700924152676, -4504.691714465017, -4491.335810597117, -4359.841024953629, -4586.617816719683, -4861.678355998196, -4883.043322567236, -4537.619564549303, -4322.134483625235, -4246.889082319751, -4499.41827592625, -4182.735794418846, -4558.044210205243, -4352.118399680687, -4410.595009522255, -4372.193054737197, -4784.016958080782, -4390.727691333317, -4453.2219284923685, -4511.269981382194, -4494.20869792813, -4819.547443587933, -4832.058823651806, -4677.1755030543145, -4365.715385592928, -4709.969969468738, -4223.276858343248, -5215.736863926744, -4074.7553732286337, -4849.5189212305, -4340.200595518122, -4560.302010442071, -4720.819250144954, -4421.320949970131, -4354.017083437708, -4265.873222181172, -4419.666817166021, -4712.187508438246, -4435.947062665786, -4283.113279041965, -4438.358753834485, -4550.760774256376, -4775.445249126708, -4207.868588089583, -4622.5147218501825, -4733.979626991335, -4553.283495797459, -4992.041966869704, -4236.051095184448, -4630.9261766695545, -4201.379951654938, -4385.972573343726, -4340.945627742377, -4530.06995020087, -4621.290641790059, -4176.731887709216, -4455.103728359982, -4523.285218299448, -4555.587534672532, -4750.156338699071, -5068.222807623056, -4296.5672120354375, -4451.524075244933, -4297.589849620428, -4824.658338550137, -4640.950030980967, -4845.393526151868, -4391.887017562704, -4444.160424969976, -4576.7719106063905, -4858.359139135614]

score_vector_gis=[-4089.515828258147, -4027.6652091724272, -4037.624731607967, -4029.292167742213, -4110.489444405163, -4108.9123199644255, -4001.586578662755, -4137.975311934641, -4156.189417602485, -4133.382235265747, -3993.714630451064, -4164.815623072505, -4121.497676427374, -4049.1097238962566, -4156.109639311042, -4112.478381809135, -4123.644440505376, -4145.839834514241, -4057.5252942018265, -3966.840137553447, -4114.0749442714705, -3957.744449596649, -4221.205774632679, -4077.582653991819, -4177.373935344349, -4119.3682975450165, -4164.665979698491, -4077.596548507916, -4143.120145267414, -4141.983558306015, -4091.1774387196683, -4157.432261015416, -4093.5329319759812, -4128.916577363009, -4214.023693065302, -4024.9035470541576, -4123.62816726988, -4050.218081880876, -4065.6084521938556, -4152.351331767395, -4021.2158850946, -4010.4918002542936, -3990.083586610367, -4126.403850746312, -3998.883969748279, -4068.3444067651935, -4042.1760199721975, -4013.267626786782, -4091.874503381295, -4039.6135177816536, -4076.1826605641195, -3985.178522454632, -4112.915392209082, -4058.45774875306, -4060.028893053888, -4080.4872630348964, -4122.121507527954, -3968.569792229252, -4103.293428402694, -4082.18119184058, -4124.504616627484, -4033.78335302523, -4124.177871039492, -4084.609737258341, -4123.635842282421, -4124.1519322438, -4173.201198655491, -4010.91921311706, -3994.781560853802, -4040.8046955540003, -4089.762697706554, -4240.823760652339, -4004.9675080143365, -4090.0060840950955, -3982.4735896486736, -4083.1316739610184, -4143.104917198575, -3971.807373824173, -3983.1358726408903, -4056.486212051746, -4143.755860598752, -4014.563181793785, -4059.7959944539543, -4111.045587643494, -4040.2569523700386, -4042.0791226888914, -4148.016641531227, -4143.267542753122, -4200.223729716186, -4278.915451012188, -4120.597602814276, -4177.974072928351, -4075.858786440573, -4116.139761697052, -4048.763242487563, -4145.384368280169, -4120.579759625259, -4076.839071641998, -3965.9327496397054, -4094.1928512560808]

score_vector_gis_b=[]

score_vector_ges_gis=[]

score_vector_gis_phased_b=[]

score_vector_ske=[-4367.3714516618675, -4369.869940872693, -4325.2067768984125, -4141.293331543803, -5112.487867470973, -4368.923576655622, -4422.954819894547, -4515.558434056864, -5131.927329398017, -4431.894299942931, -4679.550649741105, -5658.690667039071, -4367.159550665681, -4651.344185178706, -4505.597612872129, -4313.048236657982, -4583.299812161284, -4434.19798328218, -4356.789075125001, -4422.306175427565, -4731.60038168221, -4317.039434667999, -4606.795779187785, -4368.516451336502, -4959.14394635213, -5001.545414068078, -4556.83652858645, -4318.0831952884555, -4501.760575127048, -4538.8679227771, -4399.982779819671, -4502.646142311467, -4545.190965094253, -4717.9808498896655, -4815.404565192507, -4994.75812574351, -4637.249439163212, -4303.445429986863, -4244.727530092885, -4579.617593662132, -4430.741049572694, -4630.771843135018, -4330.049185742729, -4652.685921509343, -4320.099109316543, -4736.023480521596, -4519.303709217633, -4833.490743662668, -4335.1641797114025, -4359.304314085532, -4559.452905654778, -4745.999548190237, -4556.450337991713, -4671.08900899633, -4709.969969468738, -4349.382889486567, -5837.994200499597, -4751.614971233478, -5014.118927889841, -4340.200595518122, -4439.6135163834815, -4836.445587264193, -4377.630220792078, -4314.868130766096, -4385.812069738033, -4480.544310950998, -4585.954728022038, -4471.71902147863, -4267.633286850003, -4672.28478428336, -4493.607656335031, -4466.495800935334, -4126.892291607301, -4869.860119570301, -4625.632191382258, -4408.186067174757, -5091.979114310352, -4320.948716760701, -4577.925229663765, -4351.055731968048, -4565.590733152227, -4600.084914374242, -4434.906471904676, -4622.115901574948, -4231.663302827259, -4397.187002955688, -4647.668664388252, -4555.587534672532, -5088.148003647198, -4829.255645156437, -4311.886504117641, -4452.9609637424, -4255.764799210578, -4678.454751785296, -4441.128372097587, -4796.533904825912, -4413.877324444581, -4501.499264517168, -4576.77191060639, -4933.833985997466]

score_vector_opt=[]

score_vector_true=[-4091.112024906765, -4016.524374491403, -4025.35974781617, -4011.6442372863867, -4107.311773163724, -4101.26518931271, -4005.683481819206, -4136.380404168267, -4160.76268273237, -4120.3425231776455, -3983.709340172553, -4158.877452913766, -4099.048520855789, -4036.14303993381, -4147.056103155803, -4102.320577897878, -4118.979384574712, -4138.755336895645, -4057.5252942018265, -3957.2142792960326, -4105.36752039959, -3945.1546247259835, -4211.870705553249, -4075.7155600981287, -4175.982494062073, -4113.552372257407, -4156.351185647634, -4051.696312899232, -4137.373152804394, -4123.599621392115, -4081.614002493794, -4156.869412644841, -4085.4466011169925, -4118.881278988818, -4212.5299828760035, -4020.1647256245274, -4114.149599331669, -4031.583907275183, -4047.6715143177853, -4161.057041823898, -4012.6523256194855, -4000.987007842597, -3979.3128231954206, -4105.433001399264, -3999.3872970918364, -4082.0936828053595, -4041.201063700128, -4018.334398353454, -4088.936763109676, -4045.483872148304, -4079.8123418391456, -3982.4243974566066, -4106.605506511735, -4064.875512552181, -4058.820492369683, -4077.494475405758, -4123.007636290031, -3968.728534799914, -4102.005554510521, -4082.331460850187, -4115.49311898621, -4037.8319891974115, -4116.720429074407, -4083.0349231343066, -4119.615448507654, -4104.4073922771395, -4174.790612394331, -4003.1232765812756, -3982.488327248259, -4043.7892171331346, -4084.000960980564, -4230.561218059941, -3981.054816917411, -4088.5201307205334, -3971.163658135424, -4081.282054339764, -4146.176065229869, -3967.578199544194, -3983.2003812554326, -4049.3311151599364, -4149.589246946912, -4003.849124255126, -4056.484293773547, -4101.716918271664, -4019.6848330256817, -4037.8821384261155, -4137.019412955821, -4142.893982616938, -4200.277624095212, -4267.6170512274875, -4095.7800608373873, -4155.435287553619, -4056.847699805531, -4121.490542845705, -4048.1288691160803, -4136.7281507655225, -4120.088784409946, -4056.716776200183, -3957.9071833373864, -4089.600206376561]

step_vector_gis=[36, 30, 34, 34, 34, 31, 40, 33, 38, 35, 34, 36, 32, 35, 38, 36, 29, 35, 40, 32, 30, 32, 33, 34, 38, 27, 31, 29, 30, 33, 36, 32, 37, 33, 34, 35, 34, 37, 38, 35, 30, 28, 35, 40, 37, 40, 29, 37, 36, 38, 36, 32, 35, 43, 32, 39, 36, 39, 33, 40, 30, 30, 32, 32, 30, 32, 37, 36, 39, 32, 41, 31, 34, 36, 37, 32, 34, 33, 31, 40, 35, 38, 34, 34, 31, 34, 38, 28, 31, 32, 34, 34, 32, 39, 37, 36, 36, 31, 37, 35]

step_vector_ske=[1, 1, 5, 9, 7, 5, 4, 3, 2, 5, 9, 2, 7, 2, 4, 4, 7, 3, 8, 4, 0, 2, 4, 5, 4, 6, 5, 5, 3, 7, 2, 2, 0, 5, 4, 3, 6, 2, 3, 6, 2, 4, 3, 4, 1, 3, 2, 1, 4, 4, 7, 0, 2, 6, 4, 3, 0, 3, 1, 1, 2, 4, 4, 5, 2, 9, 6, 6, 4, 1, 5, 8, 8, 3, 6, 7, 6, 5, 7, 9, 4, 2, 7, 3, 1, 3, 7, 3, 2, 3, 4, 8, 4, 8, 5, 2, 7, 3, 4, 5]

step_vector_ges_gis=[]

step_vector_gis_b=[]

step_vector_gis_phased_b=[]

return_dags_vector=[['ges', 'pc', 'mmhc', 'gis', 'ske', 'true'], [[(0, 2), (0, 4), (0, 5), (1, 0), (1, 2), (1, 4), (1, 5), (3, 0), (3, 2), (3, 4), (3, 5), (3, 7), (4, 2), (4, 5), (6, 0), (6, 1), (6, 2), (6, 5), (7, 0), (7, 1), (7, 4)], [(0, 5), (1, 0), (1, 2), (1, 6), (2, 3), (2, 4), (4, 3), (5, 3), (6, 0), (6, 5), (7, 0), (7, 1)], [(0, 1), (0, 5), (0, 6), (0, 7), (1, 6), (1, 7), (2, 3), (2, 4), (4, 3), (5, 3), (5, 6)], [(2, 0), (3, 0), (0, 4), (0, 5), (0, 6), (0, 7), (1, 2), (1, 4), (1, 6), (1, 7), (3, 2), (2, 4), (2, 6), (2, 7), (3, 4), (3, 5), (3, 6), (3, 7), (5, 4), (7, 4), (5, 6), (6, 7)], [(0, 1), (0, 5), (0, 6), (7, 0), (1, 2), (1, 6), (7, 1), (3, 2), (2, 4), (3, 4), (3, 5), (5, 6)], [(0, 3), (0, 4), (0, 5), (1, 0), (1, 2), (1, 4), (1, 5), (1, 6), (1, 7), (2, 3), (2, 4), (2, 5), (3, 4), (5, 3), (6, 0), (6, 3), (6, 5), (6, 7), (7, 0), (7, 3), (7, 4), (7, 5)]], [[(0, 2), (0, 3), (0, 5), (1, 0), (1, 2), (1, 3), (1, 5), (1, 6), (1, 7), (4, 2), (4, 3), (4, 5), (4, 6), (4, 7), (6, 0), (6, 2), (6, 3), (6, 7), (7, 2), (7, 3), (7, 5)], [(0, 2), (0, 3), (0, 5), (1, 2), (1, 3), (1, 5), (1, 6), (4, 5), (4, 6), (6, 2), (7, 4), (7, 5)], [(0, 2), (0, 3), (0, 5), (1, 2), (1, 3), (1, 5), (1, 6), (4, 3), (4, 5), (4, 6), (4, 7), (5, 7), (6, 2)], [(0, 1), (0, 2), (0, 3), (4, 0), (0, 5), (0, 7), (2, 1), (3, 1), (5, 1), (6, 1), (7, 1), (2, 3), (4, 2), (2, 5), (6, 2), (2, 7), (4, 3), (5, 3), (7, 3), (4, 5), (6, 4), (4, 7), (5, 7), (6, 7)], [(0, 2), (0, 3), (0, 5), (1, 2), (1, 3), (1, 5), (1, 6), (6, 2), (4, 5), (4, 6), (4, 7), (5, 7)], [(0, 4), (1, 0), (1, 2), (1, 3), (1, 4), (1, 5), (1, 6), (2, 0), (2, 4), (2, 5), (2, 6), (3, 0), (3, 4), (3, 6), (4, 6), (5, 0), (5, 4), (5, 7), (7, 0), (7, 4), (7, 6)]], [[(0, 3), (1, 0), (1, 5), (1, 7), (2, 0), (2, 3), (2, 7), (4, 0), (4, 2), (4, 5), (4, 7), (5, 0), (5, 2), (5, 7), (6, 0), (6, 2), (6, 3), (6, 5), (7, 0), (7, 3)], [(0, 3), (0, 7), (1, 3), (1, 5), (1, 7), (2, 3), (2, 5), (3, 6), (4, 2), (4, 7), (5, 6)], [(1, 3), (1, 5), (1, 7), (2, 4), (3, 0), (3, 2), (5, 2), (5, 4), (6, 3), (6, 5), (7, 0), (7, 2), (7, 4)], [(0, 1), (0, 3), (0, 7), (4, 1), (5, 1), (6, 1), (1, 7), (2, 3), (4, 2), (2, 5), (2, 7), (5, 3), (6, 3), (3, 7), (4, 5), (4, 7), (6, 5), (5, 7)], [(0, 3), (7, 0), (1, 3), (1, 5), (1, 7), (2, 3), (4, 2), (5, 2), (6, 3), (4, 7), (6, 5)], [(0, 1), (0, 3), (0, 5), (0, 7), (1, 2), (1, 5), (1, 7), (2, 3), (2, 5), (4, 2), (4, 7), (6, 3), (6, 5), (7, 2), (7, 3), (7, 5)]], [[(1, 4), (1, 5), (1, 6), (2, 1), (2, 4), (2, 5), (3, 0), (3, 1), (3, 4), (3, 5), (3, 6), (3, 7), (4, 5), (4, 7), (5, 0), (5, 6), (6, 0), (7, 0), (7, 5), (7, 6)], [(0, 2), (0, 6), (0, 7), (1, 2), (1, 5), (1, 6), (2, 4), (2, 5), (3, 6), (3, 7), (4, 7), (5, 7), (6, 7)], [(0, 6), (1, 2), (1, 5), (1, 6), (2, 0), (2, 4), (2, 5), (3, 6), (3, 7), (4, 5), (7, 0), (7, 4), (7, 5), (7, 6)], [(2, 0), (0, 3), (4, 0), (0, 5), (0, 6), (7, 0), (2, 1), (3, 1), (4, 1), (1, 5), (1, 6), (2, 3), (2, 4), (2, 5), (3, 5), (3, 6), (7, 3), (4, 5), (7, 4), (5, 6), (7, 5), (7, 6)], [(2, 0), (0, 6), (0, 7), (1, 2), (5, 1), (1, 6), (4, 2), (5, 2), (3, 6), (7, 3), (4, 7), (5, 7), (7, 6)], [(0, 5), (1, 2), (3, 0), (3, 2), (3, 7), (4, 2), (5, 1), (5, 2), (6, 0), (6, 1), (6, 3), (6, 7), (7, 0), (7, 1), (7, 2), (7, 4), (7, 5)]], [[(0, 1), (0, 3), (0, 4), (0, 5), (0, 7), (1, 5), (2, 1), (2, 3), (2, 5), (2, 6), (2, 7), (3, 4), (3, 5), (3, 7), (4, 1), (4, 5), (4, 7), (6, 1), (6, 3), (6, 4), (6, 5), (6, 7), (7, 1), (7, 5)], [(0, 1), (0, 3), (0, 4), (1, 2), (1, 4), (2, 5), (2, 6), (3, 6), (3, 7), (4, 6), (4, 7), (5, 7), (6, 7)], [(1, 0), (1, 2), (1, 4), (2, 5), (3, 7), (4, 0), (5, 3), (5, 7), (6, 2), (6, 3), (6, 4), (6, 7), (7, 4)], [(0, 1), (4, 0), (0, 5), (0, 6), (0, 7), (2, 1), (1, 3), (4, 1), (1, 5), (1, 7), (2, 3), (2, 5), (2, 6), (2, 7), (4, 3), (3, 5), (3, 6), (3, 7), (4, 5), (4, 6), (4, 7), (6, 5), (7, 5), (6, 7)], [(0, 1), (0, 3), (0, 4), (2, 1), (4, 1), (5, 2), (6, 2), (6, 3), (3, 7), (6, 4), (4, 7), (7, 5), (6, 7)], [(0, 1), (0, 4), (0, 5), (0, 7), (1, 2), (1, 3), (1, 4), (1, 5), (3, 2), (4, 2), (4, 3), (5, 2), (5, 3), (6, 2), (6, 3), (6, 4), (6, 5), (6, 7), (7, 2), (7, 3), (7, 4), (7, 5)]], [[(0, 1), (0, 2), (0, 4), (0, 6), (1, 2), (1, 6), (4, 1), (4, 2), (5, 1), (5, 3), (5, 7), (6, 2), (6, 3), (7, 1), (7, 2), (7, 3), (7, 4)], [(0, 1), (0, 2), (0, 4), (1, 5), (1, 7), (2, 1), (2, 7), (3, 5), (3, 7), (4, 7), (6, 1), (6, 2)], [(0, 1), (0, 2), (1, 2), (1, 5), (1, 6), (1, 7), (2, 6), (2, 7), (3, 5), (4, 7), (7, 3)], [(0, 1), (0, 2), (0, 4), (0, 6), (2, 1), (3, 1), (1, 4), (5, 1), (1, 6), (7, 1), (2, 3), (2, 4), (2, 5), (2, 6), (7, 2), (5, 3), (3, 6), (7, 3), (5, 4), (6, 4), (7, 4), (7, 5), (7, 6)], [(0, 1), (0, 2), (4, 0), (2, 1), (1, 5), (6, 1), (1, 7), (6, 2), (2, 7), (3, 5), (7, 3), (4, 7)], [(0, 1), (2, 0), (2, 1), (2, 4), (2, 7), (4, 0), (4, 1), (5, 1), (5, 2), (5, 3), (5, 6), (5, 7), (6, 1), (6, 2), (6, 3), (6, 7), (7, 0), (7, 1), (7, 3), (7, 4)]], [[(0, 1), (0, 5), (1, 5), (2, 0), (2, 1), (2, 3), (2, 5), (2, 6), (3, 0), (3, 4), (3, 6), (4, 0), (4, 1), (6, 0), (6, 1), (6, 4), (6, 5), (7, 3), (7, 4), (7, 5), (7, 6)], [(0, 2), (0, 4), (1, 4), (2, 3), (3, 7), (4, 7), (5, 1), (5, 2), (5, 4), (6, 3), (6, 4), (6, 5)], [(0, 1), (0, 2), (0, 3), (0, 4), (1, 5), (2, 3), (2, 5), (3, 7), (4, 1), (4, 5), (4, 6), (4, 7), (6, 2), (6, 3), (6, 5)], [(1, 0), (2, 0), (3, 0), (4, 0), (0, 5), (6, 0), (1, 4), (1, 5), (1, 6), (2, 3), (2, 4), (2, 5), (2, 6), (4, 3), (3, 6), (3, 7), (4, 6), (4, 7), (6, 5), (7, 5)], [(0, 2), (4, 0), (4, 1), (1, 5), (3, 2), (2, 5), (3, 6), (7, 3), (4, 5), (4, 6), (7, 4), (6, 5)], [(0, 1), (0, 3), (0, 4), (0, 5), (0, 6), (2, 0), (2, 1), (2, 3), (2, 4), (2, 5), (2, 6), (4, 1), (5, 1), (5, 4), (5, 6), (6, 1), (6, 3), (6, 4), (7, 0), (7, 1), (7, 3), (7, 5), (7, 6)]], [[(0, 1), (0, 2), (0, 4), (0, 5), (0, 7), (1, 5), (1, 7), (2, 3), (2, 4), (2, 5), (3, 4), (5, 3), (5, 4), (6, 1), (6, 2), (6, 4), (6, 5), (7, 2), (7, 3), (7, 4)], [(0, 5), (0, 7), (1, 6), (1, 7), (2, 4), (2, 6), (3, 4), (3, 5), (3, 7), (4, 5), (4, 6), (5, 1)], [(0, 7), (1, 5), (1, 6), (1, 7), (2, 3), (2, 4), (2, 6), (3, 4), (5, 0), (5, 3), (5, 4), (6, 4), (7, 3)], [(0, 1), (0, 2), (0, 3), (0, 4), (0, 5), (0, 7), (1, 5), (6, 1), (1, 7), (3, 2), (4, 2), (5, 2), (6, 2), (4, 3), (3, 5), (3, 7), (4, 5), (6, 4), (7, 5)], [(5, 0), (7, 0), (5, 1), (1, 6), (1, 7), (2, 4), (2, 6), (3, 4), (3, 5), (3, 7), (4, 5), (4, 6)], [(0, 1), (0, 2), (0, 5), (0, 7), (1, 5), (1, 7), (2, 5), (2, 6), (3, 0), (3, 2), (3, 4), (3, 5), (3, 6), (3, 7), (4, 2), (4, 5), (4, 6), (6, 1), (7, 5)]], [[(0, 1), (0, 6), (0, 7), (2, 1), (2, 3), (2, 4), (2, 5), (2, 7), (3, 1), (3, 4), (3, 7), (4, 1), (5, 1), (5, 3), (5, 4), (5, 7), (6, 1), (6, 3), (6, 4), (6, 7), (7, 4)], [(0, 4), (0, 6), (0, 7), (2, 4), (2, 7), (5, 1), (5, 2), (6, 3), (6, 4)], [(0, 7), (1, 5), (1, 7), (3, 1), (3, 5), (4, 0), (4, 2), (4, 5), (4, 6), (5, 2), (6, 0), (6, 3), (6, 7), (7, 2)], [(0, 1), (0, 3), (0, 4), (6, 0), (0, 7), (1, 3), (1, 4), (5, 1), (7, 1), (2, 3), (2, 4), (5, 2), (2, 7), (4, 3), (5, 3), (7, 3), (5, 4), (6, 4), (5, 7), (6, 7)], [(0, 4), (0, 6), (0, 7), (1, 5), (2, 4), (2, 5), (2, 7), (6, 3), (6, 4)], [(0, 1), (0, 2), (0, 4), (0, 5), (0, 6), (0, 7), (1, 2), (1, 3), (1, 4), (1, 5), (1, 6), (2, 3), (2, 5), (3, 4), (4, 6), (5, 3), (5, 4), (5, 6), (7, 1), (7, 2), (7, 3), (7, 5), (7, 6)]], [[(0, 3), (0, 4), (0, 5), (2, 1), (2, 3), (2, 4), (2, 5), (2, 7), (3, 5), (4, 1), (4, 3), (4, 5), (5, 1), (6, 1), (6, 4), (6, 5), (6, 7), (7, 0), (7, 1), (7, 3), (7, 4)], [(0, 4), (0, 7), (1, 6), (2, 1), (2, 3), (2, 5), (2, 7), (3, 7), (4, 5), (4, 6), (5, 1), (6, 7)], [(0, 1), (0, 4), (0, 7), (1, 6), (2, 1), (2, 3), (2, 5), (2, 7), (3, 7), (4, 3), (4, 5), (5, 1), (7, 6)], [(0, 2), (0, 4), (0, 5), (0, 7), (2, 1), (3, 1), (4, 1), (1, 5), (6, 1), (1, 7), (3, 2), (2, 4), (2, 5), (2, 7), (3, 4), (3, 5), (3, 7), (4, 5), (6, 4), (6, 5), (6, 7)], [(0, 4), (7, 0), (2, 1), (1, 5), (6, 1), (3, 2), (2, 5), (2, 7), (3, 7), (4, 5), (6, 4), (6, 7)], [(0, 1), (0, 4), (0, 5), (0, 7), (1, 2), (1, 4), (1, 5), (2, 5), (3, 2), (3, 4), (3, 7), (5, 4), (6, 1), (6, 4), (6, 7), (7, 1), (7, 2)]], [[(0, 1), (0, 2), (0, 3), (0, 4), (0, 5), (1, 2), (1, 3), (1, 5), (2, 3), (2, 4), (2, 5), (4, 3), (5, 3), (5, 4), (6, 0), (6, 1), (6, 2), (6, 3), (6, 4), (6, 5), (7, 0), (7, 1), (7, 3), (7, 4), (7, 5)], [(0, 1), (0, 2), (1, 6), (1, 7), (2, 6), (3, 4), (3, 6), (3, 7), (4, 0), (5, 0), (5, 2), (5, 4)], [(0, 1), (0, 2), (0, 3), (0, 5), (1, 3), (1, 7), (2, 5), (2, 7), (3, 4), (3, 6), (3, 7), (5, 4), (6, 2)], [(1, 0), (0, 2), (3, 0), (0, 4), (0, 5), (0, 6), (7, 0), (1, 4), (1, 5), (1, 6), (1, 7), (3, 2), (4, 2), (5, 2), (2, 6), (7, 2), (3, 4), (3, 5), (3, 6), (3, 7), (4, 5), (4, 6), (7, 5), (7, 6)], [(0, 1), (0, 2), (0, 4), (0, 5), (6, 1), (7, 1), (2, 5), (6, 2), (3, 4), (6, 3), (7, 3), (5, 4)], [(1, 0), (1, 3), (1, 6), (1, 7), (2, 0), (2, 3), (3, 0), (4, 1), (4, 2), (4, 3), (4, 5), (4, 6), (4, 7), (5, 0), (5, 2), (5, 6), (5, 7), (6, 0), (6, 2), (6, 3), (7, 0), (7, 3)]], [[(1, 0), (1, 3), (1, 5), (3, 0), (3, 2), (3, 5), (4, 0), (4, 2), (4, 7), (5, 2), (6, 0), (6, 1), (6, 2), (6, 3), (6, 5), (6, 7), (7, 0), (7, 1), (7, 3), (7, 5)], [(0, 1), (0, 6), (1, 3), (1, 4), (2, 3), (2, 6), (4, 5), (5, 2), (5, 6), (7, 0), (7, 4)], [(0, 7), (1, 0), (1, 3), (2, 3), (2, 5), (2, 6), (4, 3), (5, 6), (6, 0), (7, 4)], [(0, 1), (0, 2), (0, 4), (0, 6), (0, 7), (2, 1), (3, 1), (1, 5), (6, 1), (7, 1), (3, 2), (4, 2), (2, 5), (2, 6), (2, 7), (3, 4), (3, 5), (3, 7), (4, 5), (4, 6), (4, 7), (6, 5), (7, 5), (6, 7)], [(1, 0), (6, 0), (0, 7), (3, 1), (4, 1), (2, 3), (2, 5), (2, 6), (4, 5), (4, 7), (5, 6)], [(0, 6), (0, 7), (1, 2), (1, 4), (1, 7), (2, 0), (2, 4), (2, 6), (3, 0), (3, 1), (3, 2), (3, 4), (3, 7), (4, 0), (4, 6), (4, 7), (5, 0), (5, 2), (5, 4), (5, 7), (6, 7)]], [[(1, 2), (1, 3), (1, 6), (2, 0), (2, 4), (3, 2), (3, 4), (4, 0), (5, 0), (5, 1), (5, 2), (5, 3), (5, 4), (6, 0), (6, 4), (7, 1), (7, 3), (7, 4)], [(0, 7), (1, 2), (1, 3), (2, 4), (3, 7), (4, 7), (5, 0), (5, 2), (6, 0), (6, 1), (6, 4)], [(0, 5), (0, 6), (1, 2), (1, 3), (1, 7), (2, 4), (3, 7), (5, 2), (5, 4), (6, 1), (6, 4), (7, 4)], [(0, 1), (0, 2), (0, 3), (0, 4), (5, 0), (0, 6), (0, 7), (1, 2), (1, 3), (1, 6), (1, 7), (2, 3), (2, 4), (5, 2), (2, 6), (3, 4), (5, 3), (7, 3), (5, 4), (6, 4), (7, 4), (5, 6), (5, 7), (7, 6)], [(5, 0), (6, 0), (0, 7), (1, 2), (1, 3), (6, 1), (2, 4), (5, 2), (3, 7), (6, 4), (7, 4)], [(1, 2), (1, 3), (1, 5), (1, 6), (1, 7), (2, 0), (2, 4), (2, 5), (3, 4), (3, 5), (3, 7), (4, 0), (5, 0), (5, 4), (6, 0), (6, 4), (7, 4)]], [[(0, 5), (0, 6), (0, 7), (1, 3), (2, 1), (2, 3), (2, 6), (2, 7), (3, 7), (4, 3), (4, 5), (4, 6), (4, 7), (6, 1), (6, 5), (7, 5)], [(1, 2), (1, 3), (2, 7), (4, 7), (5, 0), (5, 7), (6, 1), (6, 4)], [(0, 5), (0, 7), (1, 2), (1, 3), (2, 7), (3, 7), (4, 2), (4, 6), (4, 7), (5, 7), (6, 1), (6, 5)], [(2, 0), (3, 0), (5, 0), (6, 0), (7, 0), (2, 1), (1, 3), (6, 1), (2, 3), (2, 6), (2, 7), (4, 3), (3, 5), (3, 7), (4, 6), (4, 7), (6, 5), (5, 7), (6, 7)], [(5, 0), (2, 1), (1, 3), (6, 1), (2, 7), (4, 6), (4, 7), (5, 7)], [(0, 2), (0, 4), (0, 5), (0, 6), (0, 7), (1, 2), (1, 6), (3, 1), (3, 4), (3, 6), (3, 7), (4, 5), (6, 4), (6, 5), (7, 2), (7, 4), (7, 5), (7, 6)]], [[(0, 1), (0, 2), (0, 3), (0, 4), (1, 4), (3, 1), (3, 2), (3, 4), (3, 5), (3, 7), (4, 2), (5, 1), (5, 4), (5, 6), (5, 7), (6, 1), (6, 4), (7, 2), (7, 4)], [(0, 1), (0, 3), (1, 3), (1, 4), (1, 5), (2, 4), (2, 7), (3, 7), (5, 7), (6, 5)], [(1, 0), (1, 3), (1, 4), (1, 5), (3, 0), (3, 7), (4, 2), (5, 7), (6, 4), (6, 5), (7, 2)], [(1, 0), (0, 2), (3, 0), (0, 4), (0, 5), (1, 3), (1, 4), (1, 5), (3, 2), (4, 2), (7, 2), (3, 4), (3, 5), (6, 3), (3, 7), (5, 4), (6, 4), (7, 4), (6, 5), (5, 7)], [(1, 0), (3, 0), (1, 3), (1, 4), (1, 5), (4, 2), (7, 2), (3, 7), (6, 5), (5, 7)], [(0, 1), (0, 3), (2, 0), (2, 3), (2, 4), (2, 7), (3, 5), (4, 0), (4, 1), (4, 3), (4, 5), (5, 1), (5, 6), (6, 1), (7, 0), (7, 1), (7, 3), (7, 5)]], [[(0, 1), (0, 2), (0, 5), (0, 6), (1, 2), (1, 3), (1, 4), (1, 5), (1, 6), (3, 2), (3, 7), (4, 2), (4, 3), (4, 6), (4, 7), (5, 2), (5, 3), (6, 2), (6, 3), (6, 7), (7, 2)], [(0, 1), (0, 2), (1, 3), (2, 6), (3, 4), (3, 6), (4, 2), (5, 0), (5, 2), (5, 3), (7, 3), (7, 4), (7, 6)], [(0, 1), (0, 2), (0, 5), (1, 3), (2, 4), (2, 5), (3, 4), (3, 5), (3, 7), (6, 2), (6, 3), (6, 7), (7, 4)], [(1, 0), (0, 2), (0, 3), (0, 5), (1, 2), (1, 3), (4, 1), (1, 6), (3, 2), (4, 2), (5, 2), (6, 2), (7, 2), (4, 3), (3, 5), (3, 6), (3, 7), (4, 5), (4, 6), (4, 7), (5, 6), (6, 7)], [(1, 0), (0, 2), (0, 5), (1, 3), (4, 2), (2, 5), (2, 6), (4, 3), (3, 5), (3, 6), (7, 3), (7, 4), (7, 6)], [(0, 1), (0, 2), (0, 3), (0, 7), (2, 1), (2, 3), (2, 4), (2, 5), (3, 1), (3, 4), (5, 1), (5, 3), (6, 1), (6, 2), (6, 3), (6, 5), (7, 3), (7, 4), (7, 6)]], [[(0, 2), (0, 4), (0, 5), (0, 6), (0, 7), (1, 3), (1, 4), (1, 5), (1, 6), (2, 1), (2, 3), (2, 5), (2, 7), (3, 5), (3, 7), (4, 3), (4, 5), (4, 6), (4, 7), (6, 3), (6, 5), (7, 5)], [(0, 4), (0, 6), (1, 2), (1, 3), (1, 4), (1, 6), (3, 4), (5, 0), (5, 3), (6, 3), (7, 2), (7, 5)], [(0, 4), (0, 5), (0, 6), (1, 2), (1, 3), (1, 4), (1, 6), (3, 4), (5, 2), (5, 3), (5, 7), (6, 3), (7, 2)], [(2, 0), (0, 3), (0, 4), (0, 5), (0, 6), (0, 7), (2, 1), (1, 3), (1, 4), (1, 5), (1, 6), (1, 7), (2, 5), (2, 7), (3, 4), (5, 3), (6, 3), (3, 7), (5, 4), (7, 4), (6, 5)], [(0, 4), (5, 0), (0, 6), (1, 2), (1, 3), (1, 4), (1, 6), (7, 2), (3, 4), (5, 3), (6, 3), (7, 5)], [(0, 3), (2, 1), (2, 3), (2, 4), (3, 1), (4, 0), (4, 1), (5, 0), (5, 1), (5, 3), (5, 6), (6, 0), (6, 1), (6, 2), (6, 3), (7, 2), (7, 3), (7, 4), (7, 5), (7, 6)]], [[(0, 6), (1, 0), (2, 0), (2, 1), (2, 3), (2, 4), (2, 6), (3, 0), (3, 6), (4, 0), (4, 1), (4, 3), (5, 0), (5, 4), (5, 7), (7, 1), (7, 3), (7, 4), (7, 6)], [(0, 4), (0, 5), (0, 6), (1, 4), (2, 1), (2, 6), (3, 6), (5, 4), (6, 4), (7, 1), (7, 4)], [(0, 3), (0, 6), (1, 0), (1, 2), (1, 4), (1, 7), (2, 6), (3, 6), (4, 0), (4, 5), (4, 7), (5, 0)], [(0, 1), (3, 0), (0, 4), (0, 5), (0, 6), (2, 1), (4, 1), (5, 1), (1, 7), (2, 4), (2, 5), (2, 6), (2, 7), (3, 4), (3, 6), (4, 5), (4, 7), (5, 7), (7, 6)], [(4, 0), (0, 5), (0, 6), (2, 1), (1, 4), (7, 1), (2, 6), (6, 3), (4, 5), (4, 6), (7, 4)], [(0, 1), (0, 4), (0, 6), (0, 7), (2, 1), (2, 4), (2, 6), (3, 4), (3, 6), (4, 1), (5, 0), (5, 3), (5, 4), (5, 7), (7, 1), (7, 3), (7, 4), (7, 6)]], [[(0, 1), (0, 2), (0, 5), (0, 6), (0, 7), (2, 7), (3, 1), (3, 6), (4, 1), (6, 1), (7, 1), (7, 3), (7, 5), (7, 6)], [(0, 1), (2, 0), (2, 7), (3, 1), (4, 1), (6, 0), (6, 1), (7, 1), (7, 3), (7, 5)], [(0, 6), (1, 0), (1, 3), (1, 4), (1, 6), (1, 7), (2, 0), (2, 7), (6, 3), (7, 3), (7, 5)], [(0, 1), (0, 2), (0, 5), (0, 6), (7, 0), (3, 1), (4, 1), (6, 1), (7, 1), (7, 2), (3, 6), (7, 3), (7, 5), (7, 6)], [(0, 1), (0, 2), (0, 6), (3, 1), (4, 1), (1, 6), (7, 1), (7, 2), (7, 3), (7, 5)], [(0, 1), (0, 5), (0, 6), (2, 0), (2, 7), (3, 1), (3, 6), (4, 1), (6, 1), (7, 0), (7, 1), (7, 3), (7, 5), (7, 6)]], [[(0, 2), (0, 3), (0, 5), (1, 6), (2, 1), (2, 3), (2, 5), (4, 3), (5, 1), (5, 3), (5, 4), (5, 6), (6, 3), (6, 4), (7, 1), (7, 2), (7, 4), (7, 5), (7, 6)], [(0, 2), (0, 3), (0, 5), (1, 2), (1, 6), (1, 7), (2, 6), (2, 7), (3, 4), (3, 5), (3, 6), (4, 7)], [(0, 2), (0, 3), (0, 4), (0, 5), (1, 2), (1, 6), (1, 7), (2, 6), (4, 3), (5, 3), (6, 3), (7, 2), (7, 4)], [(0, 2), (3, 0), (4, 0), (5, 0), (0, 6), (1, 2), (1, 3), (1, 6), (1, 7), (3, 2), (6, 2), (2, 7), (3, 4), (5, 3), (3, 6), (3, 7), (5, 4), (4, 6), (4, 7), (5, 6), (5, 7), (6, 7)], [(0, 2), (0, 3), (0, 5), (1, 2), (1, 6), (1, 7), (2, 6), (7, 2), (4, 3), (5, 3), (6, 3), (4, 7)], [(0, 3), (0, 4), (0, 6), (2, 0), (2, 1), (2, 6), (3, 4), (3, 6), (4, 6), (5, 0), (5, 1), (5, 2), (5, 4), (5, 6), (6, 1), (7, 0), (7, 1), (7, 2), (7, 3), (7, 4), (7, 5)]], [[(0, 3), (0, 4), (0, 5), (0, 6), (0, 7), (1, 2), (1, 4), (1, 6), (1, 7), (3, 1), (3, 2), (3, 5), (3, 6), (3, 7), (4, 2), (5, 2), (5, 4), (6, 4), (6, 5), (7, 2), (7, 4), (7, 5)], [(0, 4), (0, 5), (0, 6), (0, 7), (1, 2), (1, 3), (1, 4), (2, 5), (2, 7), (6, 5), (7, 5)], [(0, 4), (0, 5), (0, 6), (0, 7), (1, 2), (1, 3), (1, 4), (2, 7), (3, 6), (4, 7), (5, 2), (5, 4), (5, 7), (6, 5)], [(3, 0), (0, 4), (0, 5), (0, 6), (0, 7), (1, 2), (3, 1), (1, 4), (1, 5), (1, 6), (1, 7), (3, 2), (4, 2), (5, 2), (7, 2), (3, 5), (3, 6), (3, 7), (5, 4), (6, 4), (4, 7), (6, 5), (5, 7), (6, 7)], [(0, 4), (0, 5), (0, 6), (0, 7), (2, 1), (1, 3), (1, 4), (2, 5), (2, 7), (5, 6), (7, 5)], [(0, 5), (1, 0), (2, 1), (2, 5), (2, 6), (2, 7), (3, 0), (3, 1), (3, 2), (3, 5), (3, 6), (4, 0), (4, 1), (4, 3), (4, 5), (4, 6), (6, 0), (6, 5), (6, 7), (7, 0), (7, 5)]], [[(0, 2), (0, 3), (0, 5), (0, 7), (1, 0), (1, 2), (1, 5), (2, 5), (3, 5), (3, 7), (4, 0), (4, 2), (4, 3), (4, 7), (6, 0), (6, 2), (6, 3), (6, 5), (6, 7), (7, 2), (7, 5)], [(0, 1), (0, 2), (0, 4), (0, 6), (1, 5), (2, 5), (2, 7), (3, 0), (3, 6), (3, 7), (4, 7), (6, 7)], [(0, 1), (0, 2), (0, 3), (0, 4), (0, 6), (2, 3), (2, 5), (2, 7), (3, 6), (3, 7), (4, 7), (5, 1), (6, 7)], [(1, 0), (2, 0), (0, 3), (4, 0), (5, 0), (0, 6), (1, 3), (1, 5), (1, 6), (2, 3), (2, 4), (2, 5), (2, 7), (4, 3), (5, 3), (6, 3), (3, 7), (4, 6), (4, 7), (5, 6), (5, 7), (6, 7)], [(1, 0), (2, 0), (0, 3), (4, 0), (0, 6), (1, 5), (2, 5), (2, 7), (6, 3), (3, 7), (4, 7), (6, 7)], [(0, 2), (1, 0), (1, 5), (2, 7), (3, 0), (3, 2), (3, 7), (4, 0), (4, 7), (5, 0), (5, 2), (5, 3), (5, 7), (6, 0), (6, 2), (6, 3), (6, 5), (6, 7)]], [[(0, 2), (0, 3), (0, 4), (0, 5), (0, 7), (1, 5), (1, 7), (3, 1), (3, 2), (3, 4), (3, 5), (4, 5), (4, 7), (5, 2), (6, 1), (6, 2), (6, 3), (6, 4), (6, 5), (6, 7), (7, 2), (7, 5)], [(0, 3), (0, 5), (0, 7), (1, 6), (1, 7), (2, 5), (2, 7), (3, 1), (4, 3), (4, 5), (5, 6)], [(0, 5), (1, 3), (1, 6), (2, 5), (2, 7), (3, 0), (3, 4), (5, 4), (5, 6), (7, 1)], [(0, 1), (2, 0), (0, 3), (0, 4), (5, 0), (0, 6), (2, 1), (1, 3), (1, 4), (1, 6), (1, 7), (2, 3), (5, 2), (2, 6), (2, 7), (4, 3), (5, 3), (5, 4), (5, 6), (5, 7), (7, 6)], [(0, 3), (0, 5), (0, 7), (3, 1), (1, 6), (1, 7), (5, 2), (7, 2), (4, 3), (4, 5), (5, 6)], [(0, 2), (0, 3), (0, 4), (0, 5), (1, 2), (1, 4), (1, 5), (1, 7), (2, 7), (3, 1), (3, 2), (3, 4), (3, 5), (5, 2), (5, 4), (6, 1), (6, 3), (6, 5), (6, 7)]], [[(0, 1), (0, 2), (0, 3), (0, 5), (0, 6), (0, 7), (1, 3), (1, 4), (1, 5), (1, 6), (1, 7), (2, 3), (2, 5), (2, 7), (3, 5), (3, 7), (4, 2), (4, 3), (4, 5), (5, 7), (6, 3), (6, 4), (6, 7)], [(0, 1), (0, 2), (1, 5), (3, 0), (3, 5), (4, 1), (6, 0), (6, 7), (7, 2), (7, 3)], [(0, 1), (0, 2), (0, 3), (0, 6), (1, 4), (1, 5), (3, 5), (3, 7), (7, 1), (7, 2), (7, 4)], [(1, 0), (2, 0), (5, 0), (0, 6), (3, 1), (4, 1), (5, 1), (1, 6), (1, 7), (3, 2), (4, 2), (5, 2), (2, 6), (7, 2), (3, 5), (3, 6), (3, 7), (4, 5), (5, 7), (7, 6)], [(0, 1), (0, 2), (3, 0), (6, 0), (1, 4), (1, 5), (7, 2), (3, 5), (7, 3), (7, 6)], [(0, 1), (0, 2), (0, 3), (0, 4), (0, 5), (0, 7), (1, 3), (2, 3), (4, 1), (4, 3), (5, 1), (5, 3), (5, 7), (6, 0), (6, 1), (6, 2), (6, 3), (6, 5), (6, 7), (7, 2), (7, 3), (7, 4)]], [[(0, 2), (0, 3), (0, 6), (0, 7), (1, 0), (1, 3), (1, 4), (1, 6), (2, 3), (2, 7), (4, 2), (4, 3), (4, 6), (5, 0), (5, 2), (5, 3), (5, 4), (5, 6), (5, 7), (6, 2)], [(0, 5), (1, 0), (1, 4), (2, 3), (2, 7), (4, 3), (5, 3), (5, 7), (6, 2), (6, 4)], [(1, 0), (2, 0), (2, 3), (2, 6), (2, 7), (3, 4), (4, 1), (4, 6), (5, 0), (5, 3), (5, 7)], [(1, 0), (3, 0), (0, 4), (5, 0), (0, 6), (0, 7), (1, 2), (1, 3), (1, 4), (1, 6), (3, 2), (2, 4), (5, 2), (2, 6), (2, 7), (3, 4), (5, 3), (4, 6), (5, 6), (5, 7)], [(1, 0), (5, 0), (4, 1), (2, 3), (2, 6), (2, 7), (3, 4), (5, 3), (4, 6), (5, 7)], [(0, 1), (0, 2), (0, 3), (0, 4), (0, 6), (0, 7), (1, 3), (2, 3), (2, 4), (4, 1), (4, 3), (5, 0), (5, 1), (5, 3), (5, 6), (5, 7), (6, 1), (6, 2), (6, 4), (7, 2), (7, 6)]], [[(0, 3), (0, 4), (0, 6), (0, 7), (1, 0), (1, 3), (1, 5), (1, 6), (1, 7), (2, 0), (2, 3), (2, 4), (2, 6), (2, 7), (3, 7), (4, 3), (5, 0), (5, 2), (5, 4), (6, 3), (6, 4)], [(0, 4), (0, 7), (1, 0), (1, 6), (2, 4), (3, 7), (4, 3), (4, 6), (5, 0), (5, 1)], [(0, 7), (1, 0), (1, 6), (2, 7), (3, 4), (3, 7), (4, 0), (4, 2), (4, 6), (5, 0), (5, 2)], [(1, 0), (2, 0), (3, 0), (4, 0), (5, 0), (0, 7), (1, 2), (3, 1), (1, 5), (1, 6), (1, 7), (3, 2), (4, 2), (5, 2), (2, 6), (2, 7), (4, 3), (3, 6), (3, 7), (4, 5), (4, 6)], [(1, 0), (4, 0), (0, 5), (0, 7), (1, 5), (1, 6), (4, 2), (4, 3), (7, 3), (4, 6)], [(1, 0), (1, 6), (2, 1), (2, 4), (2, 6), (2, 7), (3, 1), (3, 2), (3, 4), (3, 6), (3, 7), (4, 0), (4, 6), (5, 0), (5, 1), (5, 2), (5, 3), (5, 4), (7, 0), (7, 1)]], [[(0, 1), (0, 2), (0, 3), (0, 5), (0, 6), (0, 7), (1, 5), (1, 7), (2, 3), (2, 4), (2, 5), (2, 6), (2, 7), (3, 1), (3, 7), (4, 3), (4, 5), (4, 6), (6, 1), (6, 5), (7, 5)], [(0, 3), (1, 6), (3, 1), (3, 2), (4, 2), (4, 3), (5, 2), (6, 2), (7, 2)], [(0, 3), (2, 0), (2, 3), (2, 4), (2, 5), (2, 6), (3, 1), (3, 7), (4, 3), (6, 0), (6, 1), (7, 1)], [(0, 2), (3, 0), (0, 4), (0, 6), (0, 7), (1, 2), (3, 1), (5, 1), (1, 6), (1, 7), (3, 2), (4, 2), (5, 2), (6, 2), (7, 2), (3, 4), (5, 3), (3, 6), (3, 7), (5, 4), (6, 4), (5, 6), (5, 7)], [(0, 3), (3, 1), (6, 1), (2, 3), (4, 2), (5, 2), (2, 6), (2, 7), (4, 3)], [(0, 2), (0, 3), (1, 0), (1, 2), (1, 3), (3, 2), (4, 1), (4, 2), (4, 3), (5, 0), (5, 2), (5, 3), (6, 0), (6, 1), (6, 4), (6, 5), (7, 2), (7, 3), (7, 4), (7, 6)]], [[(0, 3), (0, 4), (0, 5), (1, 3), (2, 1), (2, 3), (2, 4), (2, 5), (4, 3), (4, 5), (5, 1), (6, 1), (6, 3), (6, 4), (6, 5), (7, 3), (7, 4), (7, 5)], [(0, 5), (1, 0), (1, 5), (2, 3), (2, 5), (3, 4), (4, 5), (6, 3), (7, 4), (7, 5)], [(0, 5), (1, 0), (1, 5), (2, 3), (2, 5), (3, 4), (5, 4), (5, 7), (6, 3), (7, 4)], [(1, 0), (0, 2), (3, 0), (4, 0), (0, 5), (7, 0), (1, 3), (1, 4), (1, 5), (7, 1), (3, 2), (4, 2), (5, 2), (6, 2), (7, 2), (3, 4), (3, 5), (6, 3), (4, 5), (6, 4), (7, 4), (6, 5), (7, 5)], [(1, 0), (5, 0), (5, 1), (2, 3), (2, 5), (3, 4), (6, 3), (4, 5), (7, 4), (7, 5)], [(0, 1), (0, 4), (0, 5), (1, 5), (2, 1), (2, 5), (2, 6), (3, 1), (3, 2), (3, 4), (3, 6), (4, 1), (4, 5), (6, 1), (7, 4), (7, 5)]], [[(0, 1), (0, 2), (0, 3), (0, 4), (0, 5), (0, 6), (0, 7), (1, 4), (2, 1), (2, 4), (2, 6), (2, 7), (3, 1), (3, 5), (3, 6), (3, 7), (4, 5), (5, 7), (7, 6)], [(0, 1), (0, 4), (1, 2), (2, 4), (3, 0), (3, 5), (4, 5), (6, 0), (6, 3), (6, 7), (7, 0), (7, 1)], [(0, 1), (0, 3), (0, 4), (0, 6), (0, 7), (2, 1), (2, 4), (3, 5), (3, 6), (3, 7), (4, 5), (7, 6)], [(0, 1), (2, 0), (0, 3), (0, 4), (6, 0), (0, 7), (2, 1), (1, 3), (4, 1), (6, 1), (2, 3), (2, 4), (6, 2), (3, 5), (6, 3), (3, 7), (4, 5), (6, 5), (5, 7), (6, 7)], [(0, 1), (0, 3), (0, 4), (0, 6), (0, 7), (2, 1), (1, 7), (2, 4), (3, 5), (3, 6), (4, 5), (7, 6)], [(0, 7), (1, 0), (1, 2), (1, 4), (2, 0), (3, 0), (3, 4), (3, 5), (3, 7), (4, 0), (4, 2), (4, 5), (5, 7), (6, 0), (6, 1), (6, 2), (6, 3), (6, 5), (6, 7)]], [[(1, 7), (2, 1), (2, 3), (2, 4), (2, 5), (2, 7), (3, 0), (3, 1), (3, 4), (3, 6), (4, 1), (4, 6), (5, 0), (5, 1), (5, 4), (5, 7), (6, 0), (6, 1), (6, 7), (7, 0)], [(0, 4), (0, 5), (1, 2), (1, 3), (1, 4), (1, 5), (1, 7), (2, 0), (2, 6), (3, 6), (6, 7), (7, 0)], [(0, 4), (1, 2), (1, 3), (1, 4), (1, 5), (1, 7), (2, 6), (3, 2), (3, 6), (5, 0), (7, 0), (7, 6)], [(0, 4), (0, 5), (0, 6), (0, 7), (2, 1), (3, 1), (4, 1), (5, 1), (7, 1), (3, 2), (2, 4), (2, 5), (2, 6), (7, 2), (3, 4), (3, 5), (3, 6), (3, 7), (4, 5), (4, 6), (6, 5), (7, 5), (7, 6)], [(2, 0), (4, 0), (5, 0), (7, 0), (2, 1), (3, 1), (1, 4), (5, 1), (1, 7), (2, 6), (3, 6), (7, 6)], [(2, 1), (3, 0), (3, 1), (3, 2), (4, 1), (4, 2), (4, 3), (4, 7), (5, 0), (5, 1), (5, 2), (6, 0), (6, 2), (6, 3), (6, 7), (7, 0), (7, 1), (7, 2)]], [[(0, 6), (1, 0), (1, 2), (1, 3), (1, 4), (1, 6), (2, 0), (2, 3), (2, 4), (2, 5), (2, 6), (4, 0), (5, 0), (5, 6), (7, 0), (7, 2), (7, 3), (7, 5)], [(0, 1), (0, 5), (1, 3), (2, 0), (2, 3), (2, 4), (2, 5), (4, 0), (6, 2), (6, 5), (7, 3)], [(0, 1), (0, 2), (0, 5), (1, 3), (2, 3), (2, 4), (2, 5), (2, 6), (4, 5), (6, 5), (7, 3)], [(1, 0), (2, 0), (0, 4), (0, 5), (0, 6), (7, 0), (2, 1), (3, 1), (1, 5), (1, 6), (7, 1), (3, 2), (2, 4), (2, 5), (2, 6), (7, 3), (4, 5), (7, 4), (5, 6), (7, 5)], [(0, 1), (2, 0), (4, 0), (5, 0), (1, 3), (2, 3), (2, 4), (5, 2), (6, 2), (7, 3), (6, 5)], [(0, 2), (0, 4), (0, 5), (1, 0), (1, 3), (1, 5), (2, 3), (2, 4), (5, 2), (5, 4), (6, 0), (6, 1), (6, 2), (6, 5), (6, 7), (7, 2), (7, 3), (7, 4)]], [[(0, 1), (0, 2), (0, 3), (2, 1), (2, 6), (3, 1), (4, 0), (4, 1), (4, 2), (4, 3), (4, 6), (4, 7), (5, 0), (5, 3), (5, 6), (6, 1), (6, 3), (7, 1), (7, 2), (7, 5), (7, 6)], [(0, 4), (1, 4), (2, 0), (2, 1), (2, 6), (3, 0), (4, 7), (5, 3), (5, 6), (5, 7)], [(0, 1), (0, 2), (0, 3), (0, 4), (1, 4), (2, 1), (2, 6), (3, 5), (5, 6), (5, 7), (7, 4)], [(0, 1), (0, 2), (0, 3), (0, 4), (5, 0), (0, 6), (1, 2), (1, 3), (1, 4), (2, 4), (5, 2), (2, 6), (2, 7), (4, 3), (5, 3), (6, 3), (5, 4), (6, 4), (7, 4), (5, 6), (5, 7), (7, 6)], [(0, 2), (3, 0), (0, 4), (2, 1), (1, 4), (2, 6), (5, 3), (7, 4), (5, 6), (7, 5)], [(0, 6), (1, 0), (1, 3), (1, 4), (1, 6), (2, 0), (2, 1), (2, 3), (2, 4), (2, 5), (2, 6), (3, 0), (3, 6), (4, 0), (4, 3), (4, 6), (5, 3), (5, 6), (7, 0), (7, 3), (7, 4), (7, 5)]], [[(0, 2), (0, 4), (0, 5), (0, 6), (0, 7), (1, 4), (1, 5), (1, 7), (2, 3), (2, 5), (2, 6), (4, 2), (4, 3), (4, 5), (4, 7), (5, 3), (6, 3), (6, 5), (7, 2), (7, 3), (7, 5)], [(1, 4), (2, 4), (3, 2), (5, 4), (6, 0), (6, 2), (7, 1), (7, 4)], [(0, 1), (1, 7), (2, 3), (2, 4), (2, 6), (3, 6), (4, 1), (4, 5), (5, 1), (5, 3), (6, 0)], [(1, 0), (4, 0), (5, 0), (7, 0), (4, 1), (1, 5), (6, 1), (7, 1), (2, 3), (2, 4), (2, 5), (2, 6), (7, 2), (4, 3), (5, 3), (6, 3), (7, 3), (4, 5), (7, 4), (6, 5), (7, 5)], [(6, 0), (4, 1), (7, 1), (2, 3), (4, 2), (2, 6), (4, 5), (7, 4)], [(0, 1), (0, 3), (0, 6), (3, 2), (3, 4), (3, 5), (3, 6), (3, 7), (4, 1), (4, 2), (5, 1), (5, 2), (5, 4), (5, 7), (6, 1), (6, 2), (6, 4), (6, 7), (7, 1), (7, 4)]], [[(0, 6), (1, 0), (1, 2), (1, 4), (1, 5), (1, 6), (3, 0), (3, 2), (3, 6), (4, 0), (4, 2), (4, 3), (4, 5), (4, 6), (5, 0), (5, 2), (6, 2), (7, 0), (7, 2), (7, 3), (7, 6)], [(0, 2), (1, 0), (1, 2), (1, 4), (2, 7), (3, 7), (4, 0), (5, 1), (6, 0), (6, 2), (6, 4)], [(0, 1), (0, 2), (0, 3), (0, 4), (1, 2), (3, 4), (3, 7), (4, 1), (4, 6), (5, 1), (6, 2), (7, 2)], [(0, 1), (2, 0), (3, 0), (0, 4), (0, 6), (2, 1), (3, 1), (5, 1), (1, 6), (1, 7), (2, 4), (5, 2), (2, 6), (2, 7), (3, 4), (3, 7), (6, 4), (7, 4), (6, 7)], [(1, 0), (0, 2), (4, 0), (6, 0), (1, 2), (4, 1), (5, 1), (6, 2), (7, 2), (7, 3), (6, 4)], [(0, 1), (2, 0), (2, 1), (2, 4), (3, 0), (3, 1), (3, 4), (3, 6), (4, 0), (5, 1), (5, 2), (6, 1), (6, 2), (6, 4), (7, 1), (7, 2), (7, 3), (7, 4)]], [[(0, 2), (1, 2), (1, 5), (1, 6), (1, 7), (2, 6), (3, 0), (3, 2), (3, 4), (3, 6), (4, 0), (4, 2), (4, 6), (4, 7), (5, 0), (5, 2), (5, 4), (5, 7), (7, 0), (7, 6)], [(0, 3), (0, 7), (1, 6), (1, 7), (2, 6), (3, 6), (4, 0), (4, 3), (4, 7), (5, 1), (5, 2), (5, 6), (5, 7)], [(0, 3), (0, 4), (0, 7), (1, 5), (1, 6), (1, 7), (3, 4), (3, 6), (4, 7), (5, 2), (5, 6), (5, 7), (6, 2)], [(0, 2), (0, 3), (0, 4), (7, 0), (1, 3), (1, 5), (1, 6), (7, 1), (2, 3), (2, 4), (2, 5), (6, 2), (7, 2), (4, 3), (5, 3), (6, 3), (7, 3), (5, 4), (6, 4), (7, 4), (6, 5), (7, 5)], [(3, 0), (4, 0), (7, 0), (5, 1), (1, 6), (1, 7), (5, 2), (6, 2), (4, 3), (3, 6), (4, 7), (5, 6), (5, 7)], [(0, 4), (0, 5), (1, 4), (1, 5), (1, 6), (1, 7), (2, 4), (2, 5), (3, 0), (3, 2), (3, 4), (3, 5), (4, 5), (6, 0), (6, 3), (6, 4), (7, 0), (7, 2), (7, 3), (7, 4), (7, 5)]], [[(0, 3), (0, 4), (0, 5), (0, 6), (0, 7), (2, 1), (3, 4), (3, 5), (3, 6), (4, 1), (4, 2), (4, 5), (4, 6), (5, 1), (5, 2), (6, 1), (6, 2), (6, 5), (6, 7), (7, 2), (7, 5)], [(0, 3), (0, 4), (1, 2), (1, 5), (4, 2), (5, 2), (5, 4), (6, 2), (7, 0), (7, 5)], [(0, 3), (0, 4), (0, 7), (1, 3), (2, 1), (2, 5), (4, 2), (5, 1), (5, 7), (6, 2)], [(3, 0), (4, 0), (5, 0), (6, 0), (2, 1), (4, 1), (5, 1), (6, 1), (2, 4), (2, 5), (2, 6), (2, 7), (3, 4), (3, 5), (3, 6), (3, 7), (5, 4), (6, 4), (7, 4), (5, 6), (7, 5)], [(0, 3), (4, 0), (0, 7), (2, 1), (5, 1), (4, 2), (2, 5), (6, 2), (4, 5), (5, 7)], [(0, 2), (0, 3), (0, 4), (0, 5), (1, 3), (1, 5), (2, 5), (3, 2), (3, 4), (3, 5), (3, 6), (4, 2), (4, 5), (6, 2), (6, 4), (6, 5), (7, 0), (7, 1), (7, 2), (7, 5), (7, 6)]], [[(1, 0), (1, 4), (2, 0), (2, 4), (2, 5), (2, 6), (2, 7), (3, 0), (3, 7), (4, 0), (5, 0), (5, 1), (5, 3), (5, 4), (5, 6), (5, 7), (6, 0), (6, 1), (6, 3), (6, 4), (6, 7), (7, 0), (7, 1), (7, 4)], [(0, 2), (0, 5), (1, 0), (1, 4), (1, 7), (2, 4), (2, 5), (2, 7), (3, 7), (5, 3), (6, 3), (6, 5)], [(0, 1), (0, 2), (0, 5), (1, 4), (2, 4), (2, 7), (3, 6), (5, 3), (5, 6), (6, 4), (7, 1), (7, 3)], [(1, 0), (2, 0), (0, 5), (6, 0), (7, 0), (1, 4), (1, 5), (1, 6), (1, 7), (3, 2), (4, 2), (2, 6), (2, 7), (3, 4), (3, 5), (3, 6), (3, 7), (4, 5), (4, 6), (6, 5), (7, 5), (7, 6)], [(1, 0), (2, 0), (5, 0), (4, 1), (7, 1), (2, 4), (2, 5), (7, 2), (5, 3), (3, 6), (7, 3), (5, 6)], [(0, 5), (1, 0), (1, 2), (1, 4), (1, 5), (1, 6), (1, 7), (2, 0), (2, 3), (3, 5), (4, 2), (4, 5), (4, 6), (6, 0), (6, 3), (6, 5), (7, 0), (7, 2), (7, 3), (7, 5)]], [[(1, 0), (1, 5), (1, 6), (1, 7), (2, 0), (2, 3), (2, 4), (2, 5), (2, 6), (2, 7), (3, 0), (3, 4), (3, 6), (4, 0), (4, 6), (5, 3), (5, 4), (5, 6), (5, 7), (7, 0), (7, 3), (7, 4), (7, 6)], [(1, 5), (1, 7), (2, 0), (2, 5), (2, 7), (3, 0), (3, 6), (4, 3), (4, 5), (4, 6), (4, 7), (5, 6)], [(0, 2), (1, 5), (1, 7), (2, 5), (2, 7), (3, 0), (3, 4), (3, 6), (4, 6), (4, 7), (6, 5)], [(0, 1), (0, 2), (3, 0), (0, 5), (0, 7), (4, 1), (5, 1), (6, 1), (7, 1), (3, 2), (4, 2), (2, 5), (2, 6), (7, 2), (4, 3), (3, 5), (3, 6), (4, 5), (4, 6), (4, 7), (6, 5), (7, 5), (7, 6)], [(0, 2), (3, 0), (1, 5), (1, 7), (2, 5), (2, 7), (3, 4), (6, 3), (5, 4), (6, 4), (4, 7), (6, 5)], [(0, 2), (0, 3), (0, 5), (0, 7), (1, 5), (1, 7), (3, 2), (3, 4), (3, 6), (4, 5), (4, 7), (5, 2), (6, 1), (6, 2), (6, 4), (6, 5), (7, 2)]], [[(0, 2), (0, 4), (0, 6), (0, 7), (1, 2), (1, 5), (2, 4), (2, 5), (3, 1), (3, 2), (3, 4), (3, 5), (6, 1), (6, 2), (6, 3), (6, 4), (6, 5), (6, 7), (7, 2), (7, 3)], [(0, 4), (0, 6), (0, 7), (1, 4), (1, 5), (2, 4), (2, 5), (2, 7), (3, 5), (4, 6), (6, 3), (6, 7)], [(0, 4), (2, 4), (2, 5), (2, 6), (2, 7), (3, 5), (3, 6), (5, 1), (6, 4), (6, 7), (7, 0)], [(1, 0), (0, 2), (0, 3), (4, 0), (5, 0), (0, 7), (1, 2), (1, 3), (1, 4), (5, 1), (1, 6), (4, 2), (5, 2), (6, 2), (7, 2), (4, 3), (5, 3), (6, 3), (4, 6), (4, 7), (5, 6), (6, 7)], [(0, 4), (0, 6), (0, 7), (1, 4), (5, 1), (2, 4), (2, 5), (2, 7), (3, 5), (3, 6), (4, 6), (6, 7)], [(0, 4), (0, 6), (0, 7), (2, 1), (2, 4), (2, 5), (2, 6), (2, 7), (3, 0), (3, 1), (3, 4), (3, 5), (3, 6), (5, 1), (6, 1), (6, 4), (6, 7)]], [[(0, 2), (0, 3), (0, 4), (0, 7), (1, 3), (2, 1), (2, 3), (2, 4), (2, 6), (2, 7), (4, 3), (5, 1), (5, 6), (6, 1), (6, 3), (6, 4), (7, 3), (7, 4), (7, 6)], [(0, 2), (1, 3), (1, 6), (2, 1), (2, 4), (2, 6), (3, 5), (3, 7), (4, 5), (5, 6), (6, 7)], [(1, 2), (1, 3), (1, 6), (2, 0), (2, 3), (2, 4), (2, 6), (3, 5), (5, 4), (5, 6), (7, 3), (7, 6)], [(1, 0), (0, 2), (0, 5), (0, 6), (7, 0), (1, 2), (1, 3), (1, 4), (1, 5), (1, 6), (7, 1), (3, 2), (4, 2), (6, 2), (7, 2), (6, 3), (7, 3), (4, 5), (4, 6), (5, 6), (7, 6)], [(2, 0), (2, 1), (1, 3), (6, 1), (2, 4), (2, 6), (5, 3), (7, 3), (5, 4), (5, 6), (7, 6)], [(0, 1), (0, 2), (0, 3), (0, 4), (0, 6), (0, 7), (1, 2), (1, 5), (1, 6), (3, 1), (3, 2), (3, 6), (4, 1), (4, 2), (4, 3), (4, 6), (6, 2), (6, 5), (7, 1), (7, 2), (7, 3), (7, 5), (7, 6)]], [[(0, 2), (0, 3), (0, 5), (0, 6), (0, 7), (1, 0), (1, 2), (1, 3), (1, 5), (1, 7), (2, 3), (2, 5), (3, 5), (3, 6), (4, 0), (4, 2), (4, 3), (4, 5), (4, 7), (7, 3), (7, 5), (7, 6)], [(0, 3), (0, 5), (0, 7), (1, 3), (1, 5), (3, 4), (3, 6), (4, 5), (4, 7), (5, 7), (6, 7)], [(0, 3), (0, 5), (1, 3), (1, 5), (2, 5), (3, 4), (5, 4), (6, 3), (6, 7), (7, 0), (7, 4)], [(0, 1), (0, 2), (3, 0), (0, 5), (6, 0), (0, 7), (1, 2), (3, 1), (4, 1), (1, 5), (6, 1), (1, 7), (3, 2), (5, 2), (7, 2), (4, 3), (3, 5), (6, 3), (4, 5), (4, 7), (7, 5), (6, 7)], [(0, 3), (0, 5), (0, 7), (1, 3), (1, 5), (4, 3), (6, 3), (4, 5), (4, 7), (5, 7), (6, 7)], [(0, 4), (0, 5), (0, 6), (1, 4), (1, 5), (2, 4), (2, 5), (2, 7), (3, 0), (3, 1), (3, 4), (3, 5), (3, 6), (3, 7), (4, 5), (7, 0), (7, 1), (7, 4), (7, 5), (7, 6)]], [[(0, 1), (0, 4), (0, 5), (0, 7), (1, 2), (1, 3), (1, 4), (1, 5), (1, 6), (2, 6), (2, 7), (3, 6), (4, 3), (4, 6), (5, 2), (5, 3), (5, 4), (5, 6), (5, 7), (7, 3), (7, 4)], [(0, 6), (1, 3), (1, 6), (2, 1), (3, 0), (4, 0), (4, 1), (4, 6), (5, 2), (7, 0), (7, 2), (7, 3)], [(0, 7), (1, 2), (1, 3), (1, 4), (1, 6), (2, 5), (2, 7), (3, 0), (3, 4), (3, 6), (3, 7), (4, 0), (6, 0), (6, 4)], [(1, 0), (0, 2), (0, 3), (4, 0), (0, 5), (0, 6), (0, 7), (1, 2), (1, 3), (4, 1), (1, 5), (1, 6), (2, 5), (2, 6), (2, 7), (4, 3), (3, 5), (6, 3), (3, 7), (4, 6), (4, 7), (5, 7)], [(0, 3), (4, 0), (0, 6), (0, 7), (1, 2), (3, 1), (4, 1), (1, 6), (2, 5), (2, 7), (3, 7), (4, 6)], [(1, 0), (1, 2), (3, 1), (3, 7), (4, 0), (4, 1), (4, 7), (5, 0), (5, 1), (5, 2), (5, 3), (5, 4), (5, 7), (6, 1), (6, 2), (6, 3), (6, 4), (7, 0), (7, 1), (7, 2)]], [[(0, 1), (0, 2), (0, 3), (0, 4), (0, 5), (0, 6), (0, 7), (1, 2), (1, 4), (1, 5), (1, 7), (3, 4), (3, 5), (3, 7), (4, 2), (4, 7), (5, 2), (5, 4), (5, 7), (6, 2), (6, 4), (6, 7), (7, 2)], [(0, 5), (1, 0), (1, 5), (2, 0), (2, 7), (3, 4), (3, 5), (3, 7), (4, 2), (6, 4), (7, 0)], [(0, 1), (0, 2), (0, 7), (4, 2), (4, 3), (4, 6), (5, 1), (5, 3), (7, 2), (7, 3)], [(0, 2), (0, 3), (0, 5), (0, 6), (0, 7), (2, 1), (1, 3), (4, 1), (1, 5), (1, 6), (4, 2), (2, 5), (2, 6), (7, 2), (4, 3), (5, 3), (3, 6), (7, 3), (4, 6), (4, 7), (5, 6)], [(1, 0), (0, 2), (5, 0), (0, 7), (1, 5), (4, 2), (2, 7), (3, 4), (3, 5), (3, 7), (6, 4)], [(0, 7), (1, 4), (1, 5), (1, 7), (2, 0), (2, 4), (2, 7), (3, 0), (3, 2), (3, 4), (3, 5), (3, 7), (4, 0), (5, 2), (5, 4), (5, 7), (6, 0), (6, 2), (6, 4)]], [[(0, 1), (2, 1), (2, 3), (2, 4), (2, 5), (2, 7), (3, 0), (3, 1), (4, 0), (4, 1), (4, 3), (5, 0), (5, 1), (5, 3), (5, 4), (6, 0), (6, 1), (6, 3), (6, 5), (7, 0), (7, 1), (7, 4), (7, 5), (7, 6)], [(0, 4), (1, 0), (1, 2), (2, 5), (3, 0), (3, 2), (4, 5), (6, 0), (7, 4), (7, 6)], [(0, 1), (0, 3), (0, 4), (0, 6), (0, 7), (2, 1), (2, 3), (2, 5), (3, 4), (4, 5), (4, 7), (6, 4), (6, 5), (6, 7)], [(0, 1), (2, 0), (0, 4), (0, 5), (6, 0), (0, 7), (2, 1), (1, 3), (1, 4), (1, 5), (1, 7), (2, 3), (2, 5), (6, 2), (2, 7), (4, 3), (5, 3), (6, 3), (4, 5), (6, 4), (4, 7), (6, 5), (7, 5), (6, 7)], [(1, 0), (0, 3), (4, 0), (6, 0), (1, 2), (3, 2), (2, 5), (4, 5), (4, 7), (6, 7)], [(0, 6), (1, 0), (1, 2), (1, 6), (2, 5), (2, 6), (3, 0), (3, 2), (3, 4), (3, 6), (4, 0), (4, 5), (4, 6), (5, 6), (7, 0), (7, 1), (7, 4), (7, 6)]], [[(0, 1), (0, 3), (0, 4), (0, 5), (0, 7), (1, 2), (1, 3), (1, 7), (2, 3), (3, 6), (4, 1), (4, 3), (4, 6), (4, 7), (5, 1), (5, 2), (5, 3), (7, 2), (7, 3), (7, 6)], [(0, 3), (0, 4), (0, 5), (0, 7), (1, 3), (1, 5), (1, 7), (2, 3), (2, 7), (4, 6), (7, 5)], [(0, 3), (0, 4), (0, 5), (0, 7), (1, 3), (2, 3), (3, 6), (4, 6), (5, 1), (7, 2)], [(2, 0), (3, 0), (0, 4), (0, 5), (0, 7), (1, 3), (1, 5), (1, 7), (2, 3), (2, 5), (2, 7), (3, 5), (3, 6), (3, 7), (4, 5), (4, 6), (7, 4), (7, 5), (7, 6)], [(3, 0), (0, 4), (0, 5), (0, 7), (1, 3), (1, 5), (1, 7), (2, 3), (2, 7), (4, 6), (5, 7)], [(0, 2), (1, 0), (1, 2), (1, 3), (1, 5), (3, 0), (3, 2), (3, 4), (3, 6), (4, 0), (4, 5), (4, 6), (5, 0), (5, 2), (7, 0), (7, 1), (7, 2), (7, 3), (7, 4), (7, 5), (7, 6)]], [[(0, 3), (1, 0), (2, 0), (2, 3), (2, 6), (4, 0), (4, 1), (4, 3), (4, 6), (4, 7), (5, 0), (5, 1), (5, 3), (5, 6), (5, 7), (6, 0), (6, 1), (6, 3), (7, 0), (7, 1), (7, 6)], [(0, 5), (0, 6), (1, 0), (1, 2), (1, 4), (2, 6), (3, 6), (4, 0), (4, 7), (5, 6), (5, 7), (6, 7)], [(0, 1), (0, 5), (0, 7), (1, 4), (2, 1), (2, 6), (5, 6), (5, 7), (6, 3), (6, 7), (7, 4)], [(0, 1), (2, 0), (3, 0), (4, 0), (5, 0), (2, 1), (5, 1), (7, 1), (2, 3), (2, 6), (4, 3), (3, 6), (7, 3), (4, 6), (4, 7), (5, 6), (5, 7), (7, 6)], [(0, 1), (0, 4), (5, 0), (6, 0), (2, 1), (1, 4), (2, 6), (6, 3), (4, 7), (5, 6), (5, 7), (6, 7)], [(0, 2), (0, 3), (0, 4), (0, 5), (0, 6), (0, 7), (1, 0), (1, 2), (1, 5), (1, 6), (1, 7), (2, 4), (2, 5), (3, 4), (5, 4), (6, 2), (6, 3), (6, 4), (6, 5), (6, 7), (7, 2), (7, 4), (7, 5)]], [[(0, 2), (0, 4), (0, 5), (0, 7), (1, 2), (1, 3), (1, 4), (1, 5), (1, 6), (2, 3), (2, 4), (2, 5), (2, 7), (3, 5), (4, 3), (4, 5), (4, 7), (6, 2), (6, 3), (6, 5), (6, 7), (7, 3), (7, 5)], [(0, 2), (0, 5), (0, 7), (1, 2), (1, 4), (1, 5), (2, 3), (3, 4), (5, 4), (6, 1), (6, 3), (6, 7)], [(0, 2), (0, 5), (0, 7), (1, 2), (1, 4), (1, 5), (1, 6), (2, 3), (3, 4), (3, 5), (5, 4), (6, 3), (6, 4), (6, 7), (7, 2)], [(0, 2), (0, 4), (0, 5), (0, 7), (2, 1), (3, 1), (4, 1), (5, 1), (6, 1), (2, 3), (2, 4), (2, 5), (6, 2), (7, 2), (5, 3), (6, 3), (7, 3), (5, 4), (6, 4), (7, 4), (6, 7)], [(0, 2), (0, 5), (0, 7), (1, 2), (1, 4), (1, 5), (6, 1), (2, 3), (3, 4), (6, 3), (5, 4), (6, 7)], [(0, 2), (0, 5), (1, 2), (1, 3), (1, 4), (1, 5), (3, 2), (3, 4), (3, 5), (4, 2), (5, 2), (5, 4), (6, 0), (6, 1), (6, 3), (6, 4), (7, 0), (7, 2), (7, 3), (7, 4), (7, 6)]], [[(0, 2), (0, 3), (0, 5), (1, 0), (1, 2), (1, 3), (1, 6), (1, 7), (3, 2), (4, 0), (4, 2), (4, 3), (4, 7), (5, 3), (6, 0), (6, 2), (6, 3), (6, 4), (6, 5), (7, 0), (7, 3), (7, 5)], [(0, 2), (1, 7), (3, 0), (3, 2), (4, 0), (5, 0), (6, 1), (6, 4), (7, 0), (7, 3)], [(0, 2), (0, 3), (0, 4), (0, 5), (0, 7), (1, 6), (1, 7), (2, 3), (3, 6), (4, 3), (4, 6), (6, 5)], [(0, 1), (0, 2), (0, 3), (4, 0), (0, 5), (0, 6), (7, 0), (1, 2), (3, 1), (6, 1), (7, 1), (3, 2), (4, 2), (6, 2), (4, 3), (3, 6), (4, 6), (7, 4), (6, 5), (7, 5), (7, 6)], [(0, 2), (0, 3), (4, 0), (0, 5), (0, 7), (6, 1), (1, 7), (3, 2), (3, 7), (6, 4)], [(0, 6), (1, 0), (1, 2), (1, 3), (1, 4), (1, 6), (2, 0), (2, 3), (2, 4), (2, 5), (2, 6), (3, 0), (3, 4), (3, 6), (4, 0), (4, 6), (5, 0), (5, 3), (5, 6), (7, 0), (7, 1), (7, 2), (7, 4), (7, 5), (7, 6)]], [[(0, 1), (0, 3), (0, 4), (0, 5), (0, 6), (2, 1), (2, 4), (2, 5), (2, 6), (4, 3), (4, 7), (5, 1), (5, 4), (6, 1), (6, 4)], [(0, 5), (1, 5), (2, 5), (4, 1), (4, 3), (4, 6), (6, 1), (6, 2), (7, 4)], [(1, 4), (1, 5), (1, 6), (4, 3), (4, 5), (4, 6), (4, 7), (5, 2), (6, 2)], [(0, 1), (0, 2), (0, 4), (1, 2), (4, 1), (1, 5), (6, 1), (3, 2), (2, 5), (6, 2), (3, 4), (6, 3), (4, 5), (6, 4), (4, 7), (6, 5)], [(0, 5), (1, 4), (5, 1), (6, 1), (2, 5), (6, 2), (4, 3), (6, 4), (4, 7)], [(0, 4), (0, 6), (1, 5), (1, 6), (2, 1), (2, 4), (2, 5), (2, 6), (3, 2), (3, 4), (4, 1), (4, 5), (4, 6), (4, 7), (6, 5)]], [[(1, 0), (1, 3), (1, 5), (2, 1), (2, 3), (2, 4), (2, 5), (2, 7), (3, 0), (3, 4), (3, 7), (4, 0), (4, 5), (5, 0), (5, 7), (6, 0), (6, 1), (6, 3), (6, 4), (6, 5), (6, 7), (7, 0)], [(0, 3), (0, 4), (0, 6), (1, 3), (1, 6), (2, 3), (4, 3), (4, 5), (5, 7), (6, 7)], [(0, 4), (1, 6), (2, 3), (3, 0), (3, 4), (4, 5), (6, 0), (6, 3), (6, 7), (7, 5)], [(0, 4), (5, 0), (0, 6), (0, 7), (1, 3), (5, 1), (1, 6), (1, 7), (3, 2), (4, 2), (6, 2), (7, 2), (4, 3), (3, 6), (7, 3), (5, 4), (5, 7), (7, 6)], [(3, 0), (0, 4), (6, 0), (1, 3), (6, 1), (3, 2), (3, 4), (4, 5), (7, 5), (7, 6)], [(0, 5), (0, 6), (1, 0), (1, 6), (1, 7), (3, 1), (3, 2), (3, 6), (3, 7), (4, 0), (4, 1), (4, 2), (4, 3), (4, 5), (4, 7), (6, 2), (7, 0), (7, 2), (7, 5), (7, 6)]], [[(0, 5), (1, 0), (1, 2), (1, 4), (1, 5), (3, 0), (3, 2), (3, 5), (3, 7), (4, 0), (4, 2), (5, 2), (6, 0), (6, 1), (6, 2), (6, 5), (6, 7), (7, 0), (7, 1), (7, 2)], [(0, 4), (0, 7), (1, 2), (1, 4), (1, 7), (2, 5), (5, 7), (6, 1), (7, 3)], [(0, 4), (0, 7), (1, 2), (1, 4), (1, 6), (5, 0), (5, 2), (5, 7), (6, 0), (7, 3), (7, 4)], [(0, 1), (0, 2), (4, 0), (0, 5), (0, 6), (0, 7), (2, 1), (1, 3), (4, 1), (1, 6), (1, 7), (2, 5), (2, 6), (2, 7), (3, 6), (7, 3), (4, 5), (4, 6), (4, 7), (5, 6), (5, 7), (7, 6)], [(4, 0), (7, 0), (2, 1), (4, 1), (1, 6), (1, 7), (2, 5), (3, 7), (7, 5)], [(0, 1), (0, 6), (0, 7), (2, 0), (2, 1), (2, 3), (2, 6), (2, 7), (3, 0), (3, 1), (3, 6), (3, 7), (4, 0), (4, 1), (4, 2), (4, 7), (5, 0), (5, 1), (5, 2), (5, 3), (5, 6), (5, 7), (6, 1), (7, 1)]], [[(0, 2), (0, 3), (0, 4), (0, 5), (0, 6), (0, 7), (1, 2), (1, 3), (1, 4), (1, 7), (3, 6), (3, 7), (4, 2), (4, 5), (6, 4), (7, 2), (7, 4), (7, 6)], [(0, 2), (0, 5), (1, 2), (1, 4), (3, 1), (4, 5), (6, 3), (7, 0)], [(0, 2), (0, 5), (0, 7), (1, 2), (1, 4), (1, 7), (3, 6), (4, 5), (6, 7)], [(0, 1), (0, 2), (0, 3), (0, 5), (0, 7), (2, 1), (3, 1), (4, 1), (6, 1), (7, 1), (2, 3), (4, 2), (2, 6), (2, 7), (4, 3), (6, 3), (3, 7), (4, 5), (4, 6), (6, 7)], [(0, 2), (0, 5), (7, 0), (1, 2), (3, 1), (1, 4), (6, 3), (4, 5)], [(0, 1), (0, 2), (0, 3), (0, 4), (0, 5), (2, 1), (2, 4), (3, 1), (3, 2), (3, 4), (4, 1), (4, 5), (6, 1), (6, 3), (6, 4), (7, 0), (7, 1), (7, 2), (7, 6)]], [[(0, 1), (0, 7), (1, 7), (2, 0), (2, 4), (2, 7), (3, 0), (3, 1), (4, 0), (4, 3), (4, 7), (5, 0), (5, 1), (5, 2), (5, 4), (6, 1), (6, 2), (6, 4), (6, 7)], [(0, 3), (0, 7), (1, 6), (1, 7), (2, 0), (2, 6), (2, 7), (4, 3), (5, 1), (5, 4)], [(0, 2), (0, 3), (0, 7), (1, 3), (1, 5), (1, 6), (1, 7), (2, 5), (2, 6), (4, 3), (5, 4)], [(0, 1), (2, 0), (3, 0), (4, 0), (5, 0), (7, 0), (3, 1), (4, 1), (5, 1), (7, 1), (2, 4), (2, 5), (6, 2), (2, 7), (4, 3), (3, 7), (4, 5), (4, 7), (6, 5), (5, 7), (6, 7)], [(2, 0), (3, 0), (0, 7), (5, 1), (1, 6), (1, 7), (2, 6), (2, 7), (4, 3), (5, 4)], [(1, 0), (1, 2), (1, 3), (1, 5), (2, 0), (3, 0), (4, 0), (5, 2), (5, 3), (5, 4), (6, 1), (6, 2), (6, 3), (6, 4), (7, 0), (7, 1), (7, 2), (7, 3), (7, 4), (7, 6)]], [[(0, 3), (0, 5), (0, 6), (1, 0), (1, 2), (1, 5), (1, 6), (1, 7), (2, 0), (2, 4), (2, 6), (3, 7), (4, 0), (4, 3), (4, 5), (4, 7), (5, 6), (5, 7), (6, 7)], [(0, 2), (0, 5), (0, 6), (1, 2), (1, 5), (1, 6), (2, 4), (3, 4), (3, 7), (4, 6), (5, 7), (6, 7)], [(0, 5), (1, 2), (1, 5), (1, 6), (2, 0), (2, 4), (4, 3), (4, 5), (4, 6), (6, 0), (6, 7), (7, 3), (7, 5)], [(2, 0), (3, 0), (0, 5), (6, 0), (7, 0), (1, 2), (1, 5), (6, 1), (2, 3), (2, 4), (3, 4), (3, 5), (3, 7), (4, 5), (7, 4), (7, 5), (6, 7)], [(0, 2), (0, 5), (0, 6), (2, 1), (5, 1), (6, 1), (4, 2), (4, 3), (3, 7), (4, 6), (5, 7), (6, 7)], [(0, 5), (1, 5), (2, 0), (2, 1), (2, 3), (2, 4), (2, 6), (3, 0), (3, 5), (3, 7), (4, 3), (4, 5), (4, 7), (6, 0), (6, 1), (7, 0), (7, 5), (7, 6)]], [[(0, 2), (1, 0), (1, 2), (1, 4), (1, 5), (1, 6), (3, 0), (3, 4), (3, 5), (4, 0), (4, 2), (4, 7), (5, 0), (5, 4), (5, 7), (6, 0), (6, 5), (6, 7), (7, 0), (7, 2)], [(0, 1), (0, 6), (1, 2), (1, 4), (2, 6), (2, 7), (3, 2), (3, 4), (3, 5), (4, 7), (5, 7), (6, 7)], [(0, 6), (1, 0), (2, 1), (2, 3), (2, 6), (2, 7), (3, 4), (3, 5), (4, 1), (4, 7), (5, 7), (7, 6)], [(1, 0), (2, 0), (3, 0), (4, 0), (5, 0), (6, 0), (7, 0), (1, 2), (1, 4), (1, 5), (1, 6), (1, 7), (4, 2), (2, 5), (2, 6), (2, 7), (3, 4), (3, 5), (4, 5), (4, 6), (5, 7), (7, 6)], [(1, 0), (0, 6), (2, 1), (4, 1), (3, 2), (2, 6), (2, 7), (3, 4), (5, 3), (4, 7), (5, 7), (7, 6)], [(0, 1), (0, 2), (0, 4), (0, 5), (1, 2), (3, 1), (3, 4), (3, 5), (4, 1), (4, 2), (4, 5), (6, 0), (6, 1), (6, 4), (6, 5), (7, 0), (7, 1), (7, 2), (7, 4), (7, 5), (7, 6)]], [[(0, 1), (0, 6), (2, 0), (2, 1), (2, 3), (2, 4), (2, 6), (2, 7), (4, 3), (4, 6), (5, 0), (5, 4), (5, 6), (6, 3), (7, 0), (7, 1), (7, 6)], [(0, 5), (0, 6), (1, 0), (1, 7), (2, 3), (2, 4), (2, 7), (3, 4), (3, 6), (4, 5), (4, 6), (7, 0)], [(0, 6), (1, 0), (1, 2), (1, 7), (2, 3), (2, 4), (2, 7), (4, 3), (5, 0), (5, 4), (6, 3), (6, 4), (7, 0)], [(0, 1), (2, 0), (5, 0), (0, 6), (7, 0), (2, 1), (7, 1), (2, 3), (2, 4), (2, 6), (7, 2), (4, 3), (6, 3), (5, 4), (4, 6), (5, 6), (7, 6)], [(1, 0), (5, 0), (0, 6), (0, 7), (1, 7), (3, 2), (4, 2), (2, 7), (4, 3), (6, 3), (5, 4), (6, 4)], [(0, 1), (2, 1), (2, 4), (2, 6), (2, 7), (3, 2), (3, 4), (3, 6), (3, 7), (4, 0), (4, 6), (5, 4), (5, 6), (6, 0), (7, 0), (7, 1), (7, 6)]], [[(2, 0), (2, 1), (2, 3), (2, 4), (2, 5), (3, 1), (3, 4), (3, 5), (3, 6), (4, 1), (4, 5), (4, 7), (5, 0), (5, 1), (5, 7), (6, 0), (6, 1), (6, 5), (6, 7), (7, 1)], [(1, 5), (2, 0), (3, 2), (4, 2), (4, 3), (5, 6), (7, 5)], [(1, 2), (1, 3), (1, 5), (2, 0), (2, 3), (3, 4), (5, 0), (5, 6), (5, 7), (6, 0)], [(0, 1), (2, 0), (0, 5), (0, 6), (2, 1), (3, 1), (4, 1), (5, 1), (1, 6), (1, 7), (2, 3), (4, 2), (2, 5), (2, 6), (2, 7), (4, 3), (5, 3), (3, 7), (4, 5), (4, 6), (5, 6), (5, 7)], [(2, 0), (5, 1), (3, 2), (4, 2), (4, 3), (5, 6), (7, 5)], [(0, 1), (0, 2), (0, 3), (0, 5), (0, 6), (1, 2), (1, 4), (2, 4), (3, 1), (3, 2), (3, 4), (3, 6), (5, 1), (5, 2), (5, 4), (5, 6), (6, 4), (7, 0), (7, 1), (7, 2), (7, 3), (7, 5)]], [[(0, 2), (0, 3), (0, 6), (0, 7), (1, 3), (2, 3), (2, 4), (4, 1), (4, 3), (5, 1), (5, 2), (5, 3), (5, 4), (5, 7), (6, 4), (6, 5), (6, 7), (7, 4)], [(0, 2), (0, 7), (1, 3), (1, 4), (1, 5), (2, 4), (2, 5), (3, 2), (3, 7), (4, 7), (5, 7), (6, 0), (6, 5), (6, 7)], [(0, 2), (2, 3), (2, 4), (3, 1), (4, 1), (5, 1), (5, 2), (6, 5), (6, 7), (7, 0), (7, 3), (7, 4), (7, 5)], [(1, 0), (2, 0), (0, 3), (4, 0), (0, 5), (0, 6), (0, 7), (1, 3), (4, 1), (1, 7), (2, 3), (4, 2), (2, 5), (2, 7), (4, 3), (5, 3), (4, 5), (4, 7), (5, 6), (5, 7), (6, 7)], [(2, 0), (6, 0), (0, 7), (1, 3), (4, 1), (1, 5), (3, 2), (4, 2), (2, 5), (3, 7), (4, 7), (5, 6), (5, 7), (6, 7)], [(0, 5), (0, 6), (0, 7), (1, 0), (1, 3), (1, 4), (1, 5), (1, 7), (2, 0), (2, 1), (2, 3), (2, 4), (2, 5), (2, 7), (3, 0), (3, 4), (3, 5), (4, 7), (5, 4), (5, 6), (5, 7), (6, 7)]], [[(0, 4), (0, 5), (1, 0), (1, 4), (1, 5), (2, 0), (2, 1), (2, 4), (2, 5), (3, 0), (3, 4), (3, 5), (3, 7), (6, 1), (6, 2), (6, 4), (6, 5), (6, 7), (7, 2), (7, 4), (7, 5)], [(0, 1), (1, 6), (2, 0), (2, 3), (2, 6), (3, 4), (4, 0), (4, 5), (5, 0), (7, 6)], [(0, 1), (0, 2), (0, 4), (1, 6), (2, 6), (2, 7), (3, 4), (3, 5), (4, 7), (7, 6)], [(1, 0), (0, 2), (3, 0), (0, 4), (0, 5), (0, 6), (0, 7), (1, 4), (1, 5), (1, 6), (3, 2), (2, 4), (5, 2), (6, 2), (7, 2), (3, 4), (3, 5), (3, 7), (6, 4), (7, 4), (6, 5), (7, 5), (6, 7)], [(0, 1), (0, 2), (0, 4), (0, 5), (1, 6), (3, 2), (2, 6), (3, 4), (4, 5), (6, 7)], [(1, 0), (1, 2), (1, 3), (1, 4), (1, 5), (1, 6), (2, 0), (2, 5), (2, 6), (2, 7), (3, 0), (4, 0), (4, 3), (4, 7), (5, 0), (5, 3), (5, 4), (5, 7), (6, 0), (6, 3), (6, 4), (6, 7), (7, 3)]], [[(0, 1), (0, 2), (0, 3), (0, 5), (0, 7), (3, 1), (3, 2), (3, 5), (3, 7), (4, 1), (4, 3), (4, 6), (4, 7), (5, 1), (6, 7), (7, 5)], [(0, 2), (0, 7), (2, 3), (3, 5), (3, 7), (4, 3), (4, 6), (5, 1), (5, 7), (6, 7)], [(0, 7), (2, 0), (2, 3), (3, 4), (3, 5), (3, 7), (4, 6), (5, 1), (5, 7), (6, 7)], [(0, 1), (0, 2), (0, 3), (0, 6), (0, 7), (3, 1), (4, 1), (5, 1), (3, 2), (4, 3), (3, 5), (3, 6), (3, 7), (4, 6), (5, 7), (7, 6)], [(2, 0), (0, 7), (5, 1), (3, 2), (4, 3), (3, 5), (3, 7), (6, 4), (5, 7), (6, 7)], [(0, 2), (0, 3), (0, 5), (0, 6), (0, 7), (1, 3), (1, 5), (3, 2), (3, 5), (3, 6), (3, 7), (4, 1), (4, 3), (4, 6), (5, 7), (7, 6)]], [[(0, 3), (0, 5), (0, 6), (0, 7), (1, 0), (1, 3), (1, 4), (1, 5), (2, 0), (2, 3), (2, 7), (3, 4), (4, 6), (4, 7), (5, 3), (5, 4), (5, 7)], [(0, 2), (1, 0), (1, 4), (3, 1), (3, 4), (5, 0), (6, 4), (7, 2), (7, 4)], [(0, 1), (0, 2), (0, 5), (1, 4), (1, 5), (3, 2), (4, 3), (4, 7), (5, 2), (6, 4), (7, 2)], [(1, 0), (2, 0), (3, 0), (5, 0), (0, 6), (0, 7), (3, 1), (1, 4), (1, 5), (3, 2), (2, 5), (2, 7), (3, 4), (3, 5), (5, 4), (4, 6), (4, 7), (5, 7)], [(1, 0), (2, 0), (0, 5), (1, 3), (1, 4), (2, 7), (4, 3), (6, 4), (4, 7)], [(0, 1), (0, 4), (0, 6), (2, 0), (2, 1), (3, 2), (3, 4), (4, 1), (4, 6), (5, 0), (5, 1), (5, 2), (7, 0), (7, 2), (7, 4)]], [[(0, 1), (0, 2), (0, 5), (1, 4), (1, 5), (1, 6), (2, 4), (2, 5), (2, 6), (3, 0), (3, 1), (3, 2), (3, 4), (3, 5), (5, 4), (6, 4), (6, 5), (7, 0), (7, 2), (7, 4), (7, 6)], [(1, 0), (2, 0), (2, 7), (3, 1), (4, 1), (5, 0), (5, 1), (5, 4), (6, 7), (7, 4)], [(0, 1), (0, 2), (0, 5), (0, 7), (1, 3), (1, 4), (1, 5), (1, 6), (2, 7), (3, 2), (4, 5), (7, 4), (7, 6)], [(1, 0), (0, 2), (0, 5), (0, 7), (3, 1), (1, 4), (1, 5), (1, 6), (3, 2), (2, 4), (2, 5), (2, 6), (2, 7), (3, 4), (4, 5), (4, 6), (4, 7), (6, 5), (5, 7), (6, 7)], [(1, 0), (2, 0), (5, 0), (3, 1), (4, 1), (1, 5), (7, 2), (4, 5), (4, 7), (6, 7)], [(0, 1), (0, 2), (0, 4), (0, 5), (0, 6), (0, 7), (1, 6), (3, 0), (3, 1), (3, 2), (3, 4), (3, 7), (4, 1), (4, 2), (4, 5), (4, 6), (5, 1), (5, 2), (5, 6), (5, 7), (7, 1), (7, 2), (7, 6)]], [[(0, 1), (0, 2), (0, 3), (0, 6), (0, 7), (1, 6), (1, 7), (2, 6), (2, 7), (3, 2), (3, 6), (3, 7), (4, 0), (4, 1), (4, 2), (4, 6), (5, 0), (5, 1), (5, 2), (5, 3), (5, 7), (7, 6)], [(0, 5), (1, 2), (1, 6), (2, 7), (3, 5), (3, 7), (4, 0), (4, 2), (4, 6), (5, 1), (6, 7)], [(1, 0), (1, 2), (1, 5), (1, 6), (3, 7), (4, 0), (4, 2), (4, 6), (5, 0), (5, 3), (5, 6), (6, 7), (7, 2)], [(0, 1), (0, 3), (4, 0), (0, 5), (0, 6), (0, 7), (1, 2), (1, 5), (1, 6), (1, 7), (2, 3), (4, 2), (2, 5), (2, 6), (2, 7), (5, 3), (3, 6), (3, 7), (4, 5), (4, 6), (5, 7), (7, 6)], [(0, 4), (0, 5), (1, 2), (5, 1), (1, 6), (4, 2), (7, 2), (3, 5), (3, 7), (4, 6), (6, 7)], [(0, 5), (2, 1), (2, 4), (2, 5), (3, 1), (3, 5), (4, 0), (4, 1), (4, 5), (5, 1), (6, 1), (6, 3), (6, 4), (6, 5), (7, 1), (7, 2), (7, 3), (7, 4), (7, 5), (7, 6)]], [[(1, 0), (1, 2), (1, 4), (1, 7), (2, 0), (2, 3), (2, 6), (2, 7), (3, 0), (3, 4), (3, 6), (4, 0), (4, 7), (5, 0), (5, 2), (5, 3), (5, 4), (5, 6), (5, 7), (6, 0), (6, 7), (7, 0)], [(0, 1), (0, 4), (1, 2), (1, 7), (2, 3), (4, 3), (5, 2), (5, 3), (5, 6), (5, 7), (6, 2), (7, 3)], [(0, 1), (0, 7), (2, 1), (2, 3), (2, 5), (2, 6), (3, 4), (3, 5), (3, 7), (4, 0), (5, 6), (5, 7), (7, 1)], [(0, 1), (0, 3), (4, 0), (0, 5), (0, 7), (1, 2), (1, 3), (1, 5), (1, 6), (1, 7), (2, 3), (4, 2), (2, 5), (2, 6), (2, 7), (4, 3), (3, 6), (4, 7), (6, 5), (6, 7)], [(0, 1), (4, 0), (1, 2), (1, 7), (3, 2), (5, 2), (2, 6), (4, 3), (3, 5), (3, 7), (5, 6), (7, 5)], [(0, 4), (0, 5), (1, 0), (1, 2), (1, 3), (1, 4), (1, 5), (1, 7), (2, 5), (3, 0), (3, 2), (3, 4), (6, 2), (6, 3), (6, 5), (7, 0), (7, 2), (7, 3), (7, 4), (7, 6)]], [[(0, 1), (0, 2), (0, 6), (3, 0), (3, 1), (3, 4), (3, 5), (3, 7), (4, 1), (4, 2), (5, 0), (5, 4), (6, 1), (6, 4), (7, 0), (7, 2), (7, 4)], [(0, 4), (0, 5), (0, 6), (0, 7), (1, 4), (1, 6), (2, 4), (2, 7), (3, 1), (3, 5), (4, 5), (7, 3)], [(0, 3), (0, 5), (0, 6), (0, 7), (3, 1), (4, 1), (4, 2), (5, 3), (5, 4), (6, 1), (7, 2), (7, 3)], [(0, 3), (0, 4), (5, 0), (0, 6), (0, 7), (2, 1), (1, 3), (1, 4), (5, 1), (1, 6), (1, 7), (2, 4), (2, 7), (4, 3), (5, 3), (3, 6), (7, 3), (5, 4), (4, 6), (7, 4)], [(4, 0), (5, 0), (0, 6), (0, 7), (1, 3), (1, 4), (1, 6), (2, 4), (2, 7), (3, 5), (3, 7), (4, 5)], [(0, 1), (0, 2), (0, 3), (0, 4), (0, 5), (0, 7), (1, 3), (1, 4), (1, 5), (4, 2), (4, 3), (4, 5), (5, 3), (6, 0), (6, 1), (6, 3), (6, 5), (7, 1), (7, 2), (7, 3)]], [[(0, 3), (0, 6), (1, 2), (1, 3), (1, 6), (2, 0), (2, 3), (4, 1), (4, 3), (4, 5), (4, 6), (5, 0), (5, 3), (5, 6), (7, 0), (7, 1), (7, 3), (7, 5), (7, 6)], [(0, 3), (0, 5), (0, 6), (1, 3), (1, 4), (2, 0), (2, 1), (3, 4), (4, 5), (4, 6), (7, 5), (7, 6)], [(0, 3), (1, 2), (1, 3), (1, 4), (1, 7), (2, 0), (4, 3), (4, 5), (4, 6), (5, 0), (5, 7), (6, 0), (6, 5), (6, 7)], [(2, 0), (3, 0), (0, 4), (0, 5), (6, 0), (0, 7), (1, 2), (1, 3), (1, 4), (1, 7), (3, 2), (2, 5), (6, 2), (2, 7), (3, 4), (3, 5), (6, 3), (3, 7), (4, 5), (6, 4), (4, 7), (6, 5), (7, 5), (6, 7)], [(2, 0), (0, 3), (5, 0), (6, 0), (1, 2), (1, 3), (4, 1), (4, 3), (4, 5), (4, 6), (7, 5), (7, 6)], [(0, 3), (0, 6), (1, 2), (1, 3), (1, 6), (2, 0), (2, 3), (4, 1), (4, 3), (4, 5), (4, 6), (5, 0), (5, 3), (5, 6), (7, 0), (7, 1), (7, 3), (7, 5), (7, 6)]], [[(0, 1), (0, 2), (0, 3), (0, 6), (0, 7), (1, 2), (1, 5), (2, 5), (2, 6), (3, 1), (3, 2), (3, 5), (3, 6), (3, 7), (4, 2), (4, 3), (4, 5), (4, 7), (6, 5), (7, 2), (7, 5), (7, 6)], [(0, 1), (0, 3), (0, 6), (1, 5), (1, 6), (2, 4), (2, 6), (3, 2), (3, 5), (3, 7), (4, 7), (7, 5)], [(0, 1), (0, 3), (0, 6), (2, 3), (3, 5), (3, 7), (4, 2), (4, 7), (5, 1), (6, 2), (7, 5)], [(1, 0), (3, 0), (0, 4), (0, 6), (0, 7), (1, 2), (1, 4), (1, 5), (3, 2), (2, 4), (2, 5), (2, 6), (2, 7), (3, 5), (3, 6), (3, 7), (4, 5), (4, 7), (6, 5), (7, 5), (7, 6)], [(1, 0), (3, 0), (6, 0), (1, 5), (6, 1), (2, 3), (4, 2), (6, 2), (3, 5), (3, 7), (4, 7), (7, 5)], [(0, 1), (0, 2), (0, 3), (0, 5), (0, 6), (0, 7), (1, 2), (1, 5), (1, 6), (3, 1), (3, 2), (3, 5), (4, 2), (4, 3), (4, 6), (4, 7), (5, 2), (5, 6), (6, 2), (7, 3), (7, 5), (7, 6)]], [[(0, 1), (0, 2), (0, 3), (0, 4), (1, 2), (1, 3), (1, 7), (3, 2), (3, 4), (4, 2), (5, 1), (5, 2), (5, 3), (5, 4), (5, 6), (6, 2), (6, 4), (6, 7), (7, 2), (7, 3), (7, 4)], [(0, 1), (0, 3), (1, 2), (2, 3), (2, 7), (3, 4), (5, 1), (6, 2), (6, 5), (7, 4)], [(0, 1), (1, 2), (1, 5), (2, 6), (2, 7), (3, 0), (3, 2), (3, 4), (3, 6), (6, 5), (7, 4)], [(0, 1), (2, 0), (6, 0), (7, 0), (2, 1), (1, 3), (5, 1), (6, 1), (7, 1), (2, 3), (2, 6), (7, 2), (4, 3), (5, 3), (6, 3), (7, 3), (4, 5), (7, 4), (6, 5), (7, 5)], [(0, 1), (0, 3), (1, 2), (5, 1), (3, 2), (6, 2), (2, 7), (4, 3), (4, 7), (6, 5)], [(0, 1), (0, 2), (1, 2), (1, 3), (2, 3), (4, 3), (4, 6), (4, 7), (5, 1), (5, 2), (5, 3), (5, 6), (5, 7), (6, 2), (6, 3), (6, 7), (7, 2), (7, 3)]], [[(1, 0), (1, 2), (1, 5), (1, 6), (2, 0), (3, 0), (3, 2), (4, 2), (4, 3), (5, 0), (5, 2), (5, 3), (5, 4), (6, 2), (6, 3), (7, 3), (7, 4), (7, 5), (7, 6)], [(0, 1), (0, 3), (0, 5), (1, 6), (2, 0), (2, 5), (2, 6), (4, 3), (4, 5), (4, 7), (5, 1), (6, 3), (6, 7)], [(0, 1), (0, 2), (0, 3), (0, 5), (1, 6), (2, 5), (2, 6), (3, 4), (3, 6), (5, 1), (5, 4), (7, 4), (7, 6)], [(1, 0), (2, 0), (3, 0), (5, 0), (0, 7), (1, 2), (4, 1), (1, 5), (1, 6), (1, 7), (2, 3), (2, 5), (2, 6), (2, 7), (4, 3), (5, 3), (3, 6), (4, 5), (4, 6), (4, 7), (5, 6), (5, 7), (6, 7)], [(1, 0), (2, 0), (0, 3), (0, 5), (1, 5), (1, 6), (2, 5), (2, 6), (3, 4), (3, 6), (5, 4), (7, 4), (7, 6)], [(0, 2), (0, 4), (0, 5), (1, 0), (1, 2), (1, 5), (1, 6), (2, 4), (2, 5), (2, 6), (3, 0), (3, 1), (3, 4), (3, 5), (3, 6), (4, 5), (4, 6), (7, 2), (7, 4), (7, 5), (7, 6)]], [[(1, 0), (1, 2), (1, 5), (1, 6), (2, 0), (2, 4), (2, 6), (3, 1), (3, 4), (3, 5), (3, 6), (5, 2), (7, 0), (7, 1), (7, 2), (7, 4), (7, 5), (7, 6)], [(2, 0), (2, 5), (2, 6), (3, 5), (4, 2), (6, 3), (6, 5), (7, 1), (7, 4)], [(0, 2), (2, 1), (2, 4), (2, 5), (2, 6), (3, 6), (4, 7), (5, 3), (5, 7), (7, 1), (7, 3)], [(0, 1), (2, 0), (3, 0), (0, 7), (1, 5), (1, 6), (7, 1), (3, 2), (4, 2), (2, 5), (2, 6), (2, 7), (4, 3), (3, 5), (3, 6), (3, 7), (4, 7), (7, 6)], [(2, 0), (7, 1), (4, 2), (2, 5), (2, 6), (3, 5), (6, 3), (7, 4), (6, 5)], [(0, 1), (0, 2), (0, 3), (0, 4), (1, 5), (1, 6), (2, 5), (2, 6), (3, 2), (3, 5), (3, 6), (4, 2), (4, 3), (7, 0), (7, 1), (7, 2), (7, 3), (7, 4), (7, 6)]], [[(0, 3), (0, 4), (1, 0), (1, 3), (1, 4), (1, 5), (1, 6), (1, 7), (2, 0), (2, 4), (2, 6), (2, 7), (3, 6), (4, 3), (4, 6), (4, 7), (5, 2), (5, 3), (5, 4), (5, 6), (7, 3)], [(0, 2), (0, 4), (1, 5), (2, 4), (2, 5), (2, 7), (3, 6), (3, 7), (4, 1), (4, 6), (7, 4)], [(0, 2), (2, 5), (3, 6), (3, 7), (4, 0), (4, 2), (4, 6), (5, 1), (7, 2), (7, 4)], [(0, 1), (2, 0), (0, 4), (0, 6), (0, 7), (2, 1), (1, 4), (1, 5), (1, 6), (3, 2), (2, 4), (2, 5), (2, 6), (2, 7), (3, 4), (3, 5), (3, 6), (3, 7), (6, 4), (7, 4), (6, 5), (7, 5), (7, 6)], [(0, 2), (4, 0), (4, 1), (1, 5), (4, 2), (2, 5), (7, 2), (3, 6), (7, 3), (4, 6), (7, 4)], [(0, 1), (0, 2), (0, 3), (0, 4), (0, 5), (0, 6), (1, 2), (1, 3), (1, 4), (1, 5), (1, 7), (2, 4), (4, 7), (5, 2), (5, 3), (5, 7), (6, 1), (6, 2), (6, 3), (6, 4), (6, 7), (7, 3)]], [[(0, 1), (0, 5), (2, 0), (2, 1), (2, 4), (2, 5), (2, 7), (3, 0), (3, 1), (3, 6), (3, 7), (4, 1), (4, 3), (4, 5), (4, 6), (4, 7), (5, 1), (6, 0), (6, 5), (7, 0), (7, 1), (7, 6)], [(0, 3), (0, 6), (1, 3), (1, 5), (4, 5), (5, 0), (5, 2), (6, 3), (7, 2), (7, 3), (7, 4)], [(0, 5), (2, 5), (2, 7), (3, 0), (3, 1), (3, 6), (4, 5), (4, 7), (5, 1), (6, 0), (7, 1), (7, 3)], [(0, 1), (2, 0), (3, 0), (0, 5), (0, 6), (0, 7), (2, 1), (3, 1), (4, 1), (5, 1), (7, 1), (4, 2), (2, 5), (2, 6), (2, 7), (4, 3), (3, 6), (3, 7), (4, 5), (4, 7), (5, 6)], [(0, 3), (5, 0), (0, 6), (1, 3), (5, 1), (2, 5), (2, 7), (3, 6), (7, 3), (4, 5), (4, 7)], [(0, 3), (0, 6), (0, 7), (1, 3), (1, 4), (1, 5), (1, 7), (2, 3), (2, 6), (2, 7), (3, 6), (3, 7), (5, 0), (5, 2), (5, 3), (5, 4), (5, 6), (5, 7), (7, 4)]], [[(0, 1), (0, 2), (0, 3), (0, 5), (0, 7), (1, 3), (1, 6), (2, 3), (2, 4), (2, 6), (2, 7), (3, 6), (4, 3), (4, 5), (4, 6), (4, 7), (5, 1), (5, 3), (5, 6), (7, 1), (7, 3), (7, 5), (7, 6)], [(0, 3), (0, 7), (1, 0), (1, 5), (2, 4), (2, 7), (3, 4), (3, 5), (4, 5), (5, 7), (6, 0), (6, 1), (6, 3)], [(0, 3), (0, 7), (1, 0), (1, 6), (2, 4), (2, 7), (4, 3), (5, 1), (5, 3), (5, 4), (5, 7), (6, 3)], [(0, 1), (0, 2), (0, 3), (0, 5), (0, 7), (2, 1), (3, 1), (5, 1), (1, 6), (7, 1), (2, 3), (4, 2), (2, 6), (7, 2), (4, 3), (5, 3), (3, 6), (7, 3), (4, 5), (4, 6), (4, 7), (5, 6), (7, 5), (7, 6)], [(1, 0), (0, 3), (6, 0), (7, 0), (5, 1), (1, 6), (2, 4), (2, 7), (4, 3), (5, 3), (6, 3), (5, 4), (5, 7)], [(0, 3), (1, 0), (1, 3), (1, 5), (1, 6), (2, 0), (2, 3), (2, 4), (2, 7), (4, 3), (5, 0), (5, 3), (5, 4), (5, 7), (6, 0), (6, 3), (6, 4), (7, 0)]], [[(0, 3), (1, 2), (1, 3), (1, 5), (1, 6), (2, 0), (2, 4), (2, 5), (4, 0), (4, 3), (4, 5), (4, 6), (5, 3), (5, 6), (6, 0), (6, 3), (7, 0), (7, 2), (7, 4), (7, 5)], [(0, 2), (0, 4), (1, 2), (4, 2), (5, 1), (6, 3), (6, 5), (7, 0), (7, 2)], [(0, 2), (0, 3), (0, 4), (0, 5), (0, 7), (1, 2), (1, 5), (2, 4), (5, 6), (6, 3), (7, 2)], [(0, 1), (0, 2), (0, 4), (6, 0), (0, 7), (2, 1), (3, 1), (4, 1), (5, 1), (6, 1), (7, 1), (2, 3), (2, 4), (2, 7), (3, 4), (6, 3), (4, 5), (6, 4), (6, 5), (6, 7)], [(0, 2), (0, 4), (7, 0), (2, 1), (5, 1), (4, 2), (7, 2), (6, 3), (6, 5)], [(0, 2), (0, 4), (0, 5), (0, 6), (1, 2), (1, 4), (1, 5), (1, 6), (2, 5), (2, 6), (3, 0), (3, 4), (3, 5), (3, 6), (5, 4), (5, 6), (6, 4), (7, 0), (7, 2), (7, 6)]], [[(0, 1), (0, 2), (0, 3), (0, 4), (0, 5), (0, 6), (1, 2), (1, 3), (1, 4), (1, 5), (2, 3), (2, 4), (2, 5), (3, 5), (4, 5), (6, 2), (6, 4), (6, 5), (6, 7), (7, 1), (7, 2), (7, 3), (7, 4)], [(0, 1), (0, 5), (0, 6), (1, 2), (1, 3), (2, 5), (2, 7), (3, 7), (4, 5), (4, 7), (5, 6), (6, 7)], [(0, 1), (0, 5), (1, 3), (2, 1), (2, 5), (2, 7), (3, 7), (5, 4), (5, 7), (6, 0), (6, 5), (7, 4)], [(0, 1), (0, 3), (0, 5), (0, 6), (0, 7), (2, 1), (1, 3), (4, 1), (5, 1), (6, 1), (7, 1), (4, 2), (5, 2), (6, 2), (7, 2), (5, 3), (6, 3), (7, 3), (4, 5), (4, 6), (4, 7), (5, 6), (7, 6)], [(1, 0), (5, 0), (0, 6), (1, 2), (1, 3), (5, 2), (7, 2), (7, 3), (5, 4), (4, 7), (5, 6), (6, 7)], [(0, 1), (0, 2), (0, 5), (0, 6), (0, 7), (1, 2), (1, 3), (1, 5), (3, 5), (3, 7), (4, 1), (4, 2), (4, 3), (4, 5), (4, 7), (5, 2), (5, 6), (5, 7), (6, 2), (6, 7), (7, 2)]], [[(0, 2), (0, 3), (0, 4), (0, 5), (2, 1), (3, 2), (3, 5), (3, 6), (4, 1), (4, 2), (4, 5), (4, 6), (5, 2), (6, 1), (6, 2), (6, 5), (7, 1), (7, 2), (7, 3), (7, 6)], [(0, 3), (0, 5), (1, 2), (3, 2), (3, 5), (4, 2), (5, 2), (6, 2), (6, 5), (7, 1), (7, 2)], [(0, 3), (0, 5), (1, 2), (1, 7), (2, 3), (2, 5), (3, 5), (4, 2), (6, 2), (6, 5), (7, 2)], [(0, 2), (0, 3), (0, 4), (0, 5), (2, 1), (4, 1), (6, 1), (7, 1), (3, 2), (2, 4), (2, 5), (6, 2), (7, 2), (3, 4), (3, 5), (6, 3), (7, 3), (5, 4), (7, 4), (6, 5)], [(0, 3), (0, 5), (2, 1), (7, 1), (3, 2), (4, 2), (5, 2), (6, 2), (7, 2), (5, 3), (6, 5)], [(0, 3), (1, 2), (2, 3), (4, 0), (4, 2), (4, 3), (5, 0), (5, 1), (5, 2), (5, 3), (5, 4), (5, 6), (6, 0), (6, 2), (6, 3), (6, 4), (7, 1), (7, 2), (7, 3)]], [[(0, 2), (0, 5), (0, 7), (1, 2), (1, 3), (1, 5), (1, 6), (3, 0), (3, 2), (3, 5), (3, 6), (4, 0), (4, 2), (4, 3), (4, 5), (4, 6), (4, 7), (5, 2), (5, 7), (6, 0), (6, 5)], [(0, 7), (1, 0), (1, 3), (1, 6), (2, 4), (2, 5), (3, 7), (4, 3), (5, 0), (5, 7), (6, 7)], [(1, 0), (1, 3), (1, 6), (2, 5), (3, 7), (4, 2), (4, 3), (5, 0), (5, 7), (7, 0), (7, 6)], [(0, 2), (3, 0), (4, 0), (0, 5), (6, 0), (0, 7), (1, 2), (1, 3), (1, 5), (1, 6), (3, 2), (4, 2), (5, 2), (4, 3), (3, 5), (6, 3), (3, 7), (4, 5), (4, 6), (4, 7), (6, 5), (7, 5)], [(1, 0), (5, 0), (7, 0), (1, 3), (6, 1), (4, 2), (2, 5), (4, 3), (3, 7), (7, 5), (6, 7)], [(1, 0), (1, 5), (2, 0), (2, 5), (3, 0), (3, 1), (3, 2), (3, 4), (3, 6), (3, 7), (4, 0), (4, 1), (4, 2), (4, 5), (5, 0), (6, 0), (6, 1), (6, 2), (6, 5), (6, 7), (7, 0), (7, 2), (7, 5)]], [[(1, 3), (1, 4), (1, 5), (1, 7), (2, 4), (2, 5), (3, 2), (3, 4), (3, 5), (3, 6), (3, 7), (5, 0), (6, 2), (6, 5), (6, 7), (7, 0), (7, 2), (7, 4)], [(0, 5), (3, 1), (3, 5), (4, 1), (4, 2), (5, 1), (6, 2), (7, 0), (7, 1), (7, 2)], [(0, 5), (1, 3), (1, 4), (1, 5), (1, 6), (1, 7), (2, 4), (2, 6), (5, 3), (7, 0), (7, 2)], [(0, 1), (5, 0), (0, 7), (1, 2), (1, 3), (1, 4), (5, 1), (6, 1), (1, 7), (4, 2), (5, 2), (6, 2), (7, 2), (3, 4), (5, 3), (6, 4), (7, 4), (6, 5), (6, 7)], [(5, 0), (7, 0), (3, 1), (4, 1), (1, 5), (1, 7), (4, 2), (6, 2), (2, 7), (3, 5)], [(1, 2), (1, 3), (1, 4), (1, 5), (1, 6), (1, 7), (2, 6), (3, 4), (3, 5), (4, 2), (5, 0), (5, 2), (5, 6), (5, 7), (7, 0), (7, 2)]], [[(0, 2), (0, 6), (0, 7), (1, 2), (1, 3), (1, 7), (2, 7), (3, 2), (4, 0), (4, 2), (4, 3), (4, 6), (5, 0), (5, 2), (5, 3), (5, 7), (6, 1), (6, 3), (6, 7)], [(0, 2), (0, 5), (0, 6), (1, 2), (2, 6), (3, 2), (4, 0), (4, 6), (4, 7), (5, 3), (5, 7), (7, 3)], [(0, 2), (0, 4), (0, 5), (0, 6), (1, 2), (2, 3), (2, 6), (3, 5), (3, 7), (4, 6), (7, 4), (7, 5)], [(3, 0), (0, 4), (0, 5), (6, 0), (7, 0), (1, 2), (3, 1), (1, 5), (7, 1), (3, 2), (2, 4), (2, 5), (6, 2), (7, 2), (3, 4), (3, 5), (3, 7), (4, 5), (6, 4), (7, 4), (6, 5), (7, 5), (6, 7)], [(2, 0), (4, 0), (0, 5), (6, 0), (2, 1), (3, 2), (6, 2), (3, 5), (7, 3), (4, 6), (7, 4), (7, 5)], [(1, 2), (1, 3), (1, 6), (2, 6), (3, 2), (3, 6), (4, 0), (4, 2), (4, 3), (4, 5), (4, 6), (4, 7), (5, 0), (5, 2), (5, 3), (5, 6), (6, 0), (7, 0), (7, 2), (7, 3), (7, 5), (7, 6)]], [[(0, 3), (0, 7), (1, 2), (1, 3), (1, 4), (1, 6), (1, 7), (2, 0), (2, 3), (3, 7), (4, 0), (4, 2), (4, 5), (4, 7), (5, 0), (5, 2), (5, 3), (5, 7), (6, 0), (6, 2), (6, 3), (6, 5), (6, 7)], [(0, 2), (0, 3), (1, 2), (1, 7), (2, 6), (3, 2), (3, 5), (3, 7), (4, 0), (4, 1), (4, 2), (4, 5), (5, 6), (5, 7)], [(0, 2), (0, 3), (0, 4), (1, 2), (1, 7), (2, 3), (3, 7), (4, 1), (4, 2), (4, 5), (5, 3), (5, 7), (6, 2), (6, 5), (6, 7)], [(2, 0), (3, 0), (4, 0), (7, 0), (2, 1), (3, 1), (1, 5), (6, 1), (1, 7), (2, 3), (4, 2), (2, 6), (2, 7), (3, 5), (3, 6), (3, 7), (4, 5), (4, 6), (6, 5), (7, 5)], [(2, 0), (0, 3), (4, 0), (1, 2), (4, 1), (1, 7), (2, 3), (4, 2), (6, 2), (5, 3), (3, 7), (4, 5), (6, 5), (5, 7)], [(2, 0), (2, 1), (2, 5), (2, 6), (3, 0), (3, 1), (3, 2), (3, 5), (3, 7), (4, 0), (4, 2), (4, 3), (4, 5), (4, 6), (5, 1), (5, 6), (7, 0), (7, 1), (7, 5), (7, 6)]], [[(0, 6), (1, 3), (3, 0), (3, 2), (3, 5), (3, 6), (4, 0), (4, 2), (4, 3), (4, 6), (4, 7), (5, 0), (5, 2), (6, 2), (7, 0), (7, 2), (7, 6)], [(0, 4), (1, 3), (1, 6), (2, 0), (2, 3), (2, 7), (3, 4), (5, 0), (5, 3), (6, 0), (6, 7), (7, 0)], [(0, 6), (2, 3), (2, 7), (3, 1), (3, 4), (3, 5), (4, 0), (4, 6), (5, 0), (7, 0), (7, 6)], [(2, 0), (3, 0), (4, 0), (0, 5), (0, 6), (0, 7), (1, 3), (3, 2), (2, 5), (2, 6), (2, 7), (4, 3), (3, 5), (3, 6), (3, 7), (4, 5), (4, 6), (7, 5), (7, 6)], [(2, 0), (4, 0), (5, 0), (0, 6), (0, 7), (1, 3), (1, 6), (3, 2), (2, 7), (4, 3), (3, 5), (6, 7)], [(0, 5), (0, 6), (0, 7), (2, 0), (2, 3), (2, 5), (2, 6), (2, 7), (3, 0), (3, 1), (3, 5), (3, 6), (3, 7), (4, 0), (4, 1), (4, 2), (4, 3), (4, 5), (4, 6), (7, 5), (7, 6)]], [[(0, 3), (0, 4), (0, 5), (0, 7), (1, 2), (1, 3), (1, 7), (2, 3), (2, 4), (2, 6), (2, 7), (3, 7), (4, 3), (4, 7), (5, 1), (5, 2), (5, 3), (5, 4), (5, 6), (5, 7), (6, 3), (6, 4), (6, 7)], [(0, 4), (0, 5), (1, 7), (2, 1), (3, 4), (3, 7), (4, 7), (5, 1), (5, 2), (5, 7), (6, 2), (6, 5)], [(0, 4), (1, 2), (1, 5), (1, 7), (2, 5), (2, 6), (3, 4), (5, 0), (5, 6), (5, 7), (7, 3), (7, 4)], [(2, 0), (0, 3), (4, 0), (0, 5), (0, 7), (2, 1), (1, 3), (4, 1), (1, 5), (6, 1), (1, 7), (2, 3), (2, 5), (6, 2), (2, 7), (4, 3), (3, 5), (6, 3), (3, 7), (4, 5), (6, 4), (4, 7), (6, 5), (7, 5)], [(0, 4), (5, 0), (1, 2), (5, 1), (1, 7), (5, 2), (2, 6), (4, 3), (3, 7), (4, 7), (5, 6), (5, 7)], [(0, 4), (1, 2), (1, 3), (1, 5), (1, 6), (2, 4), (3, 4), (5, 0), (5, 2), (5, 3), (5, 4), (6, 2), (6, 3), (6, 4), (6, 5), (7, 0), (7, 1), (7, 3), (7, 4), (7, 5), (7, 6)]], [[(0, 1), (0, 2), (0, 3), (0, 5), (0, 6), (1, 5), (3, 1), (3, 2), (3, 5), (4, 3), (4, 5), (4, 7), (5, 2), (6, 1), (6, 2), (6, 4), (6, 7), (7, 1), (7, 2), (7, 3), (7, 5)], [(0, 1), (0, 3), (1, 2), (1, 5), (2, 5), (2, 7), (3, 4), (3, 7), (4, 7), (6, 0), (6, 1), (6, 4)], [(0, 1), (0, 3), (1, 5), (2, 7), (4, 2), (4, 3), (4, 6), (4, 7), (5, 2), (6, 0), (6, 1), (7, 3)], [(1, 0), (2, 0), (3, 0), (4, 0), (5, 0), (0, 6), (2, 1), (3, 1), (1, 4), (1, 5), (1, 6), (1, 7), (2, 4), (2, 5), (2, 6), (2, 7), (3, 4), (3, 7), (4, 6), (4, 7), (5, 6), (5, 7)], [(0, 1), (0, 3), (0, 6), (2, 1), (1, 5), (1, 6), (2, 5), (2, 7), (4, 3), (7, 3), (6, 4), (4, 7)], [(0, 1), (0, 3), (0, 4), (0, 5), (0, 6), (1, 5), (1, 7), (2, 1), (2, 5), (2, 6), (2, 7), (3, 4), (3, 5), (3, 6), (3, 7), (4, 5), (4, 7), (5, 7), (6, 1), (6, 4), (6, 5)]], [[(0, 2), (1, 0), (1, 2), (1, 3), (1, 5), (1, 6), (1, 7), (3, 0), (3, 2), (3, 6), (4, 0), (4, 2), (4, 3), (5, 0), (5, 3), (5, 4), (5, 6), (5, 7), (6, 2), (7, 2), (7, 3), (7, 6)], [(1, 2), (1, 6), (1, 7), (2, 5), (3, 0), (3, 2), (3, 7), (4, 5), (4, 6), (5, 6), (6, 7)], [(0, 3), (1, 2), (1, 6), (1, 7), (2, 5), (3, 2), (3, 6), (3, 7), (5, 4), (5, 6), (6, 7)], [(0, 2), (0, 3), (0, 5), (0, 6), (1, 2), (1, 3), (4, 1), (6, 1), (1, 7), (2, 3), (2, 5), (6, 2), (2, 7), (4, 3), (5, 3), (6, 3), (3, 7), (4, 5), (4, 6), (4, 7), (6, 5), (6, 7)], [(3, 0), (1, 2), (1, 6), (1, 7), (3, 2), (2, 5), (3, 7), (5, 4), (4, 6), (5, 6), (6, 7)], [(0, 1), (0, 4), (0, 5), (1, 6), (2, 1), (2, 3), (2, 4), (2, 5), (2, 6), (3, 0), (3, 4), (3, 5), (3, 6), (3, 7), (5, 4), (5, 6), (7, 1), (7, 4), (7, 5), (7, 6)]], [[(0, 2), (0, 4), (0, 7), (1, 0), (1, 2), (3, 1), (3, 2), (4, 7), (5, 0), (5, 2), (5, 3), (5, 7), (6, 0), (6, 2), (6, 3), (6, 4)], [(0, 2), (0, 3), (0, 5), (0, 6), (1, 2), (1, 3), (3, 5), (4, 6), (4, 7), (5, 2), (5, 7)], [(0, 2), (1, 2), (1, 3), (3, 2), (3, 5), (4, 6), (4, 7), (5, 0), (5, 2), (5, 7), (6, 0), (6, 3)], [(1, 0), (2, 0), (3, 0), (4, 0), (5, 0), (6, 0), (7, 0), (1, 2), (1, 3), (3, 2), (2, 4), (5, 2), (6, 2), (3, 5), (6, 3), (5, 4), (6, 4), (7, 4), (6, 5), (5, 7), (6, 7)], [(0, 2), (0, 3), (0, 5), (0, 6), (1, 2), (1, 3), (5, 2), (3, 5), (4, 6), (4, 7), (5, 7)], [(0, 1), (0, 2), (0, 5), (0, 6), (0, 7), (1, 3), (1, 5), (2, 1), (2, 3), (2, 5), (3, 5), (4, 6), (4, 7), (5, 7), (6, 3), (6, 5)]], [[(0, 1), (0, 3), (0, 5), (2, 0), (2, 3), (2, 6), (2, 7), (3, 5), (4, 0), (4, 1), (4, 5), (4, 7), (6, 1), (6, 3), (6, 4), (6, 5), (6, 7), (7, 0), (7, 1), (7, 3), (7, 5)], [(0, 3), (0, 4), (0, 5), (1, 2), (1, 6), (2, 3), (2, 7), (3, 6), (3, 7), (4, 6), (4, 7), (5, 6)], [(0, 3), (0, 4), (0, 5), (2, 3), (2, 7), (3, 6), (3, 7), (4, 7), (6, 1), (6, 4), (6, 5), (7, 1)], [(0, 2), (0, 3), (4, 0), (0, 5), (0, 6), (2, 1), (3, 1), (4, 1), (1, 6), (7, 1), (2, 3), (2, 6), (2, 7), (4, 3), (3, 5), (3, 6), (3, 7), (4, 5), (4, 7), (6, 5), (7, 5), (7, 6)], [(0, 3), (4, 0), (0, 5), (2, 1), (6, 1), (2, 3), (2, 7), (6, 3), (3, 7), (6, 4), (4, 7), (6, 5)], [(0, 3), (0, 4), (0, 6), (0, 7), (1, 0), (1, 3), (1, 4), (1, 6), (2, 0), (2, 1), (2, 5), (2, 6), (2, 7), (3, 6), (4, 7), (5, 0), (5, 1), (5, 4), (5, 6), (5, 7), (7, 3), (7, 6)]], [[(0, 1), (0, 3), (0, 7), (1, 4), (3, 1), (3, 2), (3, 4), (3, 5), (3, 6), (3, 7), (5, 2), (5, 4), (5, 6), (5, 7), (6, 1), (6, 2), (6, 4), (6, 7), (7, 1), (7, 2)], [(0, 1), (0, 7), (1, 2), (2, 3), (4, 3), (5, 1), (5, 3), (6, 4), (6, 5), (6, 7), (7, 4)], [(0, 1), (0, 7), (1, 2), (2, 3), (2, 4), (4, 3), (5, 1), (5, 3), (6, 4), (6, 5), (6, 7), (7, 4)], [(0, 1), (0, 3), (0, 5), (0, 7), (1, 3), (1, 4), (6, 1), (1, 7), (3, 2), (5, 2), (6, 2), (7, 2), (3, 4), (3, 5), (3, 7), (4, 5), (6, 4), (6, 5), (5, 7), (6, 7)], [(0, 1), (0, 7), (1, 2), (5, 1), (2, 3), (4, 3), (5, 3), (6, 4), (7, 4), (6, 5), (6, 7)], [(0, 7), (1, 0), (1, 2), (1, 3), (1, 4), (1, 5), (2, 3), (3, 4), (5, 0), (5, 3), (5, 4), (5, 6), (6, 3), (6, 4), (6, 7), (7, 3)]], [[(0, 6), (1, 2), (1, 3), (1, 5), (1, 6), (1, 7), (2, 0), (2, 6), (3, 0), (3, 2), (3, 5), (4, 3), (4, 7), (5, 0), (5, 2), (5, 6), (7, 0), (7, 2), (7, 6)], [(1, 2), (1, 3), (1, 7), (2, 0), (3, 0), (4, 7), (5, 0), (5, 6), (6, 1), (6, 7)], [(0, 2), (1, 2), (1, 3), (1, 6), (1, 7), (3, 0), (4, 7), (5, 0), (6, 5), (7, 6)], [(2, 0), (3, 0), (0, 5), (0, 6), (0, 7), (1, 2), (3, 1), (1, 4), (1, 5), (1, 6), (1, 7), (2, 6), (2, 7), (3, 4), (3, 7), (7, 4), (6, 5), (7, 6)], [(0, 2), (3, 0), (5, 0), (1, 2), (1, 3), (1, 6), (1, 7), (4, 7), (6, 5), (7, 6)], [(0, 5), (1, 2), (1, 3), (1, 4), (1, 5), (1, 7), (2, 0), (3, 0), (3, 4), (3, 7), (6, 0), (6, 1), (6, 2), (6, 3), (6, 5), (6, 7), (7, 0), (7, 4)]], [[(0, 1), (0, 4), (0, 6), (1, 4), (2, 0), (2, 1), (2, 4), (2, 5), (2, 6), (2, 7), (3, 1), (3, 4), (3, 5), (3, 6), (3, 7), (4, 6), (5, 0), (5, 1), (5, 7), (7, 0), (7, 1), (7, 4), (7, 6)], [(0, 1), (1, 3), (1, 5), (1, 7), (2, 5), (2, 7), (3, 5), (4, 0), (4, 3), (6, 2)], [(0, 1), (0, 2), (0, 4), (0, 6), (1, 4), (1, 7), (2, 5), (2, 6), (2, 7), (3, 1), (3, 4), (3, 5), (5, 1)], [(0, 1), (0, 2), (0, 3), (0, 4), (6, 0), (3, 1), (1, 4), (5, 1), (1, 7), (3, 2), (2, 4), (5, 2), (6, 2), (7, 2), (3, 4), (5, 3), (6, 3), (3, 7), (6, 4), (5, 7), (6, 7)], [(0, 1), (0, 4), (3, 1), (5, 1), (1, 7), (2, 5), (2, 6), (2, 7), (3, 4), (3, 5)], [(0, 4), (1, 0), (1, 3), (1, 4), (1, 5), (2, 0), (2, 4), (2, 5), (2, 6), (4, 3), (5, 3), (5, 4), (6, 0), (6, 1), (6, 3), (6, 4), (6, 5), (7, 0), (7, 1), (7, 2), (7, 3), (7, 4), (7, 5)]], [[(0, 4), (1, 2), (1, 3), (1, 4), (1, 5), (1, 7), (2, 0), (2, 4), (2, 5), (3, 0), (3, 2), (3, 4), (3, 5), (5, 0), (5, 4), (6, 2), (6, 3), (6, 4), (6, 5), (6, 7), (7, 2)], [(0, 3), (1, 3), (2, 0), (2, 3), (3, 6), (4, 1), (5, 4), (5, 6), (7, 2), (7, 6)], [(1, 3), (1, 4), (2, 0), (3, 0), (3, 2), (3, 5), (3, 6), (4, 5), (5, 6), (6, 7), (7, 2)], [(0, 1), (2, 0), (3, 0), (5, 0), (2, 1), (3, 1), (4, 1), (5, 1), (6, 1), (1, 7), (3, 2), (4, 2), (5, 2), (6, 2), (2, 7), (3, 5), (6, 3), (3, 7), (4, 5), (6, 4), (6, 5), (6, 7)], [(2, 0), (3, 0), (3, 1), (4, 1), (3, 2), (7, 2), (3, 6), (5, 4), (5, 6), (6, 7)], [(0, 2), (0, 3), (0, 5), (1, 5), (1, 6), (2, 3), (2, 4), (2, 5), (2, 6), (2, 7), (3, 1), (3, 4), (3, 5), (3, 6), (4, 1), (4, 5), (4, 6), (6, 5), (7, 3), (7, 4), (7, 6)]], [[(0, 1), (0, 2), (0, 3), (0, 4), (0, 6), (0, 7), (1, 2), (1, 6), (1, 7), (2, 3), (3, 6), (4, 2), (4, 6), (5, 2), (5, 3), (5, 4), (5, 6), (5, 7), (7, 2), (7, 3), (7, 6)], [(0, 3), (0, 4), (1, 0), (1, 2), (2, 0), (2, 4), (3, 5), (4, 5), (6, 3), (6, 5), (7, 2), (7, 5)], [(0, 3), (1, 0), (1, 2), (2, 0), (2, 4), (3, 6), (4, 0), (5, 3), (5, 4), (5, 6), (5, 7), (7, 2), (7, 4)], [(0, 1), (0, 2), (0, 3), (4, 0), (0, 7), (2, 1), (4, 1), (5, 1), (6, 1), (1, 7), (3, 2), (4, 2), (2, 5), (6, 2), (2, 7), (3, 5), (3, 6), (3, 7), (4, 5), (4, 6), (4, 7), (6, 5), (5, 7), (6, 7)], [(0, 1), (2, 0), (3, 0), (0, 4), (2, 1), (2, 4), (7, 2), (3, 5), (3, 6), (4, 5), (5, 6), (7, 5)], [(0, 3), (1, 0), (1, 2), (2, 0), (2, 3), (2, 4), (4, 0), (5, 0), (5, 4), (5, 6), (6, 0), (6, 3), (6, 4), (7, 2), (7, 3), (7, 4), (7, 5)]], [[(0, 1), (0, 3), (0, 6), (1, 4), (2, 0), (2, 1), (2, 3), (2, 4), (2, 5), (2, 6), (3, 1), (3, 4), (3, 5), (3, 6), (4, 6), (5, 1), (5, 4), (5, 6), (7, 0), (7, 3), (7, 4), (7, 5)], [(0, 3), (1, 0), (1, 5), (2, 0), (2, 3), (2, 4), (3, 4), (4, 5), (6, 0), (6, 5), (7, 5)], [(0, 1), (0, 2), (0, 3), (0, 6), (2, 3), (2, 4), (3, 1), (3, 4), (5, 1), (5, 4), (5, 6), (5, 7)], [(1, 0), (2, 0), (3, 0), (0, 5), (0, 6), (0, 7), (2, 1), (1, 4), (1, 5), (3, 2), (2, 4), (2, 5), (2, 6), (2, 7), (3, 4), (3, 5), (3, 6), (3, 7), (5, 4), (6, 4), (7, 4), (5, 6), (7, 5), (7, 6)], [(1, 0), (2, 0), (3, 0), (0, 6), (1, 5), (3, 2), (2, 4), (3, 4), (5, 4), (6, 5), (5, 7)], [(0, 2), (0, 3), (0, 6), (1, 0), (2, 3), (4, 0), (4, 2), (4, 3), (5, 0), (5, 1), (5, 2), (5, 3), (5, 4), (5, 6), (6, 3), (7, 1), (7, 2), (7, 4), (7, 5)]], [[(1, 0), (1, 2), (1, 3), (1, 4), (1, 5), (1, 6), (2, 0), (2, 6), (3, 0), (3, 2), (3, 5), (3, 7), (4, 0), (4, 2), (4, 6), (5, 0), (6, 0), (7, 0), (7, 2)], [(0, 1), (0, 2), (3, 1), (3, 5), (3, 7), (4, 1), (5, 1), (6, 0), (6, 2), (6, 7), (7, 2)], [(0, 6), (1, 0), (1, 3), (1, 4), (1, 5), (2, 0), (2, 6), (3, 2), (3, 5), (3, 7), (7, 2)], [(0, 1), (2, 0), (0, 3), (0, 5), (0, 6), (0, 7), (1, 3), (4, 1), (1, 5), (1, 6), (7, 1), (2, 3), (4, 2), (2, 6), (2, 7), (4, 3), (3, 5), (7, 3), (4, 6), (4, 7), (6, 5), (7, 6)], [(0, 1), (0, 2), (6, 0), (3, 1), (1, 4), (5, 1), (6, 2), (7, 2), (3, 5), (7, 3), (7, 6)], [(0, 1), (0, 2), (0, 4), (1, 4), (3, 1), (3, 2), (3, 5), (3, 7), (4, 2), (5, 1), (6, 0), (6, 1), (6, 2), (6, 3), (6, 4), (6, 7), (7, 2)]], [[(1, 3), (1, 7), (2, 0), (2, 1), (2, 3), (2, 5), (2, 6), (2, 7), (3, 0), (4, 0), (4, 1), (4, 3), (4, 7), (5, 0), (5, 3), (5, 4), (6, 0), (6, 1), (6, 3), (6, 4), (7, 3)], [(0, 3), (0, 5), (2, 1), (2, 6), (3, 4), (4, 5), (6, 1), (6, 4), (7, 2), (7, 3)], [(1, 2), (2, 3), (2, 7), (3, 0), (3, 7), (4, 3), (4, 5), (4, 6), (6, 1)], [(2, 0), (3, 0), (0, 4), (0, 5), (0, 6), (2, 1), (1, 4), (1, 6), (3, 2), (2, 4), (2, 5), (2, 6), (2, 7), (3, 4), (3, 6), (3, 7), (4, 5), (4, 6), (4, 7), (6, 5), (7, 6)], [(3, 0), (0, 5), (2, 1), (6, 1), (2, 6), (7, 2), (3, 4), (7, 3), (5, 4), (6, 4)], [(0, 2), (0, 3), (0, 4), (0, 5), (0, 7), (1, 0), (1, 2), (1, 3), (1, 4), (1, 6), (1, 7), (2, 4), (2, 5), (4, 3), (4, 5), (6, 2), (6, 3), (6, 4), (6, 5), (6, 7), (7, 2), (7, 3), (7, 4)]], [[(0, 1), (0, 2), (0, 3), (0, 4), (0, 6), (0, 7), (3, 1), (4, 1), (4, 2), (4, 3), (4, 6), (5, 1), (5, 2), (5, 3), (5, 4), (6, 2), (6, 3), (7, 1), (7, 2), (7, 3), (7, 4), (7, 6)], [(0, 1), (1, 5), (1, 7), (2, 0), (2, 7), (3, 1), (3, 7), (4, 5), (4, 7), (6, 4), (6, 5)], [(0, 1), (0, 2), (0, 4), (1, 3), (3, 7), (4, 6), (5, 1), (5, 4), (6, 2), (7, 2), (7, 4)], [(0, 1), (0, 2), (0, 3), (0, 4), (0, 5), (7, 0), (1, 3), (1, 4), (1, 5), (7, 1), (2, 5), (6, 2), (7, 2), (3, 4), (6, 3), (7, 3), (5, 4), (6, 4), (7, 4), (6, 5), (7, 5)], [(0, 1), (2, 0), (1, 3), (1, 5), (7, 1), (7, 2), (7, 3), (4, 5), (4, 6), (7, 4), (5, 6)], [(0, 1), (0, 2), (0, 5), (0, 6), (0, 7), (2, 5), (2, 6), (2, 7), (3, 0), (3, 1), (3, 2), (3, 4), (3, 6), (3, 7), (4, 1), (4, 2), (4, 5), (4, 6), (4, 7), (5, 1), (5, 7), (7, 1), (7, 6)]], [[(0, 1), (0, 2), (0, 4), (0, 7), (2, 1), (2, 3), (2, 4), (2, 7), (3, 1), (3, 7), (4, 1), (4, 3), (4, 7), (5, 1), (5, 3), (5, 4), (5, 6), (6, 1), (6, 2), (6, 3), (6, 4), (6, 7)], [(0, 1), (0, 2), (0, 3), (0, 4), (1, 3), (1, 7), (2, 3), (4, 6), (4, 7), (5, 1), (5, 6), (5, 7), (6, 7)], [(0, 1), (0, 2), (0, 3), (0, 4), (1, 3), (1, 7), (2, 3), (5, 1), (5, 6), (6, 4), (6, 7)], [(0, 1), (0, 2), (0, 3), (0, 4), (0, 6), (0, 7), (2, 1), (3, 1), (4, 1), (5, 1), (6, 1), (3, 2), (2, 4), (5, 2), (2, 6), (3, 4), (5, 3), (3, 6), (5, 4), (6, 4), (7, 4), (5, 6), (5, 7), (7, 6)], [(0, 1), (0, 2), (0, 3), (0, 4), (1, 3), (5, 1), (1, 7), (2, 3), (6, 4), (4, 7), (6, 5), (5, 7), (6, 7)], [(0, 3), (1, 0), (1, 3), (1, 5), (1, 6), (2, 0), (2, 3), (2, 4), (4, 0), (4, 3), (4, 6), (5, 3), (5, 4), (5, 6), (6, 0), (6, 3), (7, 0), (7, 1), (7, 2), (7, 3), (7, 4), (7, 5), (7, 6)]], [[(0, 7), (1, 0), (1, 5), (1, 7), (2, 0), (2, 1), (2, 5), (2, 7), (3, 1), (3, 2), (3, 5), (4, 0), (4, 1), (4, 3), (4, 5), (4, 7), (5, 0), (6, 0), (6, 2), (6, 3), (6, 5), (6, 7)], [(0, 2), (0, 5), (1, 2), (1, 5), (2, 3), (3, 5), (4, 1), (4, 5), (6, 2), (6, 3), (7, 0)], [(0, 2), (0, 5), (0, 7), (1, 2), (3, 2), (4, 1), (5, 3), (5, 4), (6, 2), (6, 3)], [(1, 0), (3, 0), (4, 0), (5, 0), (0, 6), (7, 0), (2, 1), (3, 1), (1, 4), (5, 1), (2, 3), (2, 6), (3, 4), (5, 3), (3, 6), (7, 3), (5, 4), (5, 6), (7, 5), (7, 6)], [(0, 2), (0, 5), (7, 0), (1, 2), (1, 4), (1, 5), (3, 2), (2, 6), (5, 3), (3, 6), (5, 4)], [(0, 1), (0, 2), (0, 5), (0, 6), (2, 1), (2, 4), (2, 6), (3, 0), (3, 1), (3, 2), (3, 4), (3, 5), (3, 6), (4, 1), (5, 1), (5, 4), (6, 5), (7, 0), (7, 1), (7, 3), (7, 6)]], [[(0, 5), (1, 2), (1, 4), (1, 5), (1, 6), (1, 7), (2, 0), (2, 3), (2, 4), (2, 6), (2, 7), (3, 4), (3, 6), (4, 0), (4, 5), (4, 6), (6, 0), (7, 0), (7, 3), (7, 4), (7, 5), (7, 6)], [(0, 4), (0, 6), (1, 6), (1, 7), (2, 1), (2, 7), (3, 0), (3, 2), (4, 5), (5, 7), (6, 4)], [(0, 1), (0, 4), (0, 6), (1, 6), (1, 7), (2, 1), (2, 3), (2, 7), (3, 7), (4, 5), (5, 7), (6, 4)], [(1, 0), (2, 0), (4, 0), (0, 5), (0, 6), (0, 7), (2, 1), (1, 4), (1, 5), (1, 6), (1, 7), (3, 2), (2, 4), (2, 6), (2, 7), (3, 4), (3, 6), (3, 7), (4, 5), (4, 6), (4, 7), (7, 5), (7, 6)], [(3, 0), (0, 4), (6, 0), (2, 1), (6, 1), (1, 7), (3, 2), (2, 7), (4, 5), (6, 4), (5, 7)], [(0, 2), (1, 0), (1, 2), (1, 3), (1, 7), (2, 3), (4, 0), (4, 3), (5, 0), (5, 4), (5, 6), (5, 7), (6, 0), (6, 1), (6, 3), (6, 4), (7, 2), (7, 3)]], [[(2, 0), (2, 1), (2, 5), (2, 6), (2, 7), (3, 0), (3, 4), (3, 7), (4, 0), (4, 1), (4, 7), (5, 1), (5, 4), (5, 6), (6, 3), (6, 4), (7, 1)], [(0, 2), (1, 4), (1, 7), (3, 0), (4, 0), (4, 7), (5, 1), (6, 2), (6, 3), (6, 4), (7, 2)], [(0, 2), (0, 3), (0, 4), (1, 7), (3, 6), (4, 1), (4, 6), (4, 7), (5, 1), (6, 2), (7, 2)], [(2, 0), (3, 0), (4, 0), (4, 1), (1, 5), (6, 1), (1, 7), (2, 4), (2, 5), (6, 2), (2, 7), (3, 4), (3, 5), (6, 3), (3, 7), (4, 5), (6, 4), (4, 7), (6, 5)], [(0, 2), (0, 3), (4, 0), (4, 1), (5, 1), (1, 7), (6, 2), (7, 2), (3, 6), (4, 6), (4, 7)], [(1, 4), (1, 5), (2, 0), (2, 3), (2, 4), (2, 6), (2, 7), (3, 0), (3, 4), (3, 5), (3, 6), (4, 0), (4, 6), (5, 6), (7, 1), (7, 4)]], [[(1, 2), (1, 3), (1, 4), (1, 5), (1, 7), (2, 0), (3, 2), (4, 0), (4, 2), (4, 3), (4, 7), (5, 2), (6, 0), (6, 2), (6, 3), (6, 4), (6, 5), (7, 0), (7, 2), (7, 3), (7, 5)], [(0, 2), (1, 3), (1, 5), (2, 3), (2, 6), (3, 7), (4, 7), (5, 7)], [(0, 2), (1, 3), (1, 5), (1, 7), (2, 6), (4, 6), (4, 7), (7, 3), (7, 5)], [(2, 0), (0, 4), (0, 6), (0, 7), (2, 1), (1, 3), (1, 4), (1, 5), (1, 6), (1, 7), (2, 3), (2, 4), (2, 5), (2, 6), (2, 7), (4, 3), (3, 6), (3, 7), (4, 5), (4, 6), (4, 7), (6, 5), (7, 5)], [(0, 2), (1, 3), (1, 5), (3, 2), (2, 6), (7, 3), (7, 4), (7, 5)], [(0, 2), (0, 6), (0, 7), (2, 1), (2, 5), (2, 6), (2, 7), (3, 0), (3, 1), (3, 2), (3, 4), (3, 5), (3, 7), (4, 0), (4, 1), (4, 5), (4, 6), (4, 7), (5, 1), (6, 1), (7, 1), (7, 5)]]]

