Number of nodes=8
Number of samples=10000
Cut of limit used=0.001
total_score_pc=-512605.0311903926
total_score_mmhc=-474291.4834776707
total_score_greedySP=-417159.3111172738
total_score_ske=-483556.0968615903
total_score_true=-409320.99161093426
shd dist pc to true=[21, 20, 23, 14, 21, 24, 21, 18, 24, 19, 17, 22, 22, 22, 20, 26, 25, 19, 22, 26, 25, 21, 22, 21, 25, 22, 21, 19, 20, 22, 19, 16, 22, 20, 25, 21, 22, 20, 26, 21, 23, 22, 25, 20, 19, 15, 25, 25, 23, 16, 21, 25, 23, 27, 18, 19, 19, 20, 20, 22, 26, 17, 22, 21, 15, 20, 22, 23, 19, 22, 16, 21, 19, 16, 19, 24, 24, 18, 20, 25, 19, 16, 21, 26, 21, 17, 20, 20, 21, 25, 21, 22, 24, 22, 19, 21, 24, 21, 21, 24]
shd dist mmhc to true=[25, 23, 23, 14, 20, 19, 19, 22, 23, 20, 25, 25, 24, 25, 20, 23, 21, 23, 25, 26, 28, 12, 23, 21, 25, 26, 19, 15, 23, 24, 19, 15, 20, 21, 25, 18, 23, 17, 26, 23, 15, 25, 23, 21, 20, 19, 27, 24, 24, 21, 22, 22, 18, 24, 25, 19, 19, 20, 25, 21, 23, 17, 19, 20, 20, 22, 22, 22, 22, 23, 15, 24, 17, 15, 19, 26, 22, 22, 18, 25, 16, 15, 20, 22, 20, 17, 23, 17, 20, 24, 19, 22, 25, 22, 20, 22, 20, 22, 24, 24]
shd dist greedySP to true=[26, 18, 20, 17, 15, 15, 20, 18, 21, 19, 19, 12, 25, 18, 23, 25, 22, 19, 20, 25, 24, 23, 20, 19, 22, 20, 23, 15, 19, 19, 21, 23, 12, 22, 21, 13, 19, 25, 25, 16, 20, 20, 22, 20, 23, 24, 18, 17, 26, 17, 15, 21, 18, 18, 27, 22, 16, 17, 14, 24, 16, 11, 16, 21, 21, 22, 20, 24, 20, 22, 14, 17, 16, 14, 22, 26, 25, 16, 18, 20, 24, 18, 19, 26, 17, 15, 21, 14, 18, 23, 20, 19, 24, 17, 11, 17, 24, 24, 17, 22]
shd dist ske to true=[24, 21, 24, 21, 21, 21, 21, 22, 23, 17, 24, 25, 25, 24, 19, 26, 24, 21, 24, 27, 25, 20, 21, 21, 25, 26, 22, 17, 18, 20, 21, 15, 18, 21, 23, 23, 22, 16, 26, 18, 19, 23, 25, 21, 18, 18, 24, 25, 24, 18, 22, 22, 19, 27, 18, 20, 17, 20, 23, 20, 25, 15, 21, 21, 19, 21, 23, 22, 20, 22, 18, 24, 15, 12, 18, 24, 26, 18, 16, 22, 16, 18, 18, 22, 21, 15, 23, 19, 18, 18, 21, 22, 22, 22, 16, 20, 23, 21, 19, 23]

score_vector_pc=[-5001.260945080631, -5156.792980391113, -5948.2311260317565, -5442.197507331829, -5048.047504805037, -5098.70152493187, -4894.673682179969, -5105.889749966494, -5633.701243320304, -5191.200655351022, -5375.576462805984, -4730.828491094851, -5611.172809694299, -4883.186605726678, -5469.39272101126, -4984.641673108553, -5451.689423268386, -5053.8072479496695, -5305.995501346334, -5127.459347253784, -5777.15921291671, -4582.470547046546, -5088.35728257827, -5169.176101354082, -5154.109823501643, -4999.569294596678, -4868.30578654615, -5201.438218242902, -5370.458781077056, -4859.607920078395, -5047.213649185001, -4874.274523651814, -4826.114798138931, -4651.891503114683, -5729.398546958523, -5493.110395542204, -5324.0326574410365, -5621.616282982138, -5026.592549512071, -5499.588027484782, -5465.130288376921, -4954.388221748117, -5505.335857676431, -5098.685417961054, -4583.512472470151, -4567.661703871282, -5296.329926199568, -4933.741595987985, -5348.858290337881, -5210.8844754184365, -4932.032829436841, -4811.417271177898, -4889.362876926471, -5298.482470598221, -5073.778589840199, -4765.090873387244, -5416.907828848511, -4537.515095257746, -5767.107279972961, -4967.96203588581, -5380.849835149156, -4706.109272700283, -4963.802959608905, -4988.4872527539965, -4826.050527689076, -5168.756949573991, -4513.899300553605, -5208.742774559038, -4757.341183955121, -5594.711926479079, -5339.145591406854, -5054.826146550724, -4892.328999653161, -4986.497002138808, -4518.26267022698, -5735.476048226061, -6417.474489573916, -4837.830598674398, -4786.430499488792, -5452.264825950646, -4835.99717923199, -4860.73692700864, -4856.775961055824, -5467.975117220509, -5122.7922766083675, -5053.976937025086, -5413.479495832961, -4667.113050972903, -4961.625964800764, -5685.897330345183, -4749.248706987633, -5716.333692184817, -5219.85750151174, -4982.935355217641, -5072.721902810614, -5296.534140792589, -4732.730527899838, -5401.886160494415, -4660.611269774373, -4613.394331724796]

score_vector_mmhc=[-4436.03165161133, -4686.357352470962, -5243.502430374427, -4525.678931676097, -4632.372068605273, -4597.882103003226, -4641.277570108908, -4938.943501062835, -5517.16550882035, -4803.619709377709, -5190.480979779151, -4498.589912810333, -4700.1360894131985, -4864.94094995383, -4953.655963963491, -4903.762047405478, -5405.032192798932, -4766.988025951844, -5316.187287142364, -4737.421930798003, -5104.16252685086, -4287.106793152069, -4466.490713523701, -4722.853697931991, -4668.3033683060385, -4547.709831041873, -4655.220176912392, -4563.668131996406, -4438.6434665269335, -4931.514420251364, -4408.2799384017935, -4749.145071799641, -4442.04587926997, -4341.274363112574, -4523.702189680066, -5014.305897132614, -5037.464518197568, -5303.203780444192, -4895.064661269323, -5641.2756750965655, -4743.507764877362, -4607.292721118731, -5134.806552917998, -4451.197871845232, -4485.413293834785, -4380.12529495508, -4711.041433329492, -4552.3607928396395, -4984.295463057491, -4505.278269812943, -4506.507878622409, -4822.29003320383, -4403.533093005026, -5036.5840382137785, -4493.363621510819, -4625.156435949236, -4975.097111167035, -4551.362634605133, -5093.235095840601, -4482.15883611128, -5272.321604763941, -4274.49761138049, -5364.491872885503, -4524.90153074512, -4402.724675612558, -4829.226841693426, -4351.19029229161, -5153.104065050446, -4783.173557447846, -4644.391689955259, -4668.777014879979, -4702.63367734057, -4483.278454981953, -4415.895994810909, -4483.5496653825685, -5722.00843493215, -5238.992981774617, -4313.421305931405, -4891.225277588539, -4536.628311894843, -4370.859343794526, -4658.184523941713, -4356.673741243562, -5183.378997002884, -4846.102349845345, -4472.541345609128, -4763.196323262669, -4937.630753709769, -4607.487806777971, -4762.222254122023, -4712.015943113472, -5079.953358856149, -4637.87313709889, -4828.687004181043, -4382.927231812073, -4557.610006836375, -4945.9200852696695, -4865.4082973907125, -4491.932537650469, -4128.37402996492]

score_vector_greedySP=[-4079.3258763527674, -4372.248866200196, -4216.492165959367, -4174.335105931984, -4095.0033632048016, -4192.524415086796, -4097.423039403405, -4260.012564034493, -4218.55627566841, -4283.114851288702, -4142.0097439836845, -4166.390598791582, -4026.6348435684854, -4108.4637257186605, -4187.058199783337, -3961.079557405663, -4404.240096409141, -4075.8919577627985, -4118.526139736661, -4190.610752679794, -4082.6433991567737, -4129.32028547289, -4036.563147404423, -4382.434307588788, -4276.13375669046, -4268.328670666277, -4119.711006944012, -4122.055804064326, -4082.6125264884013, -4154.963120467385, -4395.991553064749, -4104.319914076778, -4080.3912937301247, -4208.317928603453, -4092.952090988475, -4334.425972299511, -4579.983123134322, -4089.2889706546202, -4223.396110310324, -4407.468026759501, -4075.8503516624005, -4060.5601793905685, -4073.5300281390714, -4240.4541161695815, -4137.827417954513, -4145.46213451006, -4038.1518240364217, -4078.216151635612, -4347.537037650812, -4306.617569848031, -4286.8138410924985, -4213.448065199966, -4188.813849130358, -4072.161206350481, -3957.5714002641926, -3973.3093787011435, -4233.80606696734, -4155.832786451396, -4203.453030212719, -4064.7125007849627, -4174.121137839429, -4100.814812268752, -4054.002438211877, -4131.987012951063, -4134.6394877025705, -4354.722349521106, -4152.888400769868, -4490.326572555773, -4109.567265349897, -4210.396043317635, -4054.0735135916443, -3973.1046860366127, -4207.139407744025, -3995.6108687030746, -3997.0949826414076, -4163.611400047161, -4079.3140887414957, -4143.910700614886, -4229.756759196192, -4102.688178914645, -4133.906322737868, -4353.999134355108, -4062.672502147124, -4274.400804903556, -4245.410252958374, -4435.171645208704, -4280.393834810955, -4196.580266798235, -4585.28530690279, -4274.141207275433, -4257.927002630241, -4183.091256902135, -4100.830492549412, -4144.550536783096, -4075.7062896753896, -4046.62943919645, -4009.5960960808843, -4317.581375074926, -3959.6680423337543, -3966.627117541881]

score_vector_ske=[-4634.110173269927, -4806.176408847405, -5647.137073601898, -4736.9464861357965, -4413.449070477392, -4753.05443621166, -4719.120089987211, -4872.32129904525, -5099.4500072293795, -4863.79535079649, -4945.300143069075, -4530.691456427024, -5158.370493235236, -4845.196387016495, -4938.830437695788, -4984.641673108553, -5142.256840328169, -4920.953301421851, -5174.535299888309, -5091.451224951061, -5264.876922812689, -4532.685901962812, -4801.425120385642, -4855.59503997414, -4668.303368306038, -4908.582603141102, -4601.620765305307, -5050.905074628422, -4861.19351423179, -4843.864432329261, -4575.112364679198, -4835.682688980373, -4786.036358917543, -4426.724081672832, -5586.481639430775, -5027.10392090457, -5156.80364595767, -5240.563946641329, -4866.168777535395, -4963.852100470934, -4944.902857295998, -4745.046863810242, -5505.335857676431, -4750.759887968205, -4581.599541246282, -4463.428720177148, -4756.281643490299, -4876.284259307631, -5146.90881556921, -4571.092185391575, -4882.122029879809, -4816.063120869797, -4515.415333292079, -5199.0089016265865, -4478.461076936536, -4654.57245328777, -5027.916245716125, -4368.857296212109, -5071.754460250342, -4623.848629470135, -5097.36109919829, -4412.913667462706, -4933.865370124167, -4679.3766168700795, -4507.55877636045, -4956.812784676193, -4321.453567601586, -4950.484080901411, -4523.807608054628, -5371.980845619908, -4745.664574668756, -4534.357586415176, -4882.561684647746, -4363.335352108691, -4391.021164259758, -5358.5353363189115, -6150.989210312372, -4652.331282816208, -4700.0862814263, -4742.830054156473, -4527.883993327932, -4573.11875534874, -4387.477398107288, -5183.378997002885, -4842.788866206075, -4420.017673902025, -4763.196323262669, -4596.413012898407, -4771.696882900673, -5182.6228654569595, -4734.599678382852, -5641.176517566582, -4557.520521854624, -4696.292862376561, -4350.820693262756, -5221.075365045044, -4725.707409950617, -4918.611942451458, -4523.062248682097, -4550.277809118142]

score_vector_true=[-4055.408865504984, -4087.095849109309, -4218.945724200753, -4177.713619798976, -4079.4967504063216, -4095.7171730018363, -4084.0228362144812, -4205.940360631702, -4004.661963091356, -4271.813387283627, -4145.13691228626, -4132.574915162529, -4041.2112203307024, -4032.8462057490215, -4071.871077850238, -3961.374379923878, -4037.393831115237, -4087.0884163949704, -4107.336167665442, -4191.912250717465, -4050.636724070083, -4043.9658523353173, -4037.7548468481014, -4166.353548117753, -4095.953108799059, -4148.717026566875, -4125.702086992815, -4126.479486032066, -4077.4481689685585, -4104.9795758128275, -4028.3279288019917, -4104.019070964566, -4064.6457724772285, -4157.36810746026, -4089.4909943712773, -4168.849390503403, -4150.9184800965895, -4073.612680422194, -4046.717129177801, -4053.6443830370954, -4064.8495549688864, -4060.0028255679554, -4023.4418015273786, -3998.7655622002703, -4128.897147546955, -4140.4602916415015, -4041.588049271493, -4077.519953877881, -4258.554105891341, -4153.507801755778, -4035.8540856033524, -4205.122012523464, -4186.221366088972, -4071.292595774993, -3950.6096062749416, -3963.773840106024, -4224.907270635827, -4153.962909951206, -4100.236796308539, -4060.7732948981266, -4178.335796057561, -4098.833968881445, -4049.6440505749656, -4088.332670473574, -4133.346064924515, -4101.895420734161, -4082.846827476617, -4183.78626861302, -4067.775322411684, -4065.266506491057, -4036.999541155416, -3977.707832491713, -4165.571725894702, -3996.6380783932395, -3963.7936765901995, -4033.065990930193, -4079.2198237805014, -4114.330710090769, -4050.625225496116, -4018.4698311575885, -4130.658590524408, -4112.97009157654, -4059.879736857783, -4101.214335694807, -4042.501849986323, -4193.812395265411, -4228.048623794935, -4156.273442603194, -4147.945681981894, -4112.433712375867, -4082.5959842081334, -4178.436876166309, -4092.377366694487, -4123.751465079365, -4061.5450275748613, -4047.8291705357733, -4022.3478896396323, -4153.335624204172, -3958.32551086154, -3922.73576198001]
step_vector_greedySP=[]

step_vector_ske=[5, 5, 3, 2, 4, 3, 6, 4, 3, 4, 7, 2, 3, 7, 5, 1, 4, 1, 3, 2, 4, 4, 3, 3, 3, 7, 1, 4, 4, 3, 3, 5, 8, 4, 0, 3, 4, 5, 5, 8, 1, 5, 1, 4, 3, 1, 1, 1, 3, 3, 2, 0, 8, 3, 3, 4, 7, 3, 4, 3, 6, 7, 3, 2, 10, 4, 11, 4, 4, 1, 4, 7, 1, 6, 2, 6, 3, 6, 4, 5, 5, 7, 5, 5, 2, 6, 6, 3, 1, 3, 4, 3, 7, 7, 9, 5, 2, 3, 4, 3]

skeleton_result_vector=[0, 0, 0, 0, 0, 0, 0, 0, 0, 0, 0, 0, 0, 0, 0, 0, 0, 0, 0, 0, 0, 0, 0, 0, 0, 0, 0, 0, 0, 0, 0, 0, 0, 0, 0, 0, 0, 0, 0, 0, 0, 0, 0, 0, 0, 0, 0, 0, 0, 0, 0, 0, 0, 0, 0, 0, 0, 0, 0, 0, 0, 0, 0, 0, 0, 0, 0, 0, 0, 0, 0, 0, 0, 0, 0, 0, 0, 0, 0, 0, 0, 0, 0, 0, 0, 0, 0, 0, 0, 0, 0, 0, 0, 0, 0, 0, 0, 0, 0, 0]

return_dags_vector=[['pc', 'mmhc', 'greedySP', 'ske', 'true'], [[(0, 4), (0, 6), (0, 7), (1, 6), (1, 7), (2, 3), (2, 5), (3, 4), (4, 5), (5, 7), (6, 4)], [(0, 4), (0, 7), (1, 0), (1, 6), (1, 7), (3, 2), (4, 3), (5, 2), (5, 4), (5, 7), (6, 0), (6, 2), (6, 4)], [(0, 1), (0, 7), (2, 0), (2, 1), (2, 7), (3, 0), (3, 1), (3, 2), (3, 7), (4, 0), (4, 2), (4, 3), (5, 0), (5, 2), (5, 4), (5, 7), (6, 0), (6, 1), (6, 2), (6, 4), (6, 5), (6, 7)], [(4, 0), (6, 0), (7, 0), (6, 1), (1, 7), (2, 3), (2, 5), (4, 3), (4, 5), (6, 4), (5, 7)], [(0, 5), (0, 6), (0, 7), (1, 0), (1, 4), (1, 5), (1, 6), (1, 7), (2, 5), (2, 6), (3, 0), (3, 1), (3, 2), (3, 4), (3, 5), (3, 6), (3, 7), (4, 0), (4, 2), (4, 5), (4, 6), (4, 7), (5, 6), (7, 2), (7, 5), (7, 6)]], [[(0, 2), (1, 2), (3, 5), (4, 2), (4, 3), (4, 7), (5, 0), (5, 2), (6, 4), (7, 3)], [(0, 2), (0, 5), (2, 1), (3, 5), (4, 2), (4, 3), (4, 6), (4, 7), (5, 2), (7, 0), (7, 3)], [(0, 2), (0, 6), (0, 7), (1, 0), (1, 2), (1, 3), (1, 4), (1, 6), (1, 7), (3, 2), (3, 7), (4, 2), (4, 3), (4, 6), (4, 7), (5, 0), (5, 2), (5, 3), (5, 4), (5, 6), (6, 3), (6, 7), (7, 2)], [(0, 2), (5, 0), (2, 1), (4, 2), (5, 2), (4, 3), (3, 5), (7, 3), (4, 6), (7, 4)], [(0, 4), (1, 0), (1, 2), (1, 4), (1, 6), (1, 7), (2, 0), (2, 4), (2, 6), (2, 7), (3, 0), (3, 2), (3, 4), (3, 7), (5, 0), (5, 1), (5, 2), (5, 3), (5, 6), (5, 7), (6, 0), (6, 4), (7, 4)]], [[(0, 4), (2, 3), (2, 5), (3, 4), (3, 7), (4, 5), (6, 0)], [(0, 4), (0, 6), (0, 7), (2, 3), (2, 5), (3, 4), (3, 6), (3, 7), (5, 4), (6, 1)], [(0, 4), (0, 6), (0, 7), (1, 0), (1, 2), (1, 4), (1, 6), (1, 7), (2, 0), (2, 4), (2, 7), (3, 2), (3, 4), (3, 6), (3, 7), (5, 0), (5, 1), (5, 2), (5, 3), (5, 4), (5, 7)], [(0, 4), (6, 0), (3, 2), (5, 2), (3, 4), (7, 3), (5, 4)], [(0, 3), (0, 4), (0, 5), (0, 6), (0, 7), (1, 0), (1, 2), (1, 3), (1, 4), (1, 5), (1, 6), (1, 7), (2, 3), (2, 4), (2, 5), (2, 6), (2, 7), (4, 3), (4, 7), (5, 4), (5, 6), (5, 7), (6, 3), (6, 4), (6, 7), (7, 3)]], [[(1, 0), (2, 0), (3, 0), (3, 2), (4, 1), (4, 3), (5, 2), (6, 0), (7, 3)], [(0, 1), (0, 2), (0, 3), (0, 6), (1, 2), (1, 4), (1, 5), (2, 5), (3, 2), (3, 5), (3, 7), (4, 3), (6, 2), (7, 5)], [(0, 1), (0, 2), (0, 5), (0, 6), (1, 2), (1, 4), (3, 0), (3, 2), (3, 4), (3, 5), (5, 2), (5, 4), (6, 1), (6, 2), (6, 4), (6, 5), (7, 1), (7, 3), (7, 4), (7, 5), (7, 6)], [(0, 1), (2, 0), (0, 3), (6, 0), (4, 1), (2, 3), (2, 5), (3, 4), (3, 7)], [(0, 2), (1, 0), (1, 2), (1, 3), (1, 4), (1, 5), (1, 6), (1, 7), (3, 0), (3, 2), (3, 5), (4, 3), (4, 5), (5, 0), (5, 2), (6, 0), (6, 2), (6, 3), (6, 5), (7, 0), (7, 3), (7, 5)]], [[(0, 5), (0, 7), (1, 2), (1, 4), (2, 4), (2, 5), (3, 4), (3, 5), (4, 7), (6, 2), (6, 7)], [(0, 5), (0, 6), (0, 7), (1, 2), (1, 4), (3, 2), (3, 4), (3, 5), (4, 2), (5, 2), (6, 2), (7, 4)], [(1, 0), (1, 5), (2, 1), (2, 3), (2, 5), (2, 7), (3, 0), (3, 1), (3, 5), (3, 7), (4, 1), (4, 2), (4, 3), (4, 7), (5, 0), (6, 0), (6, 1), (6, 2), (6, 4), (6, 7), (7, 0), (7, 5)], [(0, 5), (0, 7), (1, 2), (1, 4), (4, 2), (5, 2), (6, 2), (3, 4), (3, 5), (7, 4), (6, 7)], [(0, 1), (1, 4), (2, 1), (2, 4), (2, 5), (2, 7), (3, 0), (3, 1), (3, 2), (3, 4), (3, 5), (3, 7), (5, 0), (5, 1), (5, 7), (6, 0), (6, 1), (6, 2), (6, 3), (6, 4), (6, 5), (7, 0), (7, 4)]], [[(0, 1), (0, 3), (0, 6), (1, 2), (1, 4), (2, 5), (2, 6), (3, 5), (3, 7), (4, 5), (6, 7), (7, 4)], [(1, 0), (1, 2), (1, 4), (1, 7), (2, 5), (2, 6), (3, 0), (4, 5), (4, 7), (5, 0), (6, 0), (6, 3), (7, 3), (7, 6)], [(0, 1), (0, 3), (0, 4), (0, 5), (1, 2), (1, 4), (1, 5), (3, 4), (5, 2), (6, 0), (6, 3), (6, 4), (6, 5), (7, 1), (7, 3), (7, 5), (7, 6)], [(0, 1), (0, 3), (6, 0), (1, 2), (4, 1), (2, 5), (6, 2), (5, 3), (3, 7), (4, 5), (4, 7), (6, 7)], [(0, 3), (0, 5), (1, 0), (1, 3), (1, 5), (2, 0), (2, 1), (2, 5), (4, 0), (4, 1), (4, 2), (4, 3), (6, 1), (6, 2), (6, 3), (6, 5), (7, 0), (7, 1), (7, 3), (7, 4), (7, 5), (7, 6)]], [[(0, 6), (0, 7), (1, 5), (2, 1), (2, 4), (2, 6), (3, 4), (4, 5), (4, 7), (5, 7), (6, 1)], [(0, 2), (0, 4), (0, 6), (0, 7), (2, 1), (2, 4), (2, 6), (3, 4), (4, 5), (4, 7), (5, 1), (6, 1), (7, 5)], [(1, 4), (1, 5), (1, 7), (2, 1), (2, 3), (2, 4), (2, 7), (3, 1), (3, 4), (3, 5), (3, 7), (4, 0), (4, 5), (4, 7), (6, 0), (6, 1), (6, 2), (6, 7), (7, 0), (7, 5)], [(0, 6), (0, 7), (2, 1), (5, 1), (6, 1), (2, 4), (2, 6), (3, 4), (4, 5), (4, 7), (7, 5)], [(0, 3), (0, 7), (2, 0), (2, 1), (2, 3), (2, 4), (2, 6), (2, 7), (3, 1), (3, 7), (4, 1), (4, 3), (4, 7), (5, 0), (5, 1), (5, 2), (5, 3), (5, 4), (5, 6), (5, 7), (6, 0), (6, 1), (6, 3), (6, 4), (6, 7), (7, 1)]], [[(0, 1), (2, 7), (3, 5), (4, 5), (4, 6), (5, 2), (5, 6), (6, 1), (7, 0), (7, 1)], [(0, 1), (0, 6), (1, 6), (2, 4), (2, 7), (4, 5), (4, 6), (5, 3), (6, 5), (7, 0), (7, 1)], [(0, 6), (1, 0), (1, 2), (1, 5), (1, 6), (3, 0), (3, 6), (4, 2), (4, 3), (4, 5), (4, 6), (5, 0), (5, 3), (5, 6), (7, 0), (7, 1), (7, 2), (7, 3), (7, 4), (7, 5), (7, 6)], [(1, 0), (7, 0), (1, 6), (1, 7), (5, 2), (2, 7), (5, 3), (4, 5), (4, 6), (6, 5)], [(0, 1), (2, 1), (2, 4), (2, 5), (2, 7), (3, 0), (3, 1), (3, 2), (3, 4), (3, 5), (3, 6), (3, 7), (4, 0), (4, 1), (4, 6), (4, 7), (5, 0), (5, 1), (5, 4), (5, 6), (6, 1), (7, 0), (7, 1), (7, 6)]], [[(0, 3), (0, 4), (0, 7), (1, 7), (2, 4), (3, 4), (5, 0), (6, 1), (6, 4), (6, 7)], [(0, 3), (0, 4), (0, 5), (2, 6), (4, 2), (4, 3), (6, 7), (7, 1), (7, 3)], [(0, 4), (1, 0), (1, 2), (1, 4), (2, 0), (2, 4), (3, 0), (3, 1), (3, 4), (3, 5), (5, 0), (5, 2), (5, 4), (6, 0), (6, 1), (6, 2), (6, 3), (7, 1), (7, 2), (7, 3), (7, 4), (7, 5), (7, 6)], [(0, 3), (4, 0), (0, 5), (0, 7), (6, 1), (7, 1), (4, 2), (4, 3), (6, 4), (6, 7)], [(0, 6), (1, 0), (1, 6), (1, 7), (2, 0), (2, 1), (2, 6), (2, 7), (3, 0), (3, 4), (3, 5), (3, 6), (3, 7), (4, 0), (4, 1), (4, 2), (4, 7), (5, 0), (5, 1), (5, 4), (5, 6), (5, 7), (7, 0), (7, 6)]], [[(0, 1), (0, 2), (0, 3), (0, 7), (2, 4), (3, 5), (3, 7), (4, 7), (5, 1), (6, 3), (6, 5), (6, 7)], [(0, 1), (0, 2), (0, 3), (0, 5), (1, 2), (1, 5), (3, 5), (3, 6), (3, 7), (4, 2), (6, 7), (7, 4)], [(0, 1), (0, 2), (0, 5), (0, 7), (1, 4), (1, 5), (1, 7), (2, 1), (2, 4), (2, 6), (2, 7), (3, 0), (3, 1), (3, 4), (3, 5), (3, 6), (3, 7), (4, 5), (4, 7), (7, 6)], [(1, 0), (2, 0), (0, 3), (0, 7), (5, 1), (2, 4), (5, 3), (3, 6), (3, 7), (7, 4), (5, 6), (7, 6)], [(0, 2), (0, 3), (0, 5), (0, 6), (0, 7), (1, 0), (1, 2), (1, 4), (1, 5), (1, 7), (2, 4), (3, 4), (5, 2), (5, 3), (5, 4), (5, 6), (5, 7), (6, 2), (6, 3), (6, 7), (7, 2), (7, 3), (7, 4)]], [[(0, 2), (1, 2), (1, 5), (2, 4), (2, 6), (3, 4), (3, 7), (4, 5), (5, 6), (5, 7), (7, 6)], [(2, 1), (4, 5), (5, 1), (5, 3), (5, 6), (6, 2), (6, 7), (7, 3)], [(0, 3), (0, 4), (0, 5), (2, 0), (2, 1), (2, 4), (2, 5), (5, 1), (5, 4), (6, 2), (6, 3), (6, 5), (7, 0), (7, 1), (7, 2), (7, 3), (7, 4), (7, 5), (7, 6)], [(2, 0), (2, 1), (5, 1), (4, 2), (6, 2), (4, 3), (7, 3), (5, 4), (6, 5), (7, 5), (7, 6)], [(0, 1), (0, 2), (0, 4), (0, 5), (0, 6), (0, 7), (1, 3), (1, 4), (1, 5), (1, 6), (1, 7), (2, 1), (2, 4), (2, 5), (2, 6), (3, 4), (3, 6), (3, 7), (4, 5), (4, 6), (4, 7), (6, 5), (7, 5), (7, 6)]], [[(1, 2), (1, 3), (1, 7), (2, 0), (2, 5), (3, 5), (4, 0), (4, 3), (6, 3), (7, 0), (7, 4)], [(0, 4), (0, 7), (1, 2), (1, 3), (1, 7), (2, 0), (3, 4), (3, 5), (3, 6), (4, 7), (5, 0), (5, 2)], [(0, 4), (0, 5), (0, 6), (1, 4), (1, 5), (2, 0), (2, 1), (2, 5), (2, 6), (3, 0), (3, 1), (3, 2), (3, 4), (3, 5), (3, 6), (4, 6), (5, 4), (7, 0), (7, 1), (7, 3), (7, 4), (7, 5), (7, 6)], [(2, 0), (0, 4), (0, 7), (1, 2), (3, 1), (1, 7), (5, 2), (3, 4), (5, 3), (3, 6), (4, 7)], [(0, 1), (0, 5), (0, 6), (2, 0), (2, 1), (2, 3), (2, 4), (2, 5), (2, 6), (3, 1), (3, 5), (3, 6), (4, 0), (4, 1), (4, 3), (4, 5), (4, 6), (5, 1), (7, 0), (7, 1), (7, 2), (7, 3), (7, 4), (7, 5), (7, 6)]], [[(0, 2), (0, 3), (0, 7), (1, 2), (1, 5), (3, 6), (4, 1), (4, 3), (5, 7), (6, 7)], [(0, 2), (0, 3), (0, 5), (0, 7), (1, 2), (1, 4), (1, 5), (3, 4), (3, 6), (3, 7), (5, 6), (7, 5), (7, 6)], [(0, 1), (0, 2), (0, 3), (0, 4), (1, 4), (1, 5), (2, 1), (2, 5), (4, 3), (6, 0), (6, 1), (6, 3), (6, 4), (6, 5), (7, 0), (7, 3), (7, 4), (7, 5), (7, 6)], [(0, 2), (0, 3), (7, 0), (1, 2), (1, 4), (1, 5), (3, 4), (3, 6), (7, 5), (7, 6)], [(0, 1), (0, 3), (0, 4), (0, 5), (0, 6), (0, 7), (1, 6), (1, 7), (2, 0), (2, 1), (2, 3), (2, 4), (2, 5), (2, 6), (2, 7), (3, 4), (3, 5), (3, 6), (3, 7), (4, 1), (4, 6), (4, 7), (5, 1), (5, 4), (5, 6), (5, 7), (6, 7)]], [[(1, 0), (1, 2), (1, 7), (2, 5), (3, 2), (3, 5), (4, 2), (4, 7), (5, 0), (6, 7)], [(1, 0), (1, 2), (3, 5), (4, 2), (5, 0), (5, 1), (5, 2), (6, 2), (6, 7), (7, 4)], [(0, 2), (0, 5), (1, 0), (1, 2), (1, 5), (2, 5), (4, 2), (4, 5), (5, 3), (6, 0), (6, 1), (6, 2), (6, 3), (6, 4), (6, 5), (7, 1), (7, 4), (7, 5), (7, 6)], [(1, 0), (5, 0), (1, 2), (1, 7), (3, 2), (4, 2), (5, 2), (5, 3), (4, 7), (7, 6)], [(0, 5), (1, 0), (1, 2), (1, 3), (1, 4), (1, 7), (2, 0), (2, 3), (2, 4), (2, 5), (2, 7), (3, 0), (3, 4), (3, 5), (4, 5), (6, 0), (6, 1), (6, 2), (6, 3), (6, 4), (6, 5), (6, 7), (7, 0), (7, 4), (7, 5)]], [[(0, 6), (1, 2), (1, 5), (2, 0), (2, 4), (3, 1), (4, 5), (4, 6), (7, 1), (7, 3)], [(0, 2), (0, 4), (1, 5), (1, 7), (2, 1), (2, 4), (3, 1), (4, 6), (5, 4), (5, 6)], [(0, 3), (0, 4), (0, 5), (0, 7), (1, 3), (1, 4), (1, 5), (1, 6), (1, 7), (2, 0), (2, 1), (2, 3), (2, 4), (2, 5), (2, 6), (4, 6), (4, 7), (5, 3), (5, 4), (5, 6), (5, 7), (6, 3), (7, 3), (7, 6)], [(2, 0), (6, 0), (1, 2), (1, 3), (5, 1), (7, 1), (4, 2), (7, 3), (5, 4), (6, 4)], [(0, 2), (0, 4), (1, 0), (1, 2), (1, 4), (2, 4), (3, 1), (3, 2), (3, 5), (3, 6), (3, 7), (5, 0), (5, 1), (5, 2), (5, 4), (5, 6), (5, 7), (6, 0), (6, 4), (7, 0), (7, 1), (7, 4), (7, 6)]], [[(0, 1), (0, 6), (1, 4), (1, 7), (2, 4), (3, 6), (4, 7), (5, 0), (5, 1), (5, 6), (7, 3)], [(0, 1), (0, 6), (1, 4), (1, 5), (1, 7), (2, 4), (2, 7), (3, 5), (3, 6), (3, 7), (6, 5)], [(1, 0), (2, 1), (2, 4), (2, 6), (3, 1), (3, 2), (3, 4), (3, 6), (4, 0), (4, 1), (4, 6), (5, 0), (5, 1), (5, 4), (5, 6), (6, 0), (7, 0), (7, 1), (7, 2), (7, 3), (7, 5), (7, 6)], [(1, 0), (5, 0), (0, 6), (1, 4), (1, 5), (1, 7), (2, 4), (3, 6), (7, 3), (4, 7), (5, 6)], [(0, 1), (0, 2), (0, 3), (0, 4), (0, 5), (0, 7), (1, 5), (2, 4), (2, 5), (3, 1), (3, 2), (3, 4), (3, 5), (3, 7), (4, 1), (4, 5), (6, 0), (6, 1), (6, 2), (6, 3), (6, 4), (6, 5), (6, 7), (7, 1), (7, 2), (7, 4), (7, 5)]], [[(0, 1), (0, 5), (3, 1), (3, 6), (4, 2), (5, 6), (6, 1), (7, 0), (7, 4)], [(0, 1), (0, 5), (0, 7), (1, 3), (2, 4), (3, 2), (4, 7), (5, 2), (6, 1), (6, 7)], [(0, 1), (0, 2), (0, 3), (0, 5), (0, 7), (2, 1), (2, 3), (2, 4), (2, 5), (2, 7), (3, 1), (4, 1), (4, 3), (4, 5), (6, 0), (6, 1), (6, 3), (6, 4), (6, 7), (7, 1), (7, 4), (7, 5)], [(0, 1), (0, 5), (7, 0), (1, 3), (6, 1), (4, 2), (6, 3), (7, 4), (5, 6)], [(0, 4), (0, 7), (1, 0), (1, 2), (1, 6), (1, 7), (2, 0), (2, 4), (2, 7), (3, 0), (3, 1), (3, 2), (3, 4), (3, 5), (3, 6), (3, 7), (4, 7), (5, 0), (5, 1), (5, 2), (5, 4), (5, 6), (5, 7), (6, 2), (6, 4), (6, 7)]], [[(0, 1), (0, 5), (0, 6), (1, 6), (2, 1), (2, 4), (3, 2), (3, 5), (4, 6), (7, 2)], [(1, 0), (1, 2), (1, 6), (2, 3), (2, 7), (3, 5), (4, 2), (4, 5), (5, 0), (6, 0), (6, 3), (6, 4), (7, 3)], [(0, 1), (0, 4), (0, 6), (1, 4), (1, 6), (2, 1), (2, 4), (2, 6), (3, 1), (3, 2), (3, 4), (3, 5), (4, 6), (5, 0), (5, 4), (5, 6), (7, 0), (7, 1), (7, 2), (7, 3)], [(0, 1), (0, 5), (0, 6), (2, 1), (1, 6), (2, 3), (2, 4), (7, 2), (3, 5), (4, 6)], [(0, 1), (0, 4), (0, 5), (0, 6), (0, 7), (2, 1), (3, 1), (3, 2), (3, 4), (3, 5), (3, 6), (3, 7), (4, 1), (4, 2), (4, 6), (5, 1), (5, 2), (5, 4), (5, 6), (6, 1), (6, 2), (7, 1), (7, 2), (7, 4), (7, 5), (7, 6)]], [[(0, 2), (0, 3), (0, 6), (2, 3), (3, 5), (4, 1), (4, 6), (5, 6), (7, 2)], [(0, 2), (0, 3), (0, 7), (1, 4), (2, 3), (2, 7), (4, 6), (5, 3), (6, 5), (7, 3)], [(0, 6), (0, 7), (1, 4), (1, 5), (1, 6), (1, 7), (2, 0), (2, 1), (2, 5), (2, 6), (2, 7), (3, 0), (3, 2), (3, 4), (3, 5), (3, 6), (3, 7), (4, 6), (4, 7), (5, 0), (5, 6)], [(2, 0), (0, 3), (0, 6), (4, 1), (2, 3), (7, 2), (5, 3), (4, 6), (6, 5)], [(1, 0), (1, 2), (1, 4), (1, 6), (3, 0), (3, 1), (3, 2), (3, 4), (3, 6), (3, 7), (4, 0), (4, 2), (4, 6), (5, 0), (5, 1), (5, 2), (5, 3), (5, 6), (5, 7), (6, 0), (6, 2), (7, 0), (7, 1), (7, 2), (7, 4)]], [[(0, 2), (0, 3), (0, 5), (1, 2), (1, 6), (2, 5), (2, 7), (3, 5), (3, 7)], [(0, 2), (0, 3), (0, 5), (0, 6), (1, 2), (1, 5), (1, 6), (2, 7), (3, 6), (5, 2), (5, 4), (7, 3)], [(1, 0), (1, 2), (1, 4), (1, 6), (3, 0), (3, 2), (3, 6), (4, 0), (5, 0), (5, 2), (5, 3), (5, 4), (5, 6), (7, 0), (7, 1), (7, 2), (7, 3), (7, 4), (7, 5)], [(0, 2), (0, 3), (0, 5), (1, 2), (1, 6), (2, 5), (2, 7), (5, 3), (7, 3)], [(0, 1), (0, 2), (0, 5), (0, 6), (0, 7), (2, 1), (3, 0), (3, 1), (3, 5), (3, 6), (3, 7), (4, 0), (4, 1), (4, 2), (4, 3), (4, 5), (4, 6), (4, 7), (5, 1), (5, 2), (5, 6), (5, 7), (6, 1), (6, 2), (6, 7), (7, 1), (7, 2)]], [[(0, 2), (0, 3), (0, 7), (1, 3), (1, 7), (3, 4), (4, 7), (5, 2), (5, 6), (6, 7)], [(0, 1), (0, 3), (2, 0), (2, 4), (2, 5), (3, 1), (3, 4), (6, 5), (6, 7), (7, 0), (7, 1), (7, 4)], [(1, 0), (1, 5), (2, 1), (2, 4), (2, 5), (2, 6), (3, 0), (3, 1), (3, 2), (3, 4), (3, 6), (5, 0), (6, 0), (6, 1), (6, 4), (6, 5), (7, 0), (7, 1), (7, 4), (7, 5), (7, 6)], [(0, 2), (0, 3), (0, 7), (1, 3), (1, 7), (5, 2), (4, 3), (7, 4), (6, 5), (7, 6)], [(0, 2), (0, 5), (0, 6), (1, 2), (1, 5), (1, 6), (1, 7), (2, 5), (2, 6), (3, 0), (3, 1), (3, 2), (3, 4), (3, 5), (3, 6), (3, 7), (4, 0), (4, 1), (4, 2), (4, 5), (4, 6), (4, 7), (6, 5), (7, 0), (7, 2), (7, 5), (7, 6)]], [[(0, 4), (1, 0), (1, 2), (2, 0), (2, 7), (3, 2), (3, 6), (4, 7), (6, 5)], [(0, 1), (0, 2), (0, 3), (1, 2), (2, 5), (3, 2), (3, 5), (3, 6), (4, 0), (4, 5), (6, 5), (7, 2), (7, 4)], [(1, 0), (1, 2), (1, 7), (2, 0), (2, 7), (3, 0), (3, 2), (3, 7), (4, 0), (4, 1), (4, 3), (4, 7), (5, 1), (5, 2), (5, 3), (5, 4), (5, 7), (6, 2), (6, 5), (6, 7), (7, 0)], [(1, 0), (2, 0), (0, 4), (1, 2), (3, 2), (7, 2), (6, 3), (7, 4), (6, 5)], [(0, 1), (0, 2), (1, 5), (1, 6), (2, 1), (2, 5), (2, 6), (3, 0), (3, 1), (3, 2), (3, 5), (3, 6), (4, 0), (4, 2), (4, 3), (4, 5), (4, 7), (6, 5), (7, 1), (7, 2), (7, 5), (7, 6)]], [[(0, 2), (0, 7), (1, 0), (1, 5), (2, 3), (2, 4), (2, 5), (3, 6), (4, 6), (6, 7)], [(0, 1), (0, 2), (0, 7), (1, 5), (2, 3), (2, 4), (2, 5), (3, 4), (3, 5), (6, 1), (6, 3), (6, 4), (6, 7)], [(0, 1), (0, 3), (0, 5), (0, 7), (2, 0), (2, 1), (2, 3), (2, 5), (2, 7), (4, 1), (4, 2), (4, 3), (4, 5), (4, 7), (5, 1), (5, 3), (6, 2), (6, 3), (6, 4), (6, 5), (6, 7), (7, 1), (7, 3)], [(0, 1), (2, 0), (0, 7), (1, 5), (3, 2), (4, 2), (2, 5), (3, 6), (4, 6), (6, 7)], [(1, 0), (1, 2), (1, 3), (1, 7), (2, 0), (2, 3), (3, 0), (4, 1), (4, 2), (4, 3), (4, 5), (4, 6), (4, 7), (5, 0), (5, 1), (5, 2), (5, 3), (5, 7), (6, 0), (6, 2), (6, 3), (6, 5), (6, 7), (7, 0)]], [[(0, 3), (0, 7), (1, 6), (1, 7), (2, 0), (2, 4), (2, 6), (3, 1), (3, 5), (5, 7), (6, 4)], [(0, 2), (0, 3), (0, 5), (0, 7), (1, 3), (1, 6), (1, 7), (2, 4), (2, 6), (3, 5), (3, 7), (5, 2), (6, 4)], [(0, 1), (0, 2), (0, 3), (0, 4), (0, 5), (1, 2), (1, 3), (1, 4), (2, 4), (3, 2), (5, 2), (5, 3), (5, 4), (6, 0), (6, 1), (6, 3), (6, 5), (7, 0), (7, 1), (7, 2), (7, 3)], [(2, 0), (3, 0), (0, 7), (1, 3), (6, 1), (1, 7), (2, 4), (6, 2), (3, 5), (6, 4), (7, 5)], [(1, 0), (1, 2), (1, 4), (1, 6), (2, 0), (2, 6), (3, 0), (3, 1), (3, 2), (3, 4), (3, 5), (4, 0), (4, 2), (4, 6), (5, 0), (5, 2), (5, 4), (6, 0), (7, 0), (7, 1), (7, 2), (7, 3), (7, 4), (7, 5), (7, 6)]], [[(0, 3), (0, 4), (1, 0), (1, 4), (2, 6), (3, 5), (3, 6), (4, 5), (4, 6), (7, 0), (7, 1)], [(0, 1), (0, 3), (0, 4), (0, 7), (1, 4), (1, 7), (3, 5), (3, 6), (4, 6), (5, 4), (6, 2)], [(0, 7), (1, 0), (1, 4), (1, 7), (2, 0), (2, 4), (3, 1), (3, 2), (3, 4), (5, 0), (5, 3), (5, 4), (6, 0), (6, 1), (6, 2), (6, 3), (6, 4)], [(0, 1), (0, 3), (0, 4), (7, 0), (1, 4), (7, 1), (6, 2), (3, 5), (3, 6), (5, 4), (4, 6)], [(1, 0), (2, 0), (2, 1), (2, 3), (2, 4), (2, 6), (3, 1), (3, 4), (3, 6), (4, 1), (5, 0), (5, 1), (5, 2), (5, 3), (5, 4), (5, 6), (5, 7), (6, 0), (6, 4), (7, 0), (7, 1), (7, 2), (7, 3), (7, 4), (7, 6)]], [[(0, 1), (0, 4), (0, 7), (1, 2), (2, 5), (2, 7), (3, 2), (3, 5), (4, 5), (6, 5), (7, 6)], [(1, 0), (1, 2), (3, 2), (3, 5), (4, 0), (5, 2), (5, 4), (6, 5), (6, 7), (7, 0), (7, 2), (7, 3)], [(0, 3), (0, 6), (1, 0), (1, 3), (2, 1), (2, 3), (2, 4), (2, 5), (3, 6), (4, 0), (4, 1), (4, 3), (4, 5), (4, 6), (5, 1), (5, 3), (5, 6), (7, 0), (7, 1), (7, 2), (7, 3), (7, 5), (7, 6)], [(0, 1), (4, 0), (7, 0), (2, 1), (2, 3), (2, 5), (7, 2), (3, 5), (5, 4), (6, 5), (7, 6)], [(0, 1), (0, 2), (0, 3), (0, 5), (0, 6), (0, 7), (1, 2), (1, 3), (1, 6), (1, 7), (2, 3), (2, 6), (2, 7), (3, 7), (4, 0), (4, 1), (4, 2), (4, 3), (4, 5), (5, 1), (5, 2), (5, 3), (5, 6), (5, 7), (6, 3), (6, 7)]], [[(1, 0), (1, 3), (2, 3), (2, 7), (3, 5), (3, 6), (4, 0), (4, 1), (4, 6), (5, 7), (6, 7)], [(0, 1), (1, 3), (1, 4), (2, 5), (3, 2), (3, 5), (3, 6), (4, 6), (7, 2), (7, 4), (7, 5), (7, 6)], [(1, 0), (1, 2), (1, 4), (1, 6), (2, 4), (2, 5), (3, 1), (3, 2), (3, 5), (3, 6), (5, 4), (6, 0), (6, 2), (6, 4), (6, 5), (7, 0), (7, 2), (7, 3), (7, 5), (7, 6)], [(1, 0), (4, 0), (1, 3), (4, 1), (3, 2), (2, 7), (3, 5), (3, 6), (4, 6), (5, 7), (6, 7)], [(0, 1), (0, 3), (0, 4), (2, 0), (2, 1), (2, 3), (2, 4), (2, 5), (2, 6), (2, 7), (3, 1), (3, 4), (4, 1), (4, 6), (5, 1), (5, 3), (5, 4), (5, 6), (5, 7), (6, 1), (7, 4), (7, 6)]], [[(0, 4), (0, 7), (1, 3), (2, 3), (2, 5), (3, 5), (4, 1), (4, 7), (6, 0), (6, 2), (6, 7)], [(0, 4), (0, 6), (0, 7), (1, 3), (2, 1), (2, 3), (2, 5), (3, 5), (4, 1), (6, 1), (6, 2), (6, 7), (7, 2), (7, 5)], [(1, 4), (2, 1), (2, 4), (2, 5), (2, 7), (3, 1), (3, 2), (3, 4), (3, 5), (4, 0), (5, 1), (5, 4), (5, 7), (6, 0), (6, 1), (6, 2), (6, 7), (7, 0)], [(0, 4), (6, 0), (0, 7), (3, 1), (4, 1), (3, 2), (2, 5), (6, 2), (3, 5), (4, 7), (6, 7)], [(0, 4), (2, 0), (2, 1), (2, 4), (2, 5), (2, 6), (3, 0), (3, 1), (3, 2), (3, 4), (3, 5), (3, 6), (4, 1), (4, 5), (5, 1), (6, 0), (6, 1), (6, 4), (7, 0), (7, 2), (7, 4), (7, 5), (7, 6)]], [[(0, 5), (1, 0), (1, 5), (1, 7), (2, 7), (3, 5), (3, 7), (4, 5), (4, 7), (6, 2), (6, 4)], [(0, 1), (0, 5), (1, 4), (1, 5), (1, 7), (3, 4), (3, 7), (5, 3), (5, 4), (6, 4), (7, 2), (7, 4), (7, 6)], [(0, 1), (0, 2), (0, 5), (0, 7), (1, 5), (1, 7), (3, 0), (3, 1), (3, 2), (3, 4), (3, 7), (4, 0), (4, 2), (4, 5), (4, 7), (6, 0), (6, 1), (6, 4), (6, 5), (6, 7), (7, 2), (7, 5)], [(1, 0), (5, 0), (5, 1), (1, 7), (6, 2), (2, 7), (5, 3), (3, 7), (4, 5), (6, 4), (4, 7)], [(0, 1), (2, 0), (2, 3), (2, 4), (2, 6), (2, 7), (3, 0), (3, 1), (3, 5), (3, 6), (3, 7), (4, 0), (4, 1), (4, 3), (4, 5), (4, 6), (4, 7), (5, 0), (5, 1), (5, 7), (6, 0), (6, 1), (6, 7), (7, 0), (7, 1)]], [[(0, 2), (0, 5), (0, 6), (1, 3), (1, 4), (1, 6), (2, 4), (4, 3), (5, 3), (7, 2)], [(0, 5), (0, 6), (1, 4), (1, 6), (2, 0), (2, 6), (2, 7), (4, 2), (4, 3), (5, 3)], [(0, 2), (0, 6), (2, 1), (2, 7), (3, 1), (3, 2), (3, 4), (3, 6), (3, 7), (4, 1), (4, 2), (4, 7), (5, 0), (5, 1), (5, 2), (5, 3), (5, 7), (6, 1), (6, 4), (6, 7)], [(0, 2), (5, 0), (0, 6), (3, 1), (1, 4), (1, 6), (4, 2), (7, 2), (3, 4), (5, 3)], [(0, 1), (0, 2), (0, 5), (0, 6), (1, 2), (1, 5), (3, 0), (3, 1), (3, 2), (3, 4), (3, 5), (3, 6), (3, 7), (4, 1), (4, 2), (4, 5), (4, 6), (4, 7), (6, 1), (6, 2), (6, 5), (7, 1), (7, 2), (7, 5), (7, 6)]], [[(0, 5), (1, 0), (1, 3), (2, 3), (2, 7), (3, 5), (4, 0), (4, 1), (5, 7), (6, 5)], [(0, 1), (0, 4), (0, 5), (0, 6), (1, 6), (2, 3), (2, 4), (2, 7), (3, 1), (3, 5), (4, 1), (5, 6), (5, 7)], [(1, 0), (1, 2), (1, 3), (1, 6), (3, 2), (3, 5), (3, 7), (4, 0), (4, 1), (4, 2), (4, 5), (4, 6), (4, 7), (5, 0), (5, 2), (6, 2), (6, 5), (7, 0), (7, 2), (7, 5)], [(0, 1), (0, 4), (0, 5), (3, 1), (4, 1), (3, 2), (2, 7), (3, 5), (5, 6), (5, 7)], [(0, 4), (0, 5), (0, 7), (1, 0), (1, 3), (1, 5), (1, 7), (2, 1), (2, 3), (2, 4), (2, 5), (2, 7), (3, 4), (3, 5), (5, 4), (6, 0), (6, 1), (6, 3), (6, 4), (6, 5), (6, 7), (7, 4), (7, 5)]], [[(0, 3), (0, 6), (1, 3), (1, 4), (1, 7), (2, 0), (2, 1), (4, 6), (5, 4), (5, 6), (6, 7), (7, 3)], [(0, 2), (0, 3), (0, 5), (0, 6), (1, 3), (1, 4), (1, 7), (2, 1), (5, 2), (5, 4), (5, 6), (6, 4), (6, 7), (7, 3)], [(0, 1), (0, 2), (0, 3), (0, 7), (2, 1), (2, 5), (2, 7), (3, 1), (3, 5), (3, 7), (4, 1), (4, 2), (4, 3), (4, 7), (5, 1), (5, 7), (6, 0), (6, 3), (6, 4), (6, 5), (6, 7)], [(0, 2), (0, 3), (0, 6), (2, 1), (1, 3), (1, 4), (1, 7), (7, 3), (5, 4), (6, 4), (5, 6), (6, 7)], [(0, 3), (0, 4), (0, 5), (0, 6), (0, 7), (1, 3), (1, 4), (1, 6), (1, 7), (2, 0), (2, 1), (2, 3), (2, 4), (2, 5), (2, 6), (2, 7), (3, 4), (3, 6), (3, 7), (5, 4), (5, 6), (5, 7), (6, 4), (7, 4)]], [[(0, 1), (0, 3), (2, 1), (2, 3), (4, 1), (5, 2), (5, 4), (6, 3), (6, 4), (6, 5), (7, 0), (7, 4)], [(0, 1), (0, 3), (0, 6), (0, 7), (1, 4), (1, 6), (2, 1), (2, 3), (2, 5), (4, 6), (5, 4), (6, 3), (7, 4)], [(0, 1), (0, 2), (0, 3), (0, 6), (0, 7), (2, 1), (2, 3), (2, 5), (2, 7), (3, 5), (4, 0), (4, 1), (4, 3), (4, 5), (4, 6), (4, 7), (6, 1), (6, 3), (6, 5), (7, 1), (7, 5)], [(0, 1), (3, 0), (7, 0), (2, 1), (1, 4), (3, 2), (5, 2), (3, 6), (5, 4), (4, 6), (7, 4), (5, 6)], [(0, 2), (0, 6), (0, 7), (1, 0), (1, 2), (1, 4), (1, 6), (1, 7), (2, 5), (3, 0), (3, 2), (3, 4), (3, 5), (3, 6), (4, 0), (4, 2), (4, 5), (4, 6), (4, 7), (6, 5), (7, 2), (7, 5)]], [[(0, 2), (0, 5), (0, 6), (1, 5), (1, 7), (2, 4), (3, 5), (3, 7), (4, 1), (4, 6), (6, 7)], [(0, 2), (0, 5), (0, 6), (1, 4), (1, 5), (1, 7), (2, 7), (3, 7), (4, 2), (4, 6), (5, 3), (6, 7)], [(0, 2), (0, 3), (0, 4), (0, 5), (0, 6), (1, 4), (1, 5), (1, 7), (2, 7), (3, 5), (3, 7), (4, 2), (4, 5), (4, 6), (6, 2), (6, 7)], [(0, 2), (0, 5), (0, 6), (4, 1), (1, 5), (1, 7), (4, 2), (5, 3), (3, 7), (4, 6), (6, 7)], [(0, 5), (0, 6), (1, 4), (1, 6), (2, 0), (2, 1), (2, 4), (2, 5), (2, 6), (3, 0), (3, 1), (3, 2), (3, 4), (3, 5), (3, 6), (3, 7), (4, 6), (5, 1), (5, 4), (7, 0), (7, 1), (7, 2), (7, 4), (7, 6)]], [[(2, 1), (2, 5), (3, 5), (4, 0), (6, 1), (6, 2), (7, 0)], [(0, 4), (0, 7), (1, 2), (1, 6), (2, 5), (2, 6), (2, 7), (3, 5), (4, 1), (4, 2), (4, 6), (7, 3)], [(0, 1), (0, 7), (1, 7), (2, 0), (2, 1), (2, 3), (2, 4), (2, 5), (2, 7), (3, 0), (3, 1), (3, 7), (4, 0), (4, 1), (4, 3), (5, 0), (5, 3), (6, 0), (6, 1), (6, 2), (6, 3)], [(0, 4), (7, 0), (2, 1), (6, 1), (2, 5), (6, 2), (5, 3)], [(0, 1), (0, 2), (0, 3), (0, 6), (0, 7), (2, 1), (3, 1), (3, 2), (3, 4), (3, 5), (3, 6), (3, 7), (4, 1), (5, 2), (5, 4), (6, 1), (6, 2), (6, 4), (6, 5), (6, 7), (7, 1), (7, 2), (7, 4), (7, 5)]], [[(0, 1), (0, 3), (0, 5), (1, 6), (2, 5), (3, 6), (4, 3), (5, 6), (7, 2)], [(0, 1), (0, 3), (0, 5), (1, 2), (1, 6), (2, 7), (3, 4), (5, 2), (5, 7), (6, 3), (6, 5)], [(0, 2), (0, 4), (0, 5), (0, 7), (1, 0), (1, 2), (1, 3), (2, 3), (2, 5), (2, 7), (3, 5), (4, 2), (4, 3), (5, 7), (6, 1), (6, 2), (6, 3), (6, 5), (6, 7)], [(0, 1), (0, 3), (5, 0), (6, 1), (5, 2), (7, 2), (3, 4), (3, 6), (5, 6)], [(0, 2), (0, 3), (0, 7), (1, 0), (1, 2), (1, 3), (1, 6), (1, 7), (3, 2), (3, 7), (4, 0), (4, 2), (4, 3), (4, 7), (5, 0), (5, 1), (5, 2), (5, 3), (5, 6), (5, 7), (6, 2), (6, 3), (6, 7), (7, 2)]], [[(1, 6), (1, 7), (2, 3), (3, 7), (4, 0), (4, 1), (5, 6), (5, 7), (6, 2)], [(0, 4), (1, 7), (2, 3), (2, 6), (4, 1), (5, 7), (6, 1), (6, 4), (6, 5), (7, 3)], [(0, 4), (0, 7), (1, 0), (1, 2), (1, 3), (1, 4), (1, 5), (1, 7), (2, 7), (3, 0), (3, 2), (3, 4), (4, 2), (6, 0), (6, 1), (6, 2), (6, 5), (6, 7), (7, 5)], [(4, 0), (1, 4), (6, 1), (1, 7), (2, 3), (6, 2), (7, 3), (6, 5), (5, 7)], [(0, 1), (0, 2), (0, 3), (0, 4), (0, 5), (0, 6), (0, 7), (1, 2), (1, 6), (3, 1), (3, 2), (3, 6), (4, 1), (4, 2), (4, 3), (4, 5), (4, 6), (5, 1), (5, 6), (6, 2), (7, 1), (7, 2), (7, 3), (7, 5), (7, 6)]], [[(0, 2), (1, 0), (1, 2), (1, 6), (2, 7), (3, 6), (4, 3), (4, 5), (4, 6), (5, 7)], [(0, 1), (0, 2), (0, 5), (1, 6), (3, 4), (3, 6), (4, 5), (7, 2), (7, 5), (7, 6)], [(0, 5), (2, 0), (2, 1), (2, 5), (2, 7), (3, 0), (3, 1), (3, 2), (3, 7), (4, 0), (4, 1), (4, 2), (4, 3), (4, 5), (4, 7), (6, 1), (6, 3), (6, 4), (6, 5), (6, 7), (7, 0), (7, 1), (7, 5)], [(0, 1), (0, 2), (2, 1), (1, 6), (7, 2), (4, 3), (6, 3), (4, 5), (4, 6), (7, 5)], [(0, 2), (0, 3), (1, 0), (1, 2), (1, 3), (1, 4), (1, 6), (2, 3), (2, 4), (4, 3), (5, 0), (5, 4), (5, 6), (5, 7), (6, 2), (6, 3), (6, 4), (7, 2), (7, 3), (7, 4), (7, 6)]], [[(0, 4), (1, 4), (2, 1), (2, 6), (2, 7), (3, 5), (3, 7), (5, 1), (5, 6), (7, 0)], [(0, 4), (0, 5), (0, 7), (1, 4), (1, 5), (2, 1), (2, 3), (5, 3), (6, 1), (6, 2), (7, 2), (7, 3)], [(0, 1), (0, 4), (0, 5), (0, 7), (2, 0), (2, 1), (2, 3), (2, 7), (3, 0), (3, 4), (3, 5), (3, 7), (5, 1), (5, 4), (6, 2), (6, 4), (6, 5), (6, 7), (7, 1), (7, 4)], [(0, 4), (7, 0), (2, 1), (1, 4), (5, 1), (2, 6), (2, 7), (3, 5), (3, 7), (6, 5)], [(1, 0), (1, 2), (1, 3), (1, 4), (1, 5), (1, 7), (2, 7), (3, 0), (3, 2), (3, 4), (3, 5), (3, 7), (4, 0), (4, 2), (4, 7), (5, 0), (5, 2), (5, 4), (5, 7), (6, 0), (6, 1), (6, 2), (6, 3), (6, 4), (6, 5), (6, 7), (7, 0)]], [[(0, 1), (0, 4), (1, 5), (2, 5), (3, 0), (4, 2), (4, 5), (6, 2), (6, 3), (7, 2), (7, 6)], [(2, 5), (2, 7), (3, 6), (4, 0), (4, 5), (6, 0), (6, 2), (6, 7)], [(0, 4), (1, 0), (1, 4), (2, 0), (2, 3), (2, 4), (5, 0), (5, 2), (5, 3), (5, 4), (5, 6), (6, 0), (6, 1), (6, 2), (6, 3), (7, 2), (7, 6)], [(1, 0), (3, 0), (0, 4), (1, 5), (2, 4), (2, 5), (6, 2), (7, 2), (6, 3), (5, 4), (7, 6)], [(0, 2), (0, 4), (0, 6), (1, 0), (1, 2), (1, 5), (1, 6), (3, 0), (3, 2), (3, 4), (3, 5), (3, 6), (4, 2), (4, 6), (5, 0), (5, 2), (5, 4), (5, 6), (6, 2), (7, 0), (7, 1), (7, 2), (7, 3), (7, 6)]], [[(0, 1), (0, 4), (0, 7), (2, 3), (3, 1), (5, 3), (5, 4), (5, 7), (6, 4), (7, 4)], [(0, 1), (0, 2), (0, 4), (0, 6), (0, 7), (1, 6), (3, 1), (4, 5), (4, 6), (4, 7), (5, 3), (7, 5)], [(0, 1), (0, 2), (0, 3), (0, 7), (1, 2), (1, 5), (1, 7), (3, 1), (3, 5), (4, 0), (4, 1), (4, 3), (4, 5), (4, 7), (5, 7), (6, 3), (6, 4), (6, 5), (6, 7)], [(0, 1), (4, 0), (0, 7), (1, 3), (3, 2), (3, 5), (4, 5), (4, 6), (4, 7), (5, 7)], [(0, 2), (0, 4), (0, 6), (0, 7), (1, 0), (1, 2), (1, 4), (1, 5), (1, 6), (1, 7), (3, 0), (3, 1), (3, 4), (3, 5), (3, 6), (4, 6), (4, 7), (5, 0), (5, 4), (5, 6), (5, 7), (6, 7)]], [[(0, 3), (1, 3), (1, 4), (2, 0), (2, 4), (3, 7), (4, 0), (4, 3), (4, 6), (5, 6), (5, 7), (7, 6)], [(0, 2), (0, 3), (0, 4), (2, 4), (4, 1), (4, 3), (4, 6), (5, 1), (5, 6), (5, 7), (6, 7), (7, 1), (7, 3)], [(0, 1), (0, 2), (0, 4), (1, 4), (2, 1), (2, 3), (2, 4), (4, 3), (5, 0), (5, 1), (5, 2), (5, 3), (6, 0), (6, 1), (6, 2), (6, 3), (6, 4), (6, 5), (7, 1), (7, 2), (7, 3), (7, 4), (7, 5), (7, 6)], [(2, 0), (3, 0), (4, 0), (3, 1), (4, 1), (4, 2), (4, 3), (7, 3), (4, 6), (5, 6), (5, 7), (6, 7)], [(0, 4), (1, 0), (1, 4), (1, 7), (2, 0), (2, 4), (3, 0), (3, 1), (3, 2), (3, 4), (3, 5), (3, 6), (3, 7), (5, 1), (5, 2), (5, 4), (5, 6), (5, 7), (6, 1), (6, 2), (6, 4), (6, 7), (7, 0), (7, 2), (7, 4)]], [[(0, 1), (0, 6), (2, 1), (5, 2), (5, 6), (7, 3)], [(0, 1), (0, 2), (0, 6), (1, 2), (1, 6), (2, 4), (2, 5), (3, 7), (4, 5), (5, 6)], [(0, 1), (0, 7), (2, 1), (2, 3), (2, 4), (2, 5), (2, 7), (3, 1), (3, 7), (4, 0), (4, 3), (4, 5), (5, 0), (5, 1), (5, 3), (5, 7), (6, 0), (6, 1), (6, 2), (6, 3), (6, 5), (6, 7)], [(0, 1), (0, 6), (2, 1), (5, 2), (7, 3), (5, 6)], [(1, 0), (1, 2), (1, 3), (1, 5), (1, 6), (2, 0), (2, 3), (2, 5), (2, 6), (3, 0), (3, 5), (4, 0), (4, 1), (4, 2), (4, 3), (4, 5), (4, 6), (4, 7), (6, 3), (6, 5), (7, 0), (7, 2), (7, 3), (7, 5), (7, 6)]], [[(0, 2), (0, 3), (1, 2), (2, 7), (3, 2), (4, 7), (5, 0), (5, 6), (5, 7)], [(0, 1), (0, 2), (0, 3), (0, 5), (0, 7), (2, 1), (2, 3), (2, 7), (5, 1), (5, 6), (5, 7), (6, 3), (7, 4)], [(0, 1), (0, 2), (0, 5), (2, 1), (2, 5), (3, 0), (3, 2), (3, 4), (3, 5), (3, 6), (5, 1), (5, 4), (6, 0), (6, 1), (6, 4), (6, 5), (7, 0), (7, 2), (7, 4), (7, 5), (7, 6)], [(0, 2), (0, 3), (5, 0), (2, 1), (2, 3), (2, 7), (7, 4), (5, 6), (5, 7)], [(0, 1), (0, 2), (0, 3), (0, 5), (0, 7), (1, 2), (3, 1), (3, 2), (4, 0), (4, 3), (4, 5), (4, 7), (5, 1), (5, 2), (6, 0), (6, 1), (6, 2), (6, 3), (6, 4), (6, 5), (6, 7), (7, 1), (7, 2), (7, 3), (7, 5)]], [[(0, 7), (1, 4), (1, 5), (1, 6), (2, 6), (3, 1), (3, 4), (3, 7), (4, 2), (5, 4), (7, 1)], [(0, 3), (1, 3), (1, 4), (1, 5), (1, 6), (1, 7), (2, 6), (4, 2), (4, 3), (4, 5), (7, 0), (7, 3)], [(0, 2), (0, 3), (1, 0), (1, 2), (1, 3), (1, 4), (1, 5), (1, 6), (2, 6), (3, 6), (4, 2), (4, 3), (4, 6), (5, 2), (5, 3), (5, 4), (7, 0), (7, 1), (7, 2), (7, 3), (7, 6)], [(7, 0), (1, 3), (4, 1), (5, 1), (1, 6), (1, 7), (2, 4), (2, 6), (4, 3), (3, 7), (5, 4)], [(0, 1), (0, 3), (0, 5), (0, 6), (0, 7), (2, 1), (2, 3), (2, 4), (2, 6), (2, 7), (3, 1), (4, 1), (4, 3), (5, 1), (5, 4), (5, 6), (5, 7), (6, 1), (6, 3), (6, 4), (6, 7), (7, 1), (7, 3), (7, 4)]], [[(0, 1), (0, 3), (0, 7), (1, 5), (1, 6), (2, 0), (2, 4), (2, 7), (3, 5), (3, 7), (4, 6), (6, 7)], [(0, 1), (0, 2), (0, 3), (0, 7), (1, 2), (1, 5), (2, 4), (4, 3), (5, 3), (6, 1), (6, 4), (7, 2), (7, 3), (7, 6)], [(0, 1), (0, 2), (0, 3), (0, 6), (3, 1), (3, 2), (4, 0), (4, 1), (4, 2), (4, 3), (4, 6), (5, 1), (5, 2), (5, 3), (5, 6), (6, 1), (6, 2), (7, 0), (7, 2), (7, 3), (7, 4), (7, 5), (7, 6)], [(0, 1), (0, 2), (3, 0), (0, 7), (5, 1), (1, 6), (2, 4), (2, 7), (5, 3), (3, 7), (4, 6), (6, 7)], [(0, 3), (0, 5), (0, 7), (1, 0), (1, 2), (1, 4), (1, 5), (1, 6), (1, 7), (2, 0), (2, 3), (2, 4), (2, 5), (2, 6), (2, 7), (3, 5), (4, 3), (6, 3), (6, 4), (6, 5), (6, 7), (7, 3), (7, 5)]], [[(1, 0), (1, 5), (1, 7), (2, 7), (3, 0), (3, 5), (4, 1), (5, 0), (6, 5), (7, 0)], [(0, 1), (0, 2), (0, 3), (0, 5), (1, 4), (1, 5), (1, 7), (2, 7), (3, 5), (5, 6)], [(0, 7), (1, 0), (1, 7), (2, 0), (2, 1), (2, 3), (2, 7), (3, 0), (3, 7), (4, 0), (4, 1), (4, 3), (4, 5), (5, 0), (5, 1), (5, 2), (5, 7), (6, 0), (6, 1), (6, 2), (6, 3), (6, 5)], [(1, 0), (0, 3), (5, 0), (7, 0), (1, 4), (1, 5), (7, 1), (7, 2), (5, 3), (5, 6)], [(0, 1), (2, 0), (2, 1), (2, 3), (2, 4), (2, 5), (2, 6), (2, 7), (3, 0), (3, 1), (3, 4), (3, 6), (3, 7), (4, 0), (4, 1), (4, 5), (4, 6), (5, 0), (5, 1), (6, 0), (6, 1), (6, 5), (7, 0), (7, 1), (7, 4), (7, 5), (7, 6)]], [[(0, 5), (1, 3), (1, 4), (1, 7), (2, 0), (2, 5), (2, 7), (3, 0), (6, 7), (7, 3)], [(0, 2), (0, 3), (0, 5), (1, 3), (1, 4), (1, 6), (1, 7), (2, 5), (3, 2), (3, 7), (4, 6), (7, 2), (7, 6)], [(0, 5), (0, 6), (1, 3), (1, 5), (1, 6), (2, 0), (2, 1), (2, 5), (2, 6), (3, 0), (3, 6), (4, 0), (4, 1), (4, 5), (4, 6), (7, 0), (7, 1), (7, 2), (7, 3), (7, 4), (7, 6)], [(0, 2), (0, 3), (0, 5), (1, 3), (1, 4), (1, 7), (2, 5), (2, 7), (3, 7), (7, 6)], [(0, 4), (0, 6), (1, 0), (1, 4), (1, 6), (2, 0), (2, 1), (2, 3), (2, 4), (2, 5), (2, 6), (3, 0), (3, 4), (3, 6), (4, 6), (5, 0), (5, 1), (5, 3), (5, 4), (7, 0), (7, 1), (7, 2), (7, 3), (7, 4), (7, 5), (7, 6)]], [[(0, 3), (0, 4), (1, 4), (1, 5), (2, 7), (4, 3), (5, 7), (6, 2), (6, 5), (6, 7)], [(0, 2), (0, 3), (0, 4), (2, 6), (2, 7), (3, 4), (4, 1), (4, 2), (5, 1), (5, 2), (5, 6), (5, 7), (7, 6)], [(0, 1), (0, 2), (0, 3), (0, 4), (0, 6), (0, 7), (2, 1), (2, 6), (4, 1), (4, 3), (4, 6), (5, 1), (5, 2), (5, 3), (5, 4), (5, 6), (5, 7), (6, 1), (6, 3), (7, 1), (7, 2), (7, 3), (7, 4), (7, 6)], [(3, 0), (4, 0), (4, 1), (5, 1), (2, 6), (2, 7), (4, 3), (5, 6), (5, 7), (7, 6)], [(0, 5), (1, 0), (1, 4), (1, 5), (1, 7), (2, 0), (2, 1), (2, 3), (2, 4), (2, 5), (2, 7), (3, 0), (3, 1), (3, 4), (3, 5), (3, 7), (4, 0), (6, 0), (6, 1), (6, 2), (6, 3), (6, 4), (6, 5), (6, 7), (7, 0), (7, 5)]], [[(0, 2), (0, 5), (1, 2), (2, 3), (2, 6), (3, 4), (3, 7), (4, 6), (5, 4), (5, 6), (6, 7)], [(0, 2), (0, 7), (2, 1), (2, 3), (3, 7), (4, 3), (4, 5), (4, 6), (5, 0), (5, 6), (6, 2), (6, 7)], [(1, 3), (1, 4), (2, 0), (2, 1), (2, 3), (2, 4), (4, 3), (5, 0), (5, 3), (5, 4), (6, 0), (6, 1), (6, 2), (6, 4), (6, 5), (7, 0), (7, 1), (7, 2), (7, 5), (7, 6)], [(2, 0), (5, 0), (2, 1), (2, 3), (2, 6), (4, 3), (3, 7), (5, 4), (4, 6), (5, 6), (6, 7)], [(0, 2), (0, 6), (1, 0), (1, 2), (1, 4), (1, 5), (1, 6), (1, 7), (2, 3), (2, 4), (2, 6), (3, 4), (4, 6), (5, 0), (5, 2), (5, 3), (5, 4), (5, 6), (7, 0), (7, 3), (7, 4), (7, 5), (7, 6)]], [[(0, 5), (0, 7), (2, 1), (2, 3), (3, 7), (4, 5), (5, 2), (6, 7)], [(0, 7), (1, 2), (2, 3), (2, 5), (3, 7), (4, 3), (4, 6), (5, 0), (5, 4), (5, 7), (7, 6)], [(0, 4), (0, 5), (0, 7), (1, 4), (1, 7), (2, 1), (3, 2), (3, 4), (3, 5), (3, 7), (5, 1), (5, 2), (5, 4), (5, 7), (6, 1), (6, 2), (6, 3), (6, 4), (7, 4)], [(5, 0), (0, 7), (2, 1), (2, 3), (5, 2), (3, 7), (5, 4), (6, 7)], [(0, 3), (0, 4), (0, 5), (0, 6), (0, 7), (1, 0), (1, 2), (1, 3), (1, 4), (1, 5), (1, 7), (3, 2), (3, 4), (3, 5), (5, 2), (5, 4), (6, 2), (6, 4), (6, 5), (7, 3), (7, 4), (7, 5), (7, 6)]], [[(0, 7), (1, 0), (1, 2), (1, 4), (2, 5), (3, 0), (3, 7), (4, 3), (4, 5), (5, 7), (6, 1), (6, 4)], [(0, 1), (0, 3), (1, 2), (1, 4), (1, 6), (2, 5), (2, 7), (3, 4), (3, 7), (4, 5), (4, 6), (5, 7)], [(0, 2), (0, 3), (0, 6), (1, 0), (1, 4), (1, 6), (1, 7), (2, 3), (2, 4), (2, 6), (4, 3), (5, 0), (5, 2), (5, 3), (5, 4), (5, 6), (5, 7), (6, 4), (7, 0), (7, 3), (7, 4)], [(0, 1), (3, 0), (0, 7), (1, 2), (1, 4), (1, 6), (2, 5), (3, 4), (3, 7), (4, 5), (4, 6), (5, 7)], [(0, 1), (0, 4), (0, 6), (1, 4), (2, 0), (2, 1), (2, 4), (2, 5), (2, 6), (3, 0), (3, 1), (3, 2), (3, 4), (3, 5), (3, 6), (5, 0), (5, 4), (5, 6), (6, 1), (6, 4), (7, 0), (7, 1), (7, 2), (7, 3), (7, 4), (7, 5), (7, 6)]], [[(0, 6), (0, 7), (2, 1), (2, 5), (3, 0), (3, 2), (4, 1), (4, 6), (4, 7), (5, 6), (5, 7), (6, 1)], [(0, 3), (0, 7), (1, 2), (1, 4), (1, 5), (1, 6), (3, 2), (4, 5), (4, 7), (5, 2), (5, 7), (6, 0), (6, 4), (6, 5), (7, 3)], [(1, 3), (1, 7), (2, 1), (2, 3), (2, 5), (2, 6), (2, 7), (3, 0), (4, 0), (4, 1), (4, 3), (4, 5), (4, 6), (4, 7), (5, 3), (5, 7), (6, 0), (6, 1), (6, 3), (6, 5), (7, 0)], [(3, 0), (0, 6), (7, 0), (1, 2), (4, 1), (6, 1), (3, 2), (5, 2), (4, 6), (7, 4), (5, 6), (7, 5)], [(0, 3), (1, 0), (1, 2), (1, 3), (1, 4), (1, 6), (2, 0), (2, 3), (4, 0), (5, 0), (5, 2), (5, 3), (5, 4), (5, 7), (6, 0), (6, 2), (6, 4), (6, 5), (6, 7), (7, 0), (7, 2), (7, 3), (7, 4)]], [[(0, 1), (0, 2), (1, 5), (2, 1), (4, 0), (5, 3), (6, 3), (6, 5), (7, 2), (7, 4)], [(0, 1), (0, 2), (0, 3), (0, 4), (1, 5), (2, 1), (3, 6), (4, 5), (4, 6), (4, 7), (7, 2), (7, 6)], [(0, 3), (0, 4), (0, 5), (0, 7), (1, 0), (1, 2), (1, 3), (1, 4), (1, 5), (2, 0), (2, 3), (2, 5), (2, 7), (3, 4), (5, 4), (6, 1), (6, 3), (6, 4), (6, 5), (6, 7), (7, 3), (7, 4), (7, 5)], [(0, 1), (0, 2), (4, 0), (1, 2), (5, 1), (7, 2), (5, 3), (6, 3), (7, 4), (6, 5)], [(0, 3), (0, 4), (0, 5), (0, 6), (1, 0), (1, 2), (1, 3), (1, 4), (1, 5), (1, 6), (1, 7), (2, 0), (2, 3), (2, 4), (2, 5), (2, 6), (2, 7), (3, 4), (3, 6), (3, 7), (4, 7), (5, 4), (5, 6), (5, 7), (6, 4), (6, 7)]], [[(0, 7), (1, 0), (1, 5), (2, 4), (2, 6), (3, 0), (3, 1), (4, 5), (4, 7), (5, 6), (6, 7)], [(0, 3), (1, 0), (1, 3), (2, 4), (2, 6), (2, 7), (4, 5), (4, 6), (5, 6), (6, 3), (7, 0), (7, 6)], [(0, 1), (0, 3), (0, 5), (0, 7), (1, 4), (2, 1), (2, 3), (2, 4), (2, 5), (2, 6), (2, 7), (3, 1), (3, 4), (5, 1), (5, 3), (5, 4), (5, 6), (6, 3), (6, 4), (7, 1), (7, 6)], [(1, 0), (0, 3), (7, 0), (1, 3), (1, 5), (4, 2), (6, 2), (4, 5), (7, 4), (5, 6), (7, 6)], [(0, 2), (0, 4), (1, 0), (1, 2), (1, 3), (1, 5), (1, 6), (1, 7), (3, 0), (3, 2), (3, 4), (3, 5), (3, 6), (3, 7), (4, 2), (4, 5), (5, 2), (6, 2), (6, 5), (7, 0), (7, 4), (7, 5), (7, 6)]], [[(0, 2), (1, 0), (1, 5), (2, 5), (2, 7), (3, 0), (3, 2), (3, 6), (4, 1), (4, 7)], [(0, 1), (0, 2), (0, 3), (0, 5), (1, 3), (1, 5), (2, 5), (3, 6), (4, 1), (4, 2), (4, 7), (7, 2)], [(1, 0), (1, 6), (2, 0), (3, 0), (3, 1), (3, 2), (3, 6), (4, 1), (4, 2), (4, 3), (5, 0), (5, 1), (5, 2), (5, 3), (5, 4), (5, 6), (7, 1), (7, 2), (7, 4), (7, 5), (7, 6)], [(1, 0), (2, 0), (3, 0), (4, 1), (1, 5), (3, 2), (2, 5), (7, 2), (6, 3), (7, 4)], [(0, 2), (0, 3), (0, 7), (1, 0), (1, 2), (1, 3), (1, 4), (1, 7), (3, 2), (3, 7), (4, 2), (4, 7), (5, 1), (5, 2), (5, 3), (5, 6), (5, 7), (6, 0), (6, 1), (6, 3), (6, 4), (6, 7), (7, 2)]], [[(1, 2), (3, 7), (4, 0), (4, 3), (5, 6), (5, 7), (6, 0), (6, 2), (7, 6)], [(0, 4), (1, 2), (1, 5), (4, 3), (5, 6), (5, 7), (6, 0), (6, 2), (6, 7), (7, 0), (7, 3)], [(1, 0), (1, 2), (1, 3), (1, 7), (2, 3), (2, 4), (3, 0), (3, 7), (4, 3), (4, 7), (5, 0), (5, 1), (5, 3), (5, 4), (5, 7), (6, 0), (6, 1), (6, 2), (6, 3), (6, 4), (6, 5), (6, 7)], [(0, 4), (0, 6), (2, 1), (6, 2), (4, 3), (7, 3), (6, 5), (7, 5), (7, 6)], [(0, 3), (0, 6), (1, 2), (1, 3), (1, 5), (1, 6), (1, 7), (2, 3), (2, 6), (2, 7), (3, 6), (4, 0), (4, 3), (4, 7), (5, 0), (5, 2), (5, 3), (5, 4), (5, 6), (5, 7), (7, 3), (7, 6)]], [[(1, 0), (1, 2), (1, 6), (2, 0), (2, 5), (2, 7), (3, 5), (3, 7), (4, 5), (4, 7), (6, 7)], [(0, 1), (0, 2), (2, 1), (2, 5), (2, 7), (3, 7), (4, 5), (4, 7), (6, 1), (7, 6)], [(1, 0), (1, 2), (2, 0), (3, 0), (3, 2), (3, 4), (3, 5), (4, 5), (5, 1), (5, 2), (6, 1), (6, 3), (6, 5), (7, 1), (7, 2), (7, 3), (7, 4), (7, 5), (7, 6)], [(1, 0), (2, 0), (2, 1), (6, 1), (2, 5), (2, 7), (5, 3), (3, 7), (4, 5), (4, 7), (7, 6)], [(0, 2), (1, 0), (1, 2), (1, 3), (1, 4), (1, 5), (1, 6), (1, 7), (3, 0), (3, 2), (3, 6), (3, 7), (4, 6), (4, 7), (5, 0), (5, 2), (5, 3), (5, 4), (5, 6), (5, 7), (7, 0), (7, 2), (7, 6)]], [[(0, 4), (1, 3), (2, 3), (2, 6), (4, 1), (4, 3), (5, 1), (6, 1), (7, 2), (7, 3), (7, 4)], [(1, 5), (1, 6), (3, 2), (3, 4), (3, 7), (4, 0), (4, 1), (4, 5), (4, 7), (5, 7), (7, 2)], [(0, 4), (0, 5), (1, 4), (1, 5), (1, 6), (2, 0), (2, 4), (3, 0), (3, 1), (3, 2), (6, 0), (6, 4), (6, 5), (7, 0), (7, 2), (7, 3), (7, 4), (7, 5)], [(4, 0), (3, 1), (4, 1), (1, 5), (1, 6), (2, 3), (2, 6), (7, 2), (4, 3), (7, 3), (7, 4)], [(0, 1), (0, 4), (0, 5), (2, 0), (2, 1), (2, 3), (2, 5), (2, 7), (3, 0), (3, 1), (3, 4), (3, 5), (3, 7), (4, 1), (4, 5), (5, 1), (6, 0), (6, 1), (6, 2), (6, 3), (6, 4), (6, 5), (7, 0), (7, 1), (7, 4), (7, 5)]], [[(0, 4), (0, 5), (0, 6), (1, 0), (2, 3), (2, 5), (3, 7), (6, 4), (6, 7), (7, 4)], [(0, 1), (0, 4), (0, 5), (2, 3), (2, 5), (4, 7), (5, 7), (6, 3), (6, 4), (6, 7), (7, 3)], [(0, 1), (0, 4), (0, 5), (0, 6), (2, 3), (2, 4), (2, 5), (2, 6), (3, 0), (3, 1), (3, 5), (3, 6), (4, 1), (6, 4), (7, 0), (7, 1), (7, 3), (7, 4), (7, 6)], [(0, 1), (4, 0), (0, 5), (6, 0), (3, 2), (5, 2), (3, 7), (6, 4), (7, 4), (6, 7)], [(0, 7), (1, 0), (1, 3), (1, 7), (2, 0), (2, 3), (2, 4), (2, 6), (2, 7), (3, 7), (4, 0), (4, 1), (4, 3), (4, 6), (4, 7), (5, 0), (5, 2), (5, 3), (5, 4), (5, 6), (6, 0), (6, 1), (6, 3), (6, 7)]], [[(0, 2), (0, 4), (0, 6), (1, 2), (1, 7), (3, 6), (3, 7), (4, 7), (5, 0), (6, 1), (6, 2)], [(0, 2), (0, 4), (0, 5), (1, 2), (1, 6), (3, 7), (4, 5), (6, 0), (6, 2), (6, 3), (7, 4)], [(0, 2), (0, 5), (1, 0), (1, 2), (1, 5), (3, 0), (3, 2), (3, 5), (4, 0), (4, 3), (6, 0), (6, 1), (6, 2), (6, 3), (6, 5), (7, 0), (7, 1), (7, 3), (7, 4), (7, 5), (7, 6)], [(0, 2), (0, 4), (0, 5), (0, 6), (2, 1), (6, 1), (7, 1), (6, 2), (3, 6), (7, 3), (7, 4)], [(1, 0), (1, 2), (1, 4), (1, 5), (1, 6), (1, 7), (2, 0), (2, 4), (2, 5), (2, 6), (2, 7), (3, 0), (3, 1), (3, 2), (3, 4), (3, 5), (3, 6), (3, 7), (4, 0), (4, 5), (4, 6), (5, 0), (6, 0), (6, 5), (7, 0), (7, 4), (7, 5)]], [[(0, 1), (0, 6), (1, 5), (1, 7), (2, 1), (2, 6), (2, 7), (3, 0), (3, 4), (4, 5), (4, 6), (4, 7)], [(0, 1), (0, 3), (0, 6), (1, 2), (1, 5), (1, 6), (1, 7), (3, 2), (3, 4), (4, 5), (4, 6), (5, 6), (6, 2), (7, 2), (7, 4)], [(0, 1), (0, 2), (0, 3), (0, 4), (0, 7), (1, 2), (1, 7), (4, 3), (4, 7), (5, 1), (5, 4), (6, 0), (6, 1), (6, 2), (6, 4), (6, 7), (7, 2), (7, 3)], [(1, 0), (3, 0), (6, 0), (2, 1), (1, 5), (7, 1), (6, 2), (7, 2), (3, 4), (4, 5), (4, 6), (7, 4)], [(0, 1), (0, 3), (0, 4), (0, 6), (1, 4), (2, 1), (2, 5), (4, 3), (5, 1), (5, 4), (6, 1), (6, 2), (6, 4), (6, 5), (7, 1), (7, 2), (7, 3), (7, 4), (7, 5), (7, 6)]], [[(0, 2), (0, 4), (0, 7), (1, 0), (1, 3), (1, 7), (4, 2), (4, 5), (5, 7), (6, 3), (6, 4)], [(0, 2), (0, 4), (0, 7), (1, 5), (2, 1), (2, 4), (3, 1), (3, 6), (4, 5), (5, 7)], [(0, 2), (0, 4), (0, 6), (1, 2), (1, 3), (1, 4), (1, 7), (2, 4), (2, 6), (3, 0), (3, 2), (3, 4), (3, 6), (5, 0), (5, 2), (5, 3), (5, 4), (5, 6), (5, 7), (6, 4), (7, 0), (7, 2), (7, 6)], [(1, 0), (0, 2), (0, 4), (0, 7), (3, 1), (1, 7), (4, 2), (6, 3), (4, 5), (6, 4), (5, 7)], [(0, 4), (0, 6), (0, 7), (1, 2), (1, 4), (1, 5), (1, 6), (2, 0), (2, 4), (2, 5), (2, 6), (2, 7), (3, 0), (3, 1), (3, 2), (3, 4), (3, 5), (3, 6), (4, 5), (4, 6), (4, 7), (5, 6), (5, 7), (7, 6)]], [[(0, 1), (0, 7), (2, 3), (2, 6), (2, 7), (4, 1), (4, 3), (5, 1), (6, 5), (7, 5)], [(1, 0), (1, 5), (2, 0), (2, 3), (2, 7), (3, 4), (4, 1), (5, 6), (7, 0), (7, 5)], [(0, 2), (0, 7), (1, 0), (1, 7), (3, 0), (3, 1), (3, 2), (3, 4), (4, 2), (5, 1), (5, 2), (5, 4), (5, 7), (6, 0), (6, 1), (6, 3), (6, 4), (6, 5), (6, 7), (7, 2), (7, 4)], [(0, 1), (0, 7), (1, 4), (5, 1), (3, 2), (2, 6), (2, 7), (4, 3), (5, 6), (5, 7)], [(0, 1), (0, 2), (0, 3), (0, 4), (0, 5), (0, 6), (0, 7), (2, 3), (2, 5), (2, 6), (3, 1), (3, 4), (3, 5), (3, 6), (4, 5), (4, 6), (5, 1), (6, 1), (6, 5), (7, 1), (7, 2), (7, 5), (7, 6)]], [[(0, 3), (1, 2), (1, 3), (2, 6), (2, 7), (3, 6), (4, 6), (4, 7), (5, 0), (5, 2), (7, 0), (7, 3)], [(1, 2), (1, 3), (2, 6), (3, 0), (3, 5), (3, 6), (3, 7), (5, 0), (5, 2), (5, 7), (6, 4), (7, 0), (7, 2), (7, 4)], [(0, 4), (1, 3), (1, 7), (2, 1), (2, 3), (2, 4), (2, 5), (2, 7), (3, 0), (3, 7), (5, 0), (5, 1), (5, 4), (5, 7), (6, 0), (6, 2), (6, 3), (6, 4), (6, 7), (7, 0), (7, 4)], [(0, 3), (5, 0), (7, 0), (2, 1), (3, 1), (2, 5), (2, 6), (2, 7), (6, 3), (7, 3), (4, 6), (4, 7)], [(0, 1), (0, 2), (0, 3), (0, 4), (0, 5), (0, 6), (0, 7), (1, 2), (1, 3), (1, 4), (1, 6), (1, 7), (2, 3), (2, 6), (2, 7), (3, 6), (3, 7), (4, 3), (4, 6), (4, 7), (5, 2), (5, 6), (5, 7), (7, 6)]], [[(0, 2), (0, 3), (1, 3), (3, 5), (4, 5), (6, 0), (6, 2), (7, 1), (7, 3), (7, 4)], [(0, 2), (0, 6), (1, 0), (1, 3), (1, 7), (2, 6), (3, 0), (3, 5), (3, 7), (5, 4), (5, 7), (7, 4)], [(0, 2), (0, 7), (1, 0), (1, 5), (1, 7), (3, 0), (3, 1), (3, 2), (3, 4), (3, 5), (4, 0), (4, 2), (4, 7), (6, 0), (6, 1), (6, 3), (6, 5), (6, 7), (7, 2), (7, 5)], [(0, 2), (3, 0), (0, 6), (3, 1), (7, 1), (6, 2), (5, 3), (7, 3), (4, 5), (7, 4)], [(0, 3), (0, 6), (0, 7), (1, 0), (1, 3), (1, 6), (1, 7), (2, 0), (2, 1), (2, 3), (2, 5), (2, 6), (2, 7), (4, 1), (4, 3), (4, 5), (4, 7), (5, 1), (5, 3), (5, 6), (5, 7), (6, 3), (7, 3), (7, 6)]], [[(0, 6), (0, 7), (2, 4), (3, 1), (3, 2), (4, 7), (5, 0), (5, 4), (6, 2), (6, 3), (6, 7)], [(0, 5), (0, 7), (1, 3), (3, 0), (3, 2), (3, 6), (4, 2), (4, 7), (5, 4), (6, 0), (6, 2), (6, 7)], [(0, 5), (1, 3), (1, 5), (3, 0), (3, 2), (4, 0), (4, 2), (4, 3), (4, 5), (6, 0), (6, 1), (6, 2), (6, 3), (7, 0), (7, 1), (7, 2), (7, 3), (7, 4), (7, 5), (7, 6)], [(0, 5), (6, 0), (0, 7), (3, 1), (2, 3), (4, 2), (6, 2), (6, 3), (5, 4), (4, 7), (6, 7)], [(1, 0), (1, 3), (1, 7), (2, 6), (3, 0), (3, 2), (3, 6), (4, 0), (4, 1), (4, 2), (4, 3), (4, 5), (4, 6), (4, 7), (5, 0), (5, 1), (5, 2), (5, 3), (5, 6), (5, 7), (6, 0), (7, 0), (7, 3), (7, 6)]], [[(0, 4), (0, 5), (1, 2), (2, 4), (3, 2), (3, 5), (3, 6), (4, 6), (5, 6), (7, 3), (7, 4)], [(0, 4), (0, 5), (1, 2), (1, 6), (2, 3), (3, 5), (3, 6), (3, 7), (5, 6), (6, 4), (7, 4)], [(0, 1), (0, 4), (0, 5), (0, 7), (1, 4), (1, 6), (1, 7), (2, 0), (2, 1), (2, 6), (3, 1), (3, 2), (3, 4), (3, 5), (3, 6), (3, 7), (4, 7), (5, 1), (5, 4), (5, 6), (6, 4), (6, 7)], [(0, 4), (0, 5), (1, 2), (2, 3), (4, 2), (3, 5), (3, 6), (7, 3), (4, 6), (7, 4), (5, 6)], [(1, 0), (1, 2), (1, 3), (1, 4), (1, 6), (1, 7), (2, 0), (2, 3), (2, 4), (3, 0), (4, 0), (5, 0), (5, 1), (5, 3), (5, 4), (5, 6), (5, 7), (6, 0), (6, 3), (6, 4), (6, 7), (7, 0), (7, 2), (7, 3), (7, 4)]], [[(1, 2), (1, 3), (1, 5), (2, 4), (3, 6), (4, 6), (5, 3), (5, 4), (6, 0), (7, 1), (7, 2)], [(0, 6), (1, 2), (1, 3), (1, 5), (1, 7), (2, 4), (2, 7), (4, 5), (6, 3), (6, 4)], [(1, 3), (2, 1), (2, 3), (2, 4), (2, 6), (3, 4), (5, 2), (5, 3), (5, 4), (5, 6), (6, 0), (6, 1), (6, 3), (6, 4), (7, 1), (7, 2), (7, 3), (7, 4), (7, 5)], [(6, 0), (2, 1), (3, 1), (1, 5), (7, 1), (2, 4), (7, 2), (3, 5), (3, 6), (4, 5), (4, 6)], [(0, 2), (0, 3), (0, 4), (0, 6), (1, 2), (1, 3), (1, 4), (1, 6), (1, 7), (2, 3), (2, 4), (2, 6), (2, 7), (3, 6), (4, 6), (5, 1), (5, 2), (5, 3), (5, 4), (5, 6), (5, 7), (7, 3), (7, 6)]], [[(0, 3), (0, 6), (2, 3), (4, 6), (5, 1), (7, 0), (7, 3)], [(0, 5), (0, 6), (0, 7), (2, 3), (3, 1), (4, 2), (4, 7), (5, 1), (6, 3), (6, 4), (7, 3)], [(0, 2), (0, 4), (0, 5), (0, 6), (0, 7), (1, 2), (1, 3), (1, 5), (2, 3), (2, 4), (2, 7), (4, 5), (4, 6), (6, 3), (6, 5), (7, 3), (7, 4)], [(0, 3), (0, 6), (0, 7), (5, 1), (2, 3), (3, 7), (6, 4)], [(0, 6), (0, 7), (1, 0), (1, 2), (1, 3), (1, 5), (1, 6), (1, 7), (2, 0), (2, 3), (2, 6), (2, 7), (3, 0), (3, 7), (4, 0), (4, 1), (4, 2), (4, 5), (4, 6), (4, 7), (5, 0), (5, 2), (5, 3), (5, 6), (6, 7)]], [[(2, 0), (4, 1), (5, 3), (5, 4), (6, 0), (6, 1), (6, 4), (7, 0), (7, 1), (7, 2), (7, 3)], [(0, 2), (1, 2), (1, 4), (3, 5), (3, 7), (5, 2), (5, 4), (6, 0), (6, 1), (6, 4), (7, 0), (7, 1), (7, 2)], [(0, 2), (0, 3), (0, 6), (1, 0), (1, 3), (1, 4), (1, 6), (3, 2), (4, 2), (4, 3), (5, 2), (5, 3), (5, 4), (5, 6), (6, 4), (7, 0), (7, 1), (7, 2), (7, 3), (7, 4), (7, 6)], [(0, 2), (6, 0), (0, 7), (1, 4), (6, 1), (1, 7), (2, 7), (3, 5), (3, 7), (5, 4), (6, 4)], [(0, 2), (0, 6), (1, 4), (2, 1), (2, 4), (2, 6), (3, 0), (3, 1), (3, 2), (3, 4), (5, 0), (5, 2), (5, 3), (5, 4), (5, 6), (6, 1), (6, 4), (7, 0), (7, 1), (7, 2), (7, 3), (7, 4), (7, 6)]], [[(0, 5), (1, 2), (1, 4), (1, 6), (2, 3), (2, 7), (3, 6), (4, 5), (4, 7), (5, 7)], [(1, 2), (1, 4), (1, 6), (2, 3), (2, 7), (4, 5), (4, 7), (5, 0), (6, 3), (7, 5)], [(0, 2), (0, 3), (0, 4), (0, 5), (0, 6), (1, 3), (1, 4), (1, 6), (3, 2), (3, 4), (4, 2), (5, 4), (6, 2), (6, 3), (6, 4), (7, 0), (7, 2), (7, 3), (7, 4), (7, 5), (7, 6)], [(5, 0), (2, 1), (4, 1), (6, 1), (2, 3), (2, 7), (6, 3), (4, 5), (4, 7), (7, 5)], [(0, 2), (0, 4), (0, 5), (0, 6), (0, 7), (1, 2), (1, 3), (1, 4), (1, 5), (1, 6), (1, 7), (2, 4), (3, 2), (3, 5), (3, 6), (3, 7), (5, 2), (5, 4), (5, 7), (6, 4), (6, 5), (6, 7), (7, 2), (7, 4)]], [[(0, 1), (1, 2), (1, 3), (1, 4), (2, 3), (2, 6), (3, 4), (4, 5), (5, 6), (7, 0)], [(0, 1), (0, 7), (1, 2), (1, 3), (1, 4), (2, 3), (2, 6), (2, 7), (3, 4), (5, 1), (5, 4), (5, 6), (5, 7)], [(0, 1), (0, 7), (1, 2), (1, 7), (3, 0), (3, 1), (3, 4), (4, 1), (4, 2), (5, 1), (5, 2), (5, 4), (5, 7), (6, 1), (6, 2), (6, 5), (6, 7), (7, 2)], [(1, 0), (0, 7), (2, 1), (3, 1), (4, 1), (3, 2), (2, 6), (4, 3), (4, 5), (5, 6)], [(0, 1), (0, 2), (0, 3), (0, 6), (0, 7), (2, 1), (2, 6), (3, 1), (3, 6), (3, 7), (4, 0), (4, 1), (4, 3), (4, 6), (4, 7), (5, 1), (5, 2), (5, 4), (5, 6), (5, 7), (7, 1), (7, 2)]], [[(0, 2), (0, 4), (1, 2), (1, 4), (2, 5), (2, 6), (3, 4), (3, 7), (4, 6), (5, 3), (5, 7), (6, 7)], [(0, 2), (0, 4), (2, 1), (3, 7), (4, 1), (4, 3), (5, 3), (5, 7), (6, 1), (6, 2), (6, 4), (6, 7)], [(1, 4), (1, 5), (2, 0), (2, 1), (3, 0), (3, 1), (3, 4), (3, 5), (3, 7), (4, 0), (4, 7), (6, 1), (6, 2), (6, 3), (6, 4), (6, 7), (7, 5)], [(2, 0), (4, 0), (2, 1), (4, 1), (2, 5), (2, 6), (4, 3), (5, 3), (3, 7), (4, 6), (5, 7), (6, 7)], [(2, 0), (2, 1), (2, 4), (2, 5), (2, 6), (2, 7), (3, 0), (3, 4), (4, 0), (4, 1), (5, 1), (5, 3), (5, 4), (5, 7), (6, 3), (6, 4), (6, 7), (7, 1), (7, 3), (7, 4)]], [[(0, 1), (0, 3), (0, 6), (1, 6), (1, 7), (2, 3), (2, 5), (2, 6), (2, 7), (3, 7), (4, 2), (4, 5)], [(0, 1), (0, 3), (0, 6), (1, 7), (2, 3), (2, 4), (2, 5), (2, 6), (2, 7), (3, 7), (5, 4), (6, 1)], [(0, 1), (0, 5), (2, 0), (2, 1), (2, 5), (2, 6), (3, 0), (3, 2), (3, 5), (3, 6), (3, 7), (4, 0), (4, 2), (4, 5), (4, 7), (5, 1), (6, 0), (6, 1), (6, 5), (7, 0), (7, 1), (7, 2), (7, 6)], [(0, 1), (3, 0), (0, 6), (6, 1), (1, 7), (3, 2), (4, 2), (2, 5), (2, 6), (2, 7), (3, 7), (4, 5)], [(1, 0), (1, 2), (1, 4), (1, 6), (1, 7), (2, 4), (2, 7), (3, 0), (3, 2), (3, 4), (3, 7), (4, 0), (5, 0), (5, 2), (5, 3), (5, 4), (5, 7), (6, 0), (6, 2), (6, 4), (6, 5), (7, 4)]], [[(0, 7), (1, 3), (1, 6), (2, 4), (4, 7), (5, 1), (5, 2), (6, 7), (7, 3)], [(1, 3), (1, 6), (3, 2), (3, 6), (4, 0), (4, 2), (4, 7), (7, 0), (7, 3), (7, 6)], [(0, 2), (0, 3), (0, 4), (0, 5), (0, 7), (1, 2), (1, 3), (1, 5), (3, 4), (3, 7), (4, 2), (4, 5), (4, 7), (5, 2), (5, 7), (6, 1), (6, 2), (6, 3), (6, 4), (6, 5), (6, 7)], [(0, 7), (3, 1), (1, 5), (6, 1), (2, 4), (5, 2), (7, 3), (7, 4), (6, 7)], [(0, 1), (2, 0), (2, 1), (2, 3), (2, 4), (2, 5), (2, 6), (2, 7), (3, 0), (3, 1), (3, 4), (3, 5), (3, 7), (4, 0), (4, 1), (4, 5), (4, 6), (4, 7), (5, 0), (5, 1), (5, 6), (5, 7), (6, 0), (6, 1), (7, 0), (7, 6)]], [[(0, 5), (1, 5), (1, 6), (2, 5), (3, 6), (4, 0), (4, 5), (7, 0), (7, 6)], [(1, 6), (2, 4), (2, 5), (2, 6), (3, 0), (3, 4), (4, 0), (4, 5), (5, 1), (5, 7), (6, 7), (7, 0)], [(0, 3), (0, 6), (1, 0), (1, 6), (2, 0), (2, 3), (2, 6), (2, 7), (4, 0), (4, 1), (4, 2), (4, 3), (4, 7), (5, 0), (5, 1), (5, 2), (5, 4), (5, 7), (6, 7), (7, 3)], [(4, 0), (5, 0), (0, 7), (5, 1), (1, 6), (2, 5), (3, 6), (4, 5), (7, 6)], [(0, 4), (0, 5), (1, 0), (1, 2), (1, 3), (1, 4), (1, 5), (1, 6), (1, 7), (2, 0), (2, 3), (2, 4), (2, 5), (3, 0), (3, 4), (3, 5), (5, 4), (6, 0), (6, 2), (6, 3), (6, 4), (6, 5), (6, 7), (7, 0), (7, 2), (7, 4), (7, 5)]], [[(0, 4), (0, 5), (1, 6), (2, 5), (2, 7), (3, 6), (5, 1), (5, 4), (6, 7)], [(1, 2), (1, 3), (1, 5), (1, 6), (2, 3), (2, 6), (2, 7), (3, 6), (4, 0), (5, 0), (5, 2), (5, 3), (5, 4), (6, 7), (7, 0)], [(1, 4), (1, 5), (1, 6), (2, 0), (2, 1), (2, 4), (2, 5), (2, 6), (2, 7), (3, 1), (3, 5), (3, 6), (4, 0), (4, 5), (4, 6), (5, 0), (5, 7), (6, 5), (6, 7), (7, 0)], [(0, 4), (0, 5), (5, 1), (1, 6), (2, 5), (7, 2), (6, 3), (5, 4), (7, 6)], [(0, 4), (0, 5), (0, 7), (2, 1), (2, 5), (2, 6), (3, 0), (3, 1), (3, 2), (3, 5), (3, 6), (3, 7), (4, 1), (4, 2), (4, 5), (4, 6), (4, 7), (5, 1), (5, 6), (6, 1), (7, 2), (7, 6)]], [[(0, 4), (0, 6), (0, 7), (1, 7), (2, 1), (2, 3), (2, 4), (2, 6), (3, 1), (3, 6), (4, 5), (5, 7)], [(0, 4), (0, 6), (0, 7), (2, 1), (2, 3), (2, 4), (2, 6), (3, 1), (4, 5), (5, 6)], [(1, 2), (1, 5), (2, 4), (2, 5), (3, 0), (3, 1), (3, 2), (5, 0), (5, 4), (6, 0), (6, 1), (6, 2), (6, 4), (6, 5), (7, 0), (7, 1), (7, 3), (7, 4), (7, 5), (7, 6)], [(0, 4), (0, 6), (7, 0), (1, 2), (1, 3), (7, 1), (2, 3), (2, 4), (2, 6), (6, 3), (4, 5), (7, 5)], [(0, 1), (0, 2), (0, 3), (0, 5), (0, 6), (0, 7), (1, 2), (1, 3), (1, 5), (2, 3), (2, 5), (2, 6), (4, 0), (4, 1), (4, 2), (4, 5), (4, 6), (6, 5), (7, 1), (7, 3), (7, 5), (7, 6)]], [[(0, 3), (0, 6), (0, 7), (1, 2), (2, 5), (3, 5), (4, 2), (4, 6), (6, 7), (7, 2)], [(0, 1), (0, 3), (0, 7), (2, 1), (2, 5), (4, 2), (4, 5), (4, 6), (5, 3), (6, 1), (6, 5), (6, 7), (7, 2)], [(0, 3), (0, 5), (0, 7), (1, 0), (1, 3), (1, 5), (2, 0), (2, 1), (2, 3), (2, 7), (4, 0), (4, 2), (4, 3), (4, 5), (6, 1), (6, 2), (6, 4), (6, 5), (6, 7)], [(0, 3), (6, 0), (7, 0), (2, 1), (4, 2), (2, 5), (7, 2), (5, 3), (6, 4), (7, 6)], [(0, 1), (0, 2), (0, 4), (0, 5), (0, 6), (0, 7), (1, 2), (1, 4), (1, 5), (1, 6), (1, 7), (2, 4), (2, 6), (2, 7), (3, 0), (3, 1), (3, 2), (3, 4), (3, 5), (4, 6), (4, 7), (5, 2), (5, 4), (5, 6), (5, 7), (7, 6)]], [[(0, 1), (0, 2), (0, 5), (1, 6), (1, 7), (2, 3), (2, 6), (3, 5), (3, 7), (4, 2)], [(0, 1), (0, 2), (1, 4), (1, 6), (3, 2), (3, 5), (3, 7), (4, 2), (5, 0), (5, 4), (6, 2), (7, 1)], [(0, 3), (0, 4), (0, 5), (1, 0), (1, 3), (1, 4), (1, 7), (2, 0), (2, 1), (2, 3), (2, 4), (3, 5), (3, 7), (4, 5), (5, 7), (6, 1), (6, 2), (6, 3), (6, 4), (6, 5), (6, 7)], [(0, 1), (0, 2), (5, 0), (1, 6), (7, 1), (3, 2), (4, 2), (6, 2), (3, 5), (7, 3)], [(1, 0), (1, 2), (2, 0), (3, 0), (3, 2), (4, 0), (4, 1), (4, 2), (4, 3), (5, 0), (5, 1), (5, 2), (5, 3), (5, 4), (5, 7), (6, 0), (6, 1), (6, 2), (7, 1), (7, 3)]], [[(0, 5), (1, 0), (1, 2), (1, 4), (2, 6), (3, 5), (4, 3), (4, 6), (6, 3), (7, 3)], [(0, 1), (0, 5), (1, 2), (1, 4), (3, 5), (3, 6), (4, 3), (4, 6), (6, 2), (7, 3)], [(0, 7), (1, 0), (1, 3), (1, 6), (2, 0), (2, 1), (2, 3), (2, 6), (2, 7), (3, 7), (4, 0), (4, 1), (4, 3), (4, 6), (4, 7), (5, 0), (5, 2), (5, 3), (5, 6), (5, 7), (6, 0), (6, 3)], [(1, 0), (5, 0), (2, 1), (4, 1), (6, 2), (4, 3), (3, 5), (3, 6), (7, 3), (4, 6)], [(0, 1), (0, 2), (0, 3), (0, 4), (0, 5), (1, 2), (1, 3), (3, 2), (4, 1), (4, 2), (4, 3), (4, 6), (4, 7), (5, 2), (5, 3), (5, 6), (5, 7), (6, 2), (6, 3), (6, 7), (7, 2), (7, 3)]], [[(0, 1), (0, 4), (3, 1), (3, 6), (4, 2), (5, 1), (5, 4), (6, 2), (6, 5), (7, 1), (7, 2), (7, 3)], [(0, 1), (0, 4), (1, 3), (1, 5), (1, 6), (1, 7), (2, 4), (2, 7), (3, 6), (3, 7), (5, 4), (5, 6), (6, 2)], [(1, 0), (1, 2), (1, 3), (1, 4), (1, 6), (2, 4), (3, 2), (3, 6), (4, 0), (5, 1), (5, 2), (5, 4), (5, 6), (6, 2), (6, 4), (7, 1), (7, 2), (7, 3), (7, 5), (7, 6)], [(1, 0), (0, 4), (1, 3), (5, 1), (1, 7), (4, 2), (2, 6), (2, 7), (6, 3), (3, 7), (5, 4), (5, 6)], [(0, 1), (0, 2), (0, 4), (0, 6), (1, 3), (1, 5), (1, 7), (2, 1), (2, 3), (2, 5), (2, 7), (4, 1), (4, 2), (4, 5), (5, 3), (5, 7), (6, 1), (6, 2), (6, 3), (6, 4), (6, 5), (7, 3)]], [[(0, 4), (1, 3), (2, 5), (3, 2), (6, 1), (6, 4), (7, 0), (7, 3)], [(0, 4), (2, 3), (2, 5), (3, 1), (3, 7), (4, 6), (6, 1), (7, 0)], [(0, 3), (0, 4), (0, 5), (1, 0), (1, 2), (1, 3), (1, 4), (1, 5), (1, 6), (2, 3), (2, 5), (2, 6), (3, 5), (5, 4), (6, 3), (6, 4), (7, 0), (7, 1), (7, 3), (7, 4), (7, 6)], [(0, 4), (7, 0), (3, 1), (6, 1), (3, 2), (2, 5), (7, 3), (4, 6)], [(1, 0), (1, 6), (2, 0), (2, 1), (2, 4), (3, 0), (3, 1), (3, 2), (3, 4), (3, 6), (4, 0), (4, 1), (4, 6), (5, 0), (5, 1), (5, 2), (5, 3), (5, 4), (5, 6), (6, 0), (7, 0), (7, 1), (7, 2), (7, 3), (7, 5), (7, 6)]], [[(0, 2), (0, 6), (0, 7), (1, 5), (1, 6), (2, 5), (2, 6), (3, 5), (3, 7), (4, 2), (4, 5)], [(0, 2), (0, 6), (1, 4), (1, 6), (2, 4), (2, 5), (2, 6), (3, 5), (3, 7), (5, 1), (5, 4)], [(1, 0), (1, 4), (2, 0), (2, 1), (2, 4), (2, 6), (3, 0), (3, 1), (3, 2), (3, 4), (5, 0), (5, 1), (5, 2), (5, 3), (5, 4), (5, 6), (6, 0), (6, 1), (6, 4), (7, 1), (7, 3), (7, 5)], [(2, 0), (0, 6), (0, 7), (5, 1), (1, 6), (4, 2), (5, 2), (2, 6), (3, 5), (3, 7), (4, 5)], [(1, 0), (1, 2), (1, 4), (1, 6), (2, 0), (2, 4), (2, 5), (3, 0), (3, 1), (3, 2), (3, 5), (3, 6), (4, 5), (5, 0), (6, 0), (6, 2), (6, 5), (7, 1), (7, 2), (7, 3), (7, 5), (7, 6)]], [[(0, 3), (0, 7), (1, 2), (1, 4), (2, 5), (2, 6), (2, 7), (3, 6), (4, 3), (5, 3), (5, 4)], [(0, 3), (0, 7), (2, 1), (2, 6), (3, 4), (3, 5), (3, 6), (4, 1), (4, 5), (5, 2), (7, 2)], [(0, 1), (0, 3), (0, 7), (2, 1), (2, 5), (2, 6), (2, 7), (3, 4), (3, 5), (3, 6), (4, 1), (4, 5), (4, 6), (7, 1), (7, 3), (7, 5)], [(3, 0), (7, 0), (2, 1), (4, 1), (5, 2), (2, 6), (7, 2), (3, 4), (5, 3), (3, 6), (5, 4)], [(1, 0), (1, 2), (1, 4), (2, 0), (2, 4), (2, 5), (2, 6), (3, 0), (3, 1), (3, 2), (3, 4), (3, 5), (3, 6), (4, 0), (4, 5), (4, 6), (7, 0), (7, 1), (7, 2), (7, 4), (7, 5)]], [[(0, 2), (0, 3), (1, 3), (1, 5), (2, 1), (2, 6), (4, 0), (4, 2), (4, 7), (5, 7), (6, 7)], [(0, 2), (0, 3), (0, 4), (2, 1), (3, 1), (4, 2), (4, 7), (5, 1), (6, 2), (6, 7), (7, 5)], [(0, 1), (0, 2), (1, 3), (2, 7), (3, 2), (3, 7), (4, 0), (4, 1), (4, 2), (5, 1), (5, 2), (5, 3), (5, 4), (5, 7), (6, 1), (6, 2), (6, 3), (6, 7)], [(0, 2), (0, 3), (4, 0), (2, 1), (3, 1), (5, 1), (4, 2), (6, 2), (4, 7), (7, 5), (6, 7)], [(1, 0), (1, 2), (1, 6), (1, 7), (2, 0), (3, 0), (3, 1), (3, 2), (3, 4), (3, 6), (3, 7), (4, 0), (4, 1), (4, 2), (4, 6), (4, 7), (5, 0), (5, 1), (5, 2), (5, 4), (5, 6), (5, 7), (6, 0), (6, 2), (6, 7), (7, 2)]], [[(0, 4), (1, 0), (1, 6), (2, 0), (2, 3), (3, 4), (3, 6), (4, 5), (6, 7)], [(0, 1), (0, 2), (0, 4), (2, 3), (3, 5), (3, 6), (4, 3), (4, 5), (5, 6), (6, 7)], [(0, 1), (0, 2), (0, 4), (0, 5), (0, 6), (0, 7), (1, 2), (1, 6), (1, 7), (2, 5), (2, 7), (3, 0), (3, 2), (3, 4), (3, 5), (3, 6), (4, 2), (4, 5), (4, 7), (5, 7), (6, 5), (6, 7)], [(1, 0), (2, 0), (4, 0), (1, 6), (2, 3), (4, 3), (3, 6), (4, 5), (6, 7)], [(0, 1), (0, 2), (0, 4), (0, 5), (0, 6), (0, 7), (1, 2), (1, 3), (1, 5), (1, 6), (1, 7), (2, 3), (2, 5), (2, 6), (3, 6), (4, 3), (4, 5), (4, 6), (4, 7), (5, 6), (7, 2), (7, 3), (7, 6)]], [[(0, 1), (0, 7), (1, 6), (2, 5), (2, 6), (3, 1), (4, 3), (4, 6), (4, 7)], [(0, 1), (0, 7), (1, 2), (1, 3), (3, 4), (4, 6), (4, 7), (5, 2), (6, 2), (6, 5)], [(0, 1), (0, 2), (0, 4), (0, 5), (0, 7), (1, 5), (2, 1), (2, 5), (2, 7), (3, 1), (3, 4), (4, 1), (4, 7), (6, 1), (6, 2), (6, 4)], [(1, 0), (0, 7), (3, 1), (1, 6), (2, 5), (6, 2), (4, 3), (4, 6), (4, 7)], [(0, 1), (0, 2), (0, 4), (0, 6), (1, 2), (1, 5), (1, 6), (2, 5), (3, 0), (3, 1), (3, 2), (3, 4), (3, 6), (4, 5), (6, 2), (6, 4), (7, 0), (7, 2), (7, 3), (7, 4), (7, 5), (7, 6)]], [[(2, 0), (2, 5), (3, 1), (3, 5), (3, 7), (4, 5), (5, 6), (6, 7)], [(1, 0), (1, 3), (1, 6), (2, 0), (3, 4), (3, 5), (3, 6), (3, 7), (4, 5), (4, 7), (5, 2), (5, 6), (7, 2), (7, 6)], [(0, 2), (0, 4), (1, 0), (1, 2), (1, 4), (3, 1), (3, 2), (3, 4), (5, 0), (5, 1), (5, 2), (5, 3), (5, 4), (5, 6), (6, 0), (6, 3), (7, 1), (7, 2), (7, 3), (7, 4), (7, 6)], [(2, 0), (3, 1), (5, 2), (5, 3), (7, 3), (5, 4), (6, 5), (7, 6)], [(0, 1), (0, 2), (0, 3), (0, 5), (2, 1), (2, 5), (3, 1), (4, 0), (4, 1), (4, 2), (4, 3), (4, 5), (4, 6), (4, 7), (5, 1), (5, 3), (6, 0), (6, 1), (6, 2), (6, 3), (6, 5), (7, 0), (7, 1), (7, 2), (7, 3), (7, 6)]], [[(0, 3), (0, 7), (1, 3), (1, 5), (2, 0), (2, 4), (4, 1), (4, 6), (6, 1), (6, 7), (7, 5)], [(0, 2), (1, 3), (1, 4), (1, 5), (1, 6), (2, 4), (3, 0), (3, 2), (5, 7), (6, 2), (6, 4), (7, 0), (7, 6)], [(0, 3), (1, 0), (1, 3), (2, 0), (2, 1), (2, 3), (4, 2), (4, 7), (5, 0), (5, 1), (5, 7), (6, 1), (6, 2), (6, 4), (6, 5), (6, 7), (7, 0)], [(0, 2), (3, 0), (0, 7), (3, 1), (1, 4), (5, 1), (1, 6), (2, 4), (6, 4), (5, 7), (6, 7)], [(1, 0), (1, 2), (1, 3), (1, 4), (1, 5), (1, 6), (2, 0), (2, 4), (2, 5), (2, 6), (3, 0), (3, 4), (3, 5), (4, 5), (5, 0), (6, 4), (6, 5), (7, 0), (7, 1), (7, 2), (7, 3), (7, 4), (7, 5), (7, 6)]], [[(1, 7), (2, 4), (3, 1), (3, 2), (3, 7), (4, 7), (5, 4), (5, 7), (6, 2)], [(0, 1), (0, 3), (0, 4), (1, 7), (2, 3), (2, 6), (3, 1), (3, 7), (4, 2), (4, 5), (4, 7), (7, 5)], [(0, 3), (0, 4), (0, 7), (1, 0), (1, 3), (1, 6), (1, 7), (2, 0), (2, 1), (2, 3), (2, 4), (2, 6), (3, 4), (3, 6), (5, 0), (5, 3), (5, 4), (5, 6), (5, 7), (6, 4), (7, 3), (7, 6)], [(3, 1), (7, 1), (2, 3), (2, 4), (2, 6), (3, 7), (5, 4), (4, 7), (5, 7)], [(0, 4), (0, 5), (1, 0), (1, 3), (1, 4), (1, 5), (1, 6), (1, 7), (2, 0), (2, 4), (2, 5), (2, 6), (3, 0), (3, 2), (3, 5), (3, 6), (4, 5), (6, 5), (7, 0), (7, 2), (7, 3), (7, 4), (7, 5), (7, 6)]], [[(0, 1), (0, 4), (0, 6), (0, 7), (2, 6), (3, 1), (4, 6), (5, 2), (5, 4), (5, 7), (6, 7), (7, 3)], [(0, 1), (0, 4), (0, 6), (0, 7), (2, 3), (5, 2), (5, 4), (6, 4), (6, 7), (7, 3), (7, 5)], [(1, 0), (1, 6), (2, 0), (2, 1), (2, 5), (2, 6), (3, 2), (3, 6), (4, 0), (4, 6), (6, 5), (7, 0), (7, 1), (7, 2), (7, 3), (7, 4), (7, 5), (7, 6)], [(0, 1), (0, 4), (6, 0), (7, 0), (3, 1), (5, 2), (6, 2), (7, 3), (5, 4), (6, 4), (7, 5), (7, 6)], [(0, 2), (0, 7), (1, 0), (1, 2), (1, 3), (1, 4), (1, 5), (1, 6), (1, 7), (3, 0), (3, 2), (3, 7), (4, 0), (4, 2), (4, 3), (4, 5), (4, 6), (4, 7), (5, 0), (5, 2), (5, 3), (5, 7), (6, 0), (6, 2), (6, 3), (6, 7)]], [[(0, 2), (1, 0), (1, 3), (2, 6), (3, 5), (4, 0), (4, 2), (5, 6), (7, 0), (7, 3), (7, 5)], [(0, 2), (1, 3), (3, 5), (3, 7), (4, 0), (4, 2), (4, 7), (5, 6), (5, 7), (6, 2), (7, 0)], [(2, 0), (2, 1), (3, 0), (3, 1), (3, 7), (4, 0), (4, 2), (4, 7), (5, 1), (5, 2), (5, 3), (5, 7), (6, 0), (6, 1), (6, 2), (6, 4), (6, 5), (6, 7), (7, 0), (7, 1), (7, 2)], [(0, 1), (0, 2), (4, 0), (7, 0), (1, 3), (4, 2), (6, 2), (3, 5), (7, 3), (5, 6), (7, 5)], [(0, 4), (0, 5), (1, 5), (1, 7), (2, 0), (2, 1), (2, 4), (2, 5), (2, 6), (2, 7), (3, 0), (3, 1), (3, 4), (3, 5), (3, 7), (5, 4), (6, 1), (6, 3), (6, 4), (6, 5), (6, 7), (7, 0), (7, 4), (7, 5)]], [[(0, 1), (0, 3), (1, 5), (1, 6), (1, 7), (2, 5), (2, 6), (2, 7), (3, 6), (3, 7), (4, 3), (5, 6)], [(0, 3), (0, 4), (1, 0), (1, 5), (1, 6), (1, 7), (2, 5), (2, 6), (2, 7), (3, 4), (3, 7), (5, 0), (5, 6), (6, 3)], [(0, 1), (2, 3), (2, 5), (2, 6), (3, 0), (3, 6), (4, 0), (4, 1), (4, 3), (4, 5), (5, 0), (5, 1), (5, 6), (6, 0), (6, 1), (7, 1), (7, 2), (7, 3), (7, 4), (7, 5)], [(0, 1), (0, 3), (1, 5), (6, 1), (7, 1), (5, 2), (6, 2), (7, 2), (4, 3), (3, 6), (3, 7), (6, 5)], [(0, 1), (0, 5), (0, 6), (2, 0), (2, 5), (2, 6), (3, 0), (3, 2), (3, 5), (3, 6), (3, 7), (4, 0), (4, 1), (4, 2), (4, 3), (4, 5), (5, 1), (6, 1), (6, 5), (7, 1), (7, 2), (7, 5)]], [[(1, 7), (2, 4), (2, 7), (3, 0), (4, 0), (5, 1), (5, 2), (6, 4)], [(1, 4), (1, 5), (1, 7), (2, 4), (2, 6), (2, 7), (3, 0), (4, 0), (4, 6), (5, 2), (5, 3)], [(0, 1), (0, 3), (0, 5), (1, 3), (4, 0), (4, 1), (4, 2), (4, 3), (5, 1), (5, 2), (5, 3), (6, 2), (6, 4), (7, 0), (7, 1), (7, 2), (7, 4), (7, 5), (7, 6)], [(3, 0), (4, 0), (5, 1), (1, 7), (4, 2), (5, 2), (2, 7), (4, 6)], [(0, 3), (0, 4), (1, 0), (1, 4), (3, 4), (4, 2), (5, 0), (5, 1), (5, 2), (5, 4), (5, 6), (5, 7), (6, 0), (6, 1), (6, 2), (6, 3), (6, 4), (6, 7), (7, 0), (7, 1), (7, 2), (7, 3), (7, 4)]], [[(1, 0), (1, 6), (2, 1), (2, 4), (2, 6), (2, 7), (3, 6), (4, 1), (4, 7), (5, 4), (6, 0), (7, 3)], [(0, 6), (1, 2), (1, 4), (2, 4), (2, 5), (2, 7), (3, 4), (4, 5), (6, 1)], [(2, 0), (2, 1), (2, 4), (2, 6), (2, 7), (3, 1), (3, 4), (3, 6), (3, 7), (5, 0), (5, 1), (5, 2), (5, 4), (5, 7), (6, 0), (6, 1), (6, 4), (7, 0)], [(1, 0), (6, 0), (1, 2), (1, 4), (1, 6), (4, 2), (6, 2), (2, 7), (3, 6), (3, 7), (4, 5), (4, 7)], [(1, 3), (1, 4), (1, 5), (1, 6), (2, 0), (2, 1), (2, 3), (2, 4), (2, 5), (2, 6), (4, 3), (5, 0), (5, 3), (5, 4), (5, 6), (6, 0), (6, 3), (7, 0), (7, 1), (7, 2), (7, 3), (7, 4), (7, 5), (7, 6)]], [[(0, 3), (0, 7), (2, 0), (2, 1), (2, 6), (3, 4), (4, 7), (5, 6)], [(0, 2), (0, 3), (0, 5), (0, 7), (2, 1), (2, 6), (4, 3), (6, 5), (7, 5), (7, 6)], [(1, 2), (1, 4), (1, 5), (1, 7), (2, 0), (2, 3), (2, 4), (3, 0), (4, 0), (4, 3), (4, 7), (5, 0), (5, 2), (5, 3), (5, 7), (6, 2), (6, 3), (6, 4), (6, 5), (6, 7), (7, 0), (7, 3)], [(0, 2), (0, 3), (7, 0), (2, 1), (2, 6), (4, 3), (7, 4), (5, 6)], [(0, 2), (2, 1), (3, 0), (3, 2), (3, 5), (3, 6), (4, 0), (4, 1), (4, 2), (4, 3), (4, 5), (4, 6), (4, 7), (5, 0), (5, 1), (6, 0), (6, 1), (6, 2), (6, 5), (7, 0), (7, 1), (7, 3), (7, 5), (7, 6)]], [[(0, 2), (0, 3), (1, 5), (1, 6), (2, 1), (2, 4), (2, 5), (3, 4), (3, 6), (4, 1), (5, 7), (6, 7)], [(0, 3), (1, 2), (1, 4), (1, 5), (1, 6), (2, 0), (2, 4), (2, 5), (2, 6), (3, 4), (5, 0), (7, 5), (7, 6)], [(0, 1), (0, 2), (0, 3), (0, 4), (0, 5), (0, 6), (1, 2), (1, 3), (1, 4), (1, 6), (2, 3), (2, 4), (2, 5), (3, 5), (4, 3), (4, 5), (6, 2), (6, 3), (6, 4), (6, 5), (7, 0), (7, 2), (7, 5), (7, 6)], [(0, 2), (3, 0), (2, 1), (4, 1), (5, 1), (6, 1), (2, 4), (5, 2), (3, 4), (6, 3), (5, 7), (6, 7)], [(0, 1), (0, 2), (0, 6), (2, 1), (2, 6), (3, 0), (3, 1), (3, 2), (3, 5), (3, 6), (4, 0), (4, 1), (4, 2), (4, 3), (4, 5), (4, 6), (5, 2), (5, 6), (6, 1), (7, 1), (7, 2), (7, 4), (7, 5), (7, 6)]], [[(0, 1), (2, 7), (3, 5), (4, 1), (4, 5), (5, 7), (6, 0), (6, 3), (6, 7)], [(0, 1), (2, 3), (2, 6), (2, 7), (3, 5), (3, 6), (4, 1), (5, 4), (5, 7), (6, 0), (6, 7), (7, 1)], [(0, 1), (0, 5), (0, 6), (3, 1), (3, 2), (4, 1), (4, 2), (4, 5), (5, 1), (5, 2), (5, 3), (5, 6), (5, 7), (6, 3), (6, 7), (7, 1), (7, 2), (7, 3)], [(0, 1), (6, 0), (4, 1), (2, 7), (3, 5), (6, 3), (5, 4), (5, 7), (6, 7)], [(0, 2), (0, 6), (0, 7), (1, 0), (1, 2), (1, 3), (1, 6), (1, 7), (2, 6), (2, 7), (3, 0), (3, 6), (3, 7), (4, 0), (4, 1), (4, 2), (4, 3), (4, 5), (4, 6), (4, 7), (5, 0), (5, 2), (5, 3), (5, 6), (5, 7), (6, 7)]]]

