Number of nodes=8
Number of samples=1000
Cut of limit used=0.0001
total_score_ges=-8189.14325283476
total_score_pc=-10275.409157080696
total_score_mmhc=-9081.851285409972
total_score_greedySP=-8241.371719101562
total_score_gis=-8170.956335095287
total_score_gies=-8189.109673204468
total_score_ske=-9728.123384157534
total_score_gis_rec_phased_b=-8189.1432528347605
total_score_true=-8179.279669193449
shd dist ges to true=[20, 20]
shd dist pc to true=[17, 20]
shd dist mmhc to true=[20, 22]
shd dist greedySP to true=[20, 18]
shd dist gis to true=[24, 18]
shd dist gies to true=[17, 20]
shd dist ske to true=[22, 23]
shd dist gis_rec_phased_b to true=[20, 20]

score_vector_ges=[-4060.6542153183213, -4128.489037516439]

score_vector_pc=[-5044.318445272285, -5231.0907118084115]

score_vector_mmhc=[-4303.769905215889, -4778.081380194082]

score_vector_greedySP=[-4044.6388952287284, -4196.732823872833]

score_vector_gis=[-4044.1942285081623, -4126.762106587124]

score_vector_gies=[-4060.6206356880293, -4128.489037516439]

score_vector_ske=[-4587.843889824401, -5140.279494333134]

score_vector_gis_rec_phased_b=[-4060.654215318321, -4128.48903751644]

score_vector_true=[-4047.090549694032, -4132.189119499417]
step_vector_greedySP=[]

step_vector_gis=[32, 38]

step_vector_ske=[4, 4]

step_vector_gis_rec_phased_b=[22, 26]

skeleton_result_vector=[0, 0]

return_dags_vector=[['ges', 'pc', 'mmhc', 'greedySP', 'gis', 'gies', 'ske', 'gis_rec_phased_b', 'true'], [[(0, 1), (0, 2), (0, 5), (0, 6), (0, 7), (2, 3), (2, 5), (2, 6), (2, 7), (3, 4), (3, 5), (3, 7), (4, 1), (4, 7), (5, 1), (5, 4), (5, 7), (6, 4), (6, 7), (7, 1)], [(0, 5), (0, 6), (1, 4), (1, 5), (2, 5), (2, 6), (3, 2), (4, 6), (7, 1), (7, 3)], [(0, 2), (0, 5), (1, 4), (1, 5), (1, 7), (3, 2), (4, 3), (4, 5), (5, 2), (6, 0), (6, 2), (6, 4), (7, 3)], [(0, 3), (0, 5), (1, 2), (1, 4), (1, 5), (1, 7), (2, 0), (2, 4), (2, 5), (4, 0), (4, 3), (4, 5), (6, 0), (6, 2), (6, 3), (6, 4), (6, 7), (7, 0), (7, 2), (7, 3)], [(0, 2), (0, 3), (0, 4), (0, 5), (0, 6), (1, 3), (4, 1), (1, 5), (6, 1), (7, 1), (4, 2), (2, 5), (6, 2), (7, 2), (4, 3), (6, 3), (7, 3), (4, 5), (4, 6), (7, 4)], [(0, 1), (0, 5), (0, 7), (2, 0), (2, 3), (2, 5), (2, 6), (2, 7), (3, 0), (3, 4), (3, 5), (3, 7), (4, 1), (4, 7), (5, 1), (5, 4), (5, 7), (6, 0), (6, 4), (6, 7), (7, 1)], [(0, 5), (6, 0), (4, 1), (5, 1), (1, 7), (2, 3), (2, 5), (6, 2), (7, 3), (6, 4)], [(0, 1), (2, 0), (0, 5), (6, 0), (0, 7), (4, 1), (5, 1), (7, 1), (2, 3), (2, 5), (6, 2), (2, 7), (3, 4), (3, 5), (3, 7), (5, 4), (6, 4), (4, 7), (5, 7), (6, 7)], [(1, 0), (1, 4), (1, 5), (2, 0), (2, 4), (2, 5), (2, 6), (3, 0), (3, 2), (3, 4), (3, 5), (3, 6), (3, 7), (5, 0), (5, 4), (5, 6), (6, 0), (7, 0), (7, 1), (7, 4), (7, 5), (7, 6)]], [[(0, 1), (0, 2), (0, 3), (0, 4), (0, 5), (0, 6), (0, 7), (1, 2), (1, 4), (1, 5), (2, 3), (2, 5), (4, 2), (4, 3), (4, 5), (4, 6), (4, 7), (5, 3), (6, 3), (6, 5), (6, 7), (7, 2), (7, 3), (7, 5)], [(0, 2), (0, 6), (3, 5), (3, 6), (3, 7), (4, 0), (4, 1), (4, 7), (7, 5)], [(0, 2), (0, 4), (0, 6), (2, 1), (3, 5), (4, 1), (4, 6), (4, 7), (6, 3), (6, 5), (7, 3), (7, 5)], [(0, 2), (0, 4), (0, 5), (0, 7), (1, 7), (2, 1), (2, 4), (3, 2), (3, 4), (3, 5), (4, 1), (4, 7), (5, 2), (5, 4), (5, 7), (6, 0), (6, 2), (6, 3), (6, 5), (6, 7)], [(0, 2), (0, 3), (4, 0), (0, 5), (6, 0), (0, 7), (2, 1), (3, 1), (4, 1), (1, 7), (2, 3), (2, 5), (4, 3), (5, 3), (6, 3), (3, 7), (4, 5), (6, 4), (4, 7), (6, 5), (5, 7), (6, 7)], [(0, 1), (0, 2), (0, 3), (0, 4), (0, 5), (0, 6), (0, 7), (1, 2), (1, 4), (1, 5), (2, 3), (2, 5), (4, 2), (4, 3), (4, 5), (4, 6), (4, 7), (5, 3), (6, 3), (6, 5), (6, 7), (7, 2), (7, 3), (7, 5)], [(0, 2), (4, 0), (0, 6), (4, 1), (3, 5), (6, 3), (7, 3), (7, 4), (7, 5)], [(0, 1), (0, 2), (0, 3), (4, 0), (0, 5), (6, 0), (7, 0), (1, 2), (4, 1), (1, 5), (2, 3), (4, 2), (2, 5), (7, 2), (4, 3), (5, 3), (6, 3), (7, 3), (4, 5), (6, 4), (7, 4), (6, 5), (7, 5), (7, 6)], [(0, 7), (1, 2), (1, 4), (1, 5), (1, 6), (1, 7), (2, 0), (2, 5), (2, 7), (3, 0), (3, 2), (3, 4), (3, 5), (3, 6), (3, 7), (4, 0), (4, 2), (4, 5), (4, 6), (4, 7), (6, 0), (6, 2), (6, 5), (6, 7), (7, 5)]]]

