Number of nodes=8
Number of samples=1000
Cut of limit used=0.01
total_score_ges=-408985.1983710854
total_score_pc=-506890.9348888239
total_score_mmhc=-474291.4834776707
total_score_gis=-409157.82102751266
total_score_ske=-477043.8647056407
total_score_true=-409320.99161093426
shd dist ges to true=[20, 24, 23, 21, 19, 10, 19, 13, 22, 18, 19, 27, 26, 23, 17, 17, 26, 20, 20, 22, 21, 19, 21, 17, 27, 22, 24, 18, 25, 14, 14, 21, 15, 26, 25, 11, 17, 21, 26, 19, 15, 24, 22, 23, 19, 20, 25, 16, 21, 22, 21, 22, 21, 24, 18, 13, 17, 23, 19, 22, 17, 14, 16, 24, 23, 18, 25, 20, 24, 12, 15, 16, 21, 12, 21, 23, 24, 19, 21, 27, 16, 25, 22, 20, 25, 19, 22, 11, 11, 24, 21, 20, 21, 21, 24, 24, 23, 16, 16, 21]
shd dist pc to true=[19, 17, 21, 22, 20, 21, 23, 17, 24, 16, 19, 21, 26, 22, 17, 26, 22, 19, 22, 25, 22, 21, 22, 21, 25, 22, 21, 19, 20, 21, 18, 15, 17, 21, 26, 21, 23, 20, 24, 17, 18, 22, 25, 20, 18, 14, 23, 25, 22, 16, 17, 23, 23, 25, 22, 18, 14, 20, 23, 20, 26, 16, 17, 21, 16, 17, 22, 23, 17, 21, 20, 21, 16, 17, 19, 25, 24, 19, 20, 22, 18, 16, 21, 23, 21, 17, 20, 19, 22, 25, 21, 22, 24, 21, 19, 20, 23, 21, 21, 21]
shd dist mmhc to true=[25, 23, 23, 14, 20, 19, 19, 22, 23, 20, 25, 25, 24, 25, 20, 23, 21, 23, 25, 26, 28, 12, 23, 21, 25, 26, 19, 15, 23, 24, 19, 15, 20, 21, 25, 18, 23, 17, 26, 23, 15, 25, 23, 21, 20, 19, 27, 24, 24, 21, 22, 22, 18, 24, 25, 19, 19, 20, 25, 21, 23, 17, 19, 20, 20, 22, 22, 22, 22, 23, 15, 24, 17, 15, 19, 26, 22, 22, 18, 25, 16, 15, 20, 22, 20, 17, 23, 17, 20, 24, 19, 22, 25, 22, 20, 22, 20, 22, 24, 24]
shd dist gis to true=[23, 20, 19, 18, 22, 17, 24, 23, 21, 20, 17, 26, 24, 23, 22, 24, 22, 16, 26, 20, 20, 20, 18, 17, 26, 24, 13, 19, 19, 18, 19, 19, 9, 22, 15, 24, 16, 10, 26, 16, 22, 27, 20, 27, 16, 27, 23, 23, 22, 19, 13, 21, 20, 22, 19, 21, 21, 21, 20, 22, 23, 11, 22, 21, 24, 14, 23, 20, 15, 18, 19, 23, 14, 19, 20, 27, 22, 20, 15, 23, 22, 13, 17, 24, 20, 15, 19, 12, 11, 23, 22, 17, 20, 14, 12, 22, 25, 23, 19, 18]
shd dist ske to true=[22, 19, 25, 18, 21, 21, 21, 20, 23, 18, 24, 25, 24, 24, 19, 26, 25, 26, 22, 25, 26, 16, 21, 21, 24, 26, 22, 17, 18, 23, 20, 17, 18, 22, 26, 23, 22, 13, 25, 22, 23, 23, 25, 21, 18, 20, 26, 25, 23, 18, 22, 22, 19, 25, 19, 19, 17, 20, 23, 20, 25, 15, 21, 21, 21, 22, 21, 22, 17, 21, 18, 24, 18, 13, 18, 21, 25, 18, 16, 22, 16, 18, 20, 24, 21, 15, 23, 18, 18, 23, 20, 22, 22, 23, 16, 21, 23, 23, 19, 21]

score_vector_ges=[-4049.4782599248074, -4085.4832563068035, -4213.878193146367, -4187.932266386549, -4081.19588001147, -4089.2193907424708, -4075.316618829648, -4198.393699445228, -4003.1070050684652, -4268.005068898406, -4137.269865223873, -4127.513314941582, -4027.100089214471, -4018.3868427323687, -4075.836455517249, -3952.3404892857743, -4033.720708739318, -4079.264420947757, -4099.7652691788235, -4178.285642028018, -4038.9286051624103, -4040.79714625125, -4026.4823734270267, -4158.173819151119, -4090.680546500171, -4143.513105114476, -4120.993345941318, -4114.160015382479, -4074.9378067739576, -4093.9526770092502, -4022.9454503683714, -4103.103076628008, -4067.471743951282, -4154.425076155393, -4086.8477328665267, -4166.35230681541, -4149.325736496159, -4080.4280378907356, -4031.4139605540636, -4045.581916508105, -4059.370548684509, -4060.2821052216323, -4013.142335714123, -3991.2690261907724, -4122.917122816326, -4146.678488373763, -4032.9522639067027, -4070.079722828073, -4259.529193276437, -4161.396271304437, -4031.3758673770076, -4197.97226330011, -4192.804391238977, -4058.3669986822733, -3952.3670357957867, -3965.5143023433275, -4228.772308844229, -4148.105827555865, -4090.737070734628, -4058.2178252284866, -4169.068886012386, -4111.037354260245, -4053.4296012002355, -4091.7656568608872, -4132.901560630113, -4094.5121375093026, -4079.8951184763714, -4184.432484283069, -4070.3989597169602, -4057.3794199101767, -4035.5404930851896, -3973.4049320681506, -4163.338833146141, -3996.510090001646, -3966.653317287605, -4029.356444914445, -4075.776086849007, -4120.888832900611, -4053.8155265582272, -4005.202618927732, -4132.5457140145345, -4116.3853903540485, -4054.381487942849, -4087.313754257461, -4051.4811839060217, -4193.792177485509, -4220.66524032462, -4161.221994754198, -4140.167823271754, -4106.496522977268, -4083.5216910373047, -4179.0924460073975, -4085.531729899251, -4117.803522075958, -4069.553792248638, -4046.846280604441, -4022.4765439168823, -4147.13034547697, -3952.3758674906526, -3917.24832350673]

score_vector_pc=[-4907.107319207533, -5226.349660837177, -5418.070706413345, -4685.6805122121705, -4648.414367648793, -4699.161813979479, -5053.902031987329, -4987.498894138105, -5283.441614154487, -4951.062806603808, -5417.854473967592, -4708.477613534925, -5224.611024656934, -4883.186605726678, -5426.698325006044, -4984.641673108553, -6041.173614915393, -5240.844651103106, -5288.909093324024, -5403.295023001539, -5592.142609949876, -4508.763154547117, -5088.35728257827, -5169.176101354082, -5490.370089442881, -4999.569294596678, -5087.801491833861, -5110.31064340687, -5370.458781077056, -4774.569270835574, -5062.362027575699, -4839.6621632826755, -4936.03145918536, -4651.882283702254, -5029.547411758143, -5493.110395542204, -5329.907902836958, -5426.351886980732, -5145.810395765382, -5300.872231377633, -4783.487294401391, -4943.291521532784, -5502.820223353923, -5081.390288980826, -5413.9035138390955, -4531.479882380598, -4961.742561560769, -4933.741595987985, -5416.925860527469, -5210.8844754184365, -5472.193160621439, -4955.146752065866, -4586.698597173226, -5177.232296045091, -4502.446782388086, -4777.208641060305, -5694.839052164712, -4537.515095257746, -5131.296048154521, -4721.424181442337, -5399.737269199872, -4690.136686811982, -5106.580418645122, -5037.896736006657, -5056.511927192687, -5410.175124264755, -4622.5080691429575, -5177.094097075695, -4789.560497570051, -5301.0635830275805, -4750.407484876468, -5054.826146550724, -4790.952878774062, -4731.154295488052, -4518.26267022698, -5887.141242856222, -6170.481803745436, -4865.138433211655, -4786.430499488792, -5186.293508675388, -4805.3312905482, -4860.73692700864, -4433.9922380143935, -5295.926955217493, -5122.7922766083675, -4988.633599579399, -5418.269101304581, -4656.858314623637, -4825.348252575623, -5628.466349734086, -4952.52415146721, -5587.589472687887, -5455.274398868058, -4989.075170489156, -5007.567615989771, -5140.894233425296, -4851.670977379649, -5256.651313379455, -4660.611269774373, -4397.26107980468]

score_vector_mmhc=[-4436.03165161133, -4686.357352470962, -5243.502430374427, -4525.678931676097, -4632.372068605273, -4597.882103003226, -4641.277570108908, -4938.943501062835, -5517.16550882035, -4803.619709377709, -5190.480979779151, -4498.589912810333, -4700.1360894131985, -4864.94094995383, -4953.655963963491, -4903.762047405478, -5405.032192798932, -4766.988025951844, -5316.187287142364, -4737.421930798003, -5104.16252685086, -4287.106793152069, -4466.490713523701, -4722.853697931991, -4668.3033683060385, -4547.709831041873, -4655.220176912392, -4563.668131996406, -4438.6434665269335, -4931.514420251364, -4408.2799384017935, -4749.145071799641, -4442.04587926997, -4341.274363112574, -4523.702189680066, -5014.305897132614, -5037.464518197568, -5303.203780444192, -4895.064661269323, -5641.2756750965655, -4743.507764877362, -4607.292721118731, -5134.806552917998, -4451.197871845232, -4485.413293834785, -4380.12529495508, -4711.041433329492, -4552.3607928396395, -4984.295463057491, -4505.278269812943, -4506.507878622409, -4822.29003320383, -4403.533093005026, -5036.5840382137785, -4493.363621510819, -4625.156435949236, -4975.097111167035, -4551.362634605133, -5093.235095840601, -4482.15883611128, -5272.321604763941, -4274.49761138049, -5364.491872885503, -4524.90153074512, -4402.724675612558, -4829.226841693426, -4351.19029229161, -5153.104065050446, -4783.173557447846, -4644.391689955259, -4668.777014879979, -4702.63367734057, -4483.278454981953, -4415.895994810909, -4483.5496653825685, -5722.00843493215, -5238.992981774617, -4313.421305931405, -4891.225277588539, -4536.628311894843, -4370.859343794526, -4658.184523941713, -4356.673741243562, -5183.378997002884, -4846.102349845345, -4472.541345609128, -4763.196323262669, -4937.630753709769, -4607.487806777971, -4762.222254122023, -4712.015943113472, -5079.953358856149, -4637.87313709889, -4828.687004181043, -4382.927231812073, -4557.610006836375, -4945.9200852696695, -4865.4082973907125, -4491.932537650469, -4128.37402996492]

score_vector_gis=[-4055.7233926378694, -4087.6574724939414, -4204.431582969282, -4184.2604056624, -4080.6971494043773, -4101.740442403734, -4073.8209801564085, -4204.942191180416, -3999.973400585097, -4266.713915196126, -4140.642922245768, -4123.597379753009, -4024.26533407422, -4025.590805664651, -4073.7058463004623, -3946.284279888986, -4023.325910994635, -4079.4048175618664, -4109.817778070977, -4180.008210018255, -4042.881387462574, -4046.5363267950556, -4038.5046878501744, -4164.106502637442, -4091.279251400843, -4144.635673119974, -4120.008839994889, -4124.704034151656, -4078.0266495841292, -4103.0832014427015, -4033.5716959005863, -4107.097235620494, -4061.8921207687913, -4159.350811785424, -4091.153776326387, -4161.745769850209, -4134.181932921948, -4082.8164720300974, -4040.370630104492, -4059.5048066397003, -4056.6845023678034, -4058.309988177011, -4021.260735869644, -3998.104106617854, -4125.08121782384, -4148.539669484384, -4032.822257138742, -4068.148401987582, -4251.681868227723, -4157.067750220786, -4038.3453711676516, -4205.207366323141, -4199.311625315184, -4066.174712247266, -3950.732316772504, -3964.907478543285, -4220.286920631882, -4162.925455376309, -4094.1890391872607, -4056.983549082135, -4169.710595244235, -4101.8026555808465, -4055.2389413243145, -4092.913318187043, -4137.440132476048, -4104.3816643837645, -4085.6315987626276, -4178.453870462212, -4071.7553797746887, -4068.342455439285, -4038.1086899659645, -3973.4737476514065, -4165.730424183973, -4004.157543847963, -3974.139399859253, -4026.3900573204837, -4075.323071943523, -4118.263317469165, -4053.2706162807235, -4000.916210407298, -4137.09008691371, -4123.094875940653, -4057.93642248708, -4093.1480679640827, -4044.0614329903497, -4190.532273090406, -4218.794663462686, -4165.513178079829, -4147.153329840799, -4106.093512921268, -4082.7772363544173, -4180.388855818293, -4085.4447883148723, -4129.217273337265, -4066.7646929547736, -4054.6585072116495, -4011.20744343227, -4147.910728829157, -3957.3884110061085, -3914.381199786179]

score_vector_gis_b=[]

score_vector_ges_gis=[]

score_vector_gis_phased_b=[]

score_vector_ske=[-4577.9769441648405, -4686.46877315007, -5099.565639909198, -4537.912888225898, -4510.14566046731, -4694.765074755857, -4730.1536963067965, -4770.2644839385675, -4774.44811513218, -4896.2310792882845, -4954.613111844742, -4498.589912810332, -4818.475521556404, -4845.196387016495, -4936.160581027392, -4984.641673108553, -5055.195928752361, -4957.776204366594, -5288.909093324024, -5087.773826611833, -5367.577095906099, -4410.62250260436, -4801.425120385642, -4855.59503997414, -4825.020605520797, -4908.582603141102, -4618.673296344653, -5050.905074628422, -4861.19351423179, -4669.780666002376, -4596.124842500564, -4752.006655055649, -4800.3312303853745, -4418.533573759958, -4561.246060257509, -5027.10392090457, -5139.498992514709, -4916.686115080569, -5075.8642244851235, -4856.600513231824, -4698.0426740813, -4586.166941170833, -5438.552233572354, -4738.581070019988, -4685.921421460791, -4427.246898686463, -4695.773564277149, -4876.284259307631, -5190.037454580325, -4571.092185391575, -4657.553881565335, -4816.063120869797, -4400.076870365054, -5177.23229604509, -4925.210855731751, -4671.30848454817, -5101.937738698613, -4368.857296212109, -5071.754460250342, -4656.623877552872, -5239.641658362489, -4412.913667462706, -4808.0547357920295, -4679.3766168700795, -4410.663972501029, -4930.747302020701, -4392.092725742226, -4918.83540341807, -4697.41926931365, -5078.332502168409, -4477.344488865143, -4534.357586415176, -4614.509736390167, -4362.625628724144, -4391.021164259758, -5500.148962577853, -5796.350067623257, -4727.519650495609, -4700.0862814263, -4350.932961709081, -4527.883993327932, -4573.11875534874, -4364.584377947705, -5086.586242200932, -4842.788866206075, -4564.317236381913, -4763.196323262669, -4511.563523766334, -4601.523120959738, -5106.014825957942, -4652.554866280158, -4767.176617590272, -4557.520521854624, -4875.788127780799, -4350.820693262756, -4863.1448889060985, -4714.263971960724, -4662.617566107246, -4523.062248682097, -4139.409728657616]

score_vector_opt=[]

score_vector_true=[-4055.408865504984, -4087.095849109309, -4218.945724200753, -4177.713619798976, -4079.4967504063216, -4095.7171730018363, -4084.0228362144812, -4205.940360631702, -4004.661963091356, -4271.813387283627, -4145.13691228626, -4132.574915162529, -4041.2112203307024, -4032.8462057490215, -4071.871077850238, -3961.374379923878, -4037.393831115237, -4087.0884163949704, -4107.336167665442, -4191.912250717465, -4050.636724070083, -4043.9658523353173, -4037.7548468481014, -4166.353548117753, -4095.953108799059, -4148.717026566875, -4125.702086992815, -4126.479486032066, -4077.4481689685585, -4104.9795758128275, -4028.3279288019917, -4104.019070964566, -4064.6457724772285, -4157.36810746026, -4089.4909943712773, -4168.849390503403, -4150.9184800965895, -4073.612680422194, -4046.717129177801, -4053.6443830370954, -4064.8495549688864, -4060.0028255679554, -4023.4418015273786, -3998.7655622002703, -4128.897147546955, -4140.4602916415015, -4041.588049271493, -4077.519953877881, -4258.554105891341, -4153.507801755778, -4035.8540856033524, -4205.122012523464, -4186.221366088972, -4071.292595774993, -3950.6096062749416, -3963.773840106024, -4224.907270635827, -4153.962909951206, -4100.236796308539, -4060.7732948981266, -4178.335796057561, -4098.833968881445, -4049.6440505749656, -4088.332670473574, -4133.346064924515, -4101.895420734161, -4082.846827476617, -4183.78626861302, -4067.775322411684, -4065.266506491057, -4036.999541155416, -3977.707832491713, -4165.571725894702, -3996.6380783932395, -3963.7936765901995, -4033.065990930193, -4079.2198237805014, -4114.330710090769, -4050.625225496116, -4018.4698311575885, -4130.658590524408, -4112.97009157654, -4059.879736857783, -4101.214335694807, -4042.501849986323, -4193.812395265411, -4228.048623794935, -4156.273442603194, -4147.945681981894, -4112.433712375867, -4082.5959842081334, -4178.436876166309, -4092.377366694487, -4123.751465079365, -4061.5450275748613, -4047.8291705357733, -4022.3478896396323, -4153.335624204172, -3958.32551086154, -3922.73576198001]

step_vector_gis=[35, 36, 37, 32, 35, 31, 37, 35, 32, 32, 37, 33, 38, 33, 35, 39, 36, 28, 35, 31, 34, 40, 32, 32, 25, 35, 34, 37, 33, 33, 34, 35, 33, 33, 32, 34, 37, 36, 35, 32, 29, 34, 32, 29, 32, 38, 38, 32, 33, 37, 35, 33, 33, 33, 35, 33, 37, 31, 31, 33, 30, 33, 39, 34, 34, 32, 32, 32, 37, 33, 38, 34, 35, 32, 28, 32, 35, 34, 33, 38, 31, 36, 37, 31, 37, 39, 35, 35, 28, 36, 27, 29, 35, 33, 40, 33, 36, 39, 35, 34]

step_vector_ske=[5, 6, 5, 5, 6, 4, 5, 6, 3, 2, 8, 3, 2, 7, 5, 1, 3, 5, 1, 1, 4, 4, 3, 3, 1, 7, 2, 4, 4, 7, 2, 7, 6, 5, 4, 3, 3, 5, 2, 7, 4, 7, 3, 1, 3, 1, 0, 1, 3, 3, 4, 0, 7, 1, 3, 2, 7, 3, 4, 3, 4, 7, 4, 2, 10, 1, 7, 4, 3, 1, 5, 7, 1, 6, 2, 7, 5, 6, 4, 7, 5, 7, 4, 5, 2, 5, 6, 3, 1, 5, 6, 3, 7, 5, 9, 3, 1, 6, 4, 4]

step_vector_ges_gis=[]

step_vector_gis_b=[]

step_vector_gis_phased_b=[]

return_dags_vector=[['ges', 'pc', 'mmhc', 'gis', 'ske', 'true'], [[(0, 3), (0, 5), (1, 0), (1, 3), (1, 6), (1, 7), (2, 0), (2, 3), (2, 5), (4, 0), (4, 3), (4, 5), (5, 3), (6, 0), (6, 2), (6, 3), (6, 4), (6, 5), (6, 7), (7, 0), (7, 2), (7, 3), (7, 4), (7, 5)], [(0, 4), (0, 6), (0, 7), (1, 6), (1, 7), (2, 3), (2, 5), (2, 6), (3, 4), (4, 5), (4, 6), (5, 7)], [(0, 4), (0, 7), (1, 0), (1, 6), (1, 7), (3, 2), (4, 3), (5, 2), (5, 4), (5, 7), (6, 0), (6, 2), (6, 4)], [(1, 0), (2, 0), (3, 0), (0, 4), (5, 0), (0, 6), (0, 7), (1, 3), (1, 4), (1, 6), (1, 7), (3, 2), (2, 4), (5, 2), (2, 6), (2, 7), (3, 4), (5, 3), (3, 7), (5, 4), (6, 4), (7, 4), (5, 6), (5, 7), (6, 7)], [(4, 0), (6, 0), (7, 0), (6, 1), (1, 7), (2, 3), (2, 5), (2, 6), (4, 3), (4, 5), (4, 6), (5, 7)], [(0, 5), (0, 6), (0, 7), (1, 0), (1, 4), (1, 5), (1, 6), (1, 7), (2, 5), (2, 6), (3, 0), (3, 1), (3, 2), (3, 4), (3, 5), (3, 6), (3, 7), (4, 0), (4, 2), (4, 5), (4, 6), (4, 7), (5, 6), (7, 2), (7, 5), (7, 6)]], [[(0, 1), (0, 2), (0, 5), (0, 6), (0, 7), (1, 2), (1, 5), (3, 1), (3, 2), (3, 5), (4, 1), (4, 2), (4, 3), (4, 5), (4, 6), (5, 2), (6, 1), (6, 3), (6, 5), (7, 1), (7, 2), (7, 3), (7, 4)], [(0, 2), (1, 2), (3, 4), (3, 5), (3, 7), (4, 2), (4, 7), (5, 0), (5, 2), (6, 4), (7, 0)], [(0, 2), (0, 5), (2, 1), (3, 5), (4, 2), (4, 3), (4, 6), (4, 7), (5, 2), (7, 0), (7, 3)], [(0, 1), (0, 2), (3, 0), (0, 5), (0, 6), (0, 7), (1, 2), (1, 4), (1, 6), (1, 7), (4, 2), (2, 5), (2, 7), (3, 4), (3, 5), (3, 6), (3, 7), (4, 5), (4, 6), (4, 7), (5, 6), (7, 6)], [(0, 2), (5, 0), (0, 7), (2, 1), (4, 2), (5, 2), (3, 4), (5, 3), (3, 7), (4, 6), (7, 4)], [(0, 4), (1, 0), (1, 2), (1, 4), (1, 6), (1, 7), (2, 0), (2, 4), (2, 6), (2, 7), (3, 0), (3, 2), (3, 4), (3, 7), (5, 0), (5, 1), (5, 2), (5, 3), (5, 6), (5, 7), (6, 0), (6, 4), (7, 4)]], [[(0, 1), (0, 2), (0, 3), (0, 4), (0, 6), (0, 7), (1, 2), (3, 2), (3, 4), (4, 1), (4, 2), (5, 1), (5, 2), (5, 4), (5, 7), (6, 1), (6, 2), (6, 3), (6, 5), (6, 7), (7, 1), (7, 2), (7, 3)], [(0, 4), (0, 6), (1, 2), (2, 3), (2, 5), (3, 4), (3, 6), (4, 5), (7, 3)], [(0, 4), (0, 6), (0, 7), (2, 3), (2, 5), (3, 4), (3, 6), (3, 7), (5, 4), (6, 1)], [(1, 0), (2, 0), (3, 0), (4, 0), (0, 5), (0, 6), (7, 0), (1, 2), (1, 5), (1, 6), (1, 7), (3, 2), (4, 2), (2, 5), (2, 6), (4, 3), (3, 6), (3, 7), (4, 5), (4, 7), (7, 5)], [(0, 4), (6, 0), (2, 1), (3, 2), (5, 2), (3, 4), (6, 3), (7, 3), (5, 4)], [(0, 3), (0, 4), (0, 5), (0, 6), (0, 7), (1, 0), (1, 2), (1, 3), (1, 4), (1, 5), (1, 6), (1, 7), (2, 3), (2, 4), (2, 5), (2, 6), (2, 7), (4, 3), (4, 7), (5, 4), (5, 6), (5, 7), (6, 3), (6, 4), (6, 7), (7, 3)]], [[(0, 1), (0, 4), (0, 5), (1, 5), (2, 0), (2, 1), (2, 3), (2, 4), (2, 5), (2, 6), (3, 0), (3, 4), (3, 6), (3, 7), (4, 1), (4, 5), (6, 0), (6, 1), (6, 4), (6, 5), (6, 7), (7, 0), (7, 1), (7, 4), (7, 5)], [(0, 1), (0, 3), (1, 4), (1, 7), (2, 0), (2, 3), (2, 5), (3, 4), (3, 7), (5, 7), (6, 0), (6, 2)], [(0, 1), (0, 2), (0, 3), (0, 6), (1, 2), (1, 4), (1, 5), (2, 5), (3, 2), (3, 5), (3, 7), (4, 3), (6, 2), (7, 5)], [(0, 1), (0, 2), (0, 3), (0, 4), (0, 5), (6, 0), (0, 7), (1, 2), (1, 4), (1, 5), (1, 7), (2, 3), (2, 5), (6, 2), (2, 7), (4, 3), (6, 3), (7, 3), (4, 5), (6, 4), (4, 7), (6, 5), (7, 5), (6, 7)], [(0, 1), (0, 2), (3, 0), (0, 6), (1, 4), (7, 1), (3, 2), (2, 5), (6, 2), (3, 4), (7, 3), (7, 5)], [(0, 2), (1, 0), (1, 2), (1, 3), (1, 4), (1, 5), (1, 6), (1, 7), (3, 0), (3, 2), (3, 5), (4, 3), (4, 5), (5, 0), (5, 2), (6, 0), (6, 2), (6, 3), (6, 5), (7, 0), (7, 3), (7, 5)]], [[(0, 3), (1, 0), (1, 2), (1, 3), (1, 4), (1, 5), (1, 7), (2, 3), (2, 7), (4, 2), (4, 3), (4, 7), (5, 0), (5, 2), (5, 3), (5, 7), (6, 0), (6, 2), (6, 4), (6, 5), (6, 7), (7, 0)], [(0, 5), (0, 6), (0, 7), (1, 2), (1, 4), (2, 4), (2, 6), (3, 2), (3, 4), (3, 5), (6, 7), (7, 4)], [(0, 5), (0, 6), (0, 7), (1, 2), (1, 4), (3, 2), (3, 4), (3, 5), (4, 2), (5, 2), (6, 2), (7, 4)], [(2, 0), (3, 0), (4, 0), (0, 5), (6, 0), (0, 7), (1, 2), (1, 4), (1, 5), (1, 7), (3, 2), (4, 2), (2, 5), (6, 2), (2, 7), (3, 4), (3, 5), (6, 3), (3, 7), (4, 7), (6, 5), (7, 5), (6, 7)], [(0, 5), (6, 0), (7, 0), (1, 2), (1, 4), (3, 2), (4, 2), (6, 2), (3, 4), (3, 5), (7, 4), (7, 6)], [(0, 1), (1, 4), (2, 1), (2, 4), (2, 5), (2, 7), (3, 0), (3, 1), (3, 2), (3, 4), (3, 5), (3, 7), (5, 0), (5, 1), (5, 7), (6, 0), (6, 1), (6, 2), (6, 3), (6, 4), (6, 5), (7, 0), (7, 4)]], [[(0, 1), (0, 3), (0, 5), (0, 6), (1, 2), (1, 3), (1, 5), (4, 1), (4, 3), (5, 2), (6, 1), (6, 2), (6, 3), (6, 5), (6, 7), (7, 1), (7, 2), (7, 3), (7, 4), (7, 5)], [(0, 1), (0, 3), (0, 6), (1, 2), (2, 5), (3, 7), (4, 1), (4, 5), (6, 2), (6, 7), (7, 4)], [(1, 0), (1, 2), (1, 4), (1, 7), (2, 5), (2, 6), (3, 0), (4, 5), (4, 7), (5, 0), (6, 0), (6, 3), (7, 3), (7, 6)], [(1, 0), (0, 3), (4, 0), (5, 0), (6, 0), (0, 7), (1, 2), (1, 3), (4, 1), (1, 6), (1, 7), (2, 5), (2, 6), (4, 3), (6, 3), (7, 3), (4, 5), (4, 6), (5, 6), (5, 7), (6, 7)], [(0, 1), (3, 0), (6, 0), (1, 2), (4, 1), (2, 5), (6, 2), (3, 7), (4, 5), (7, 4), (6, 7)], [(0, 3), (0, 5), (1, 0), (1, 3), (1, 5), (2, 0), (2, 1), (2, 5), (4, 0), (4, 1), (4, 2), (4, 3), (6, 1), (6, 2), (6, 3), (6, 5), (7, 0), (7, 1), (7, 3), (7, 4), (7, 5), (7, 6)]], [[(0, 7), (1, 0), (1, 5), (1, 7), (2, 0), (2, 1), (2, 3), (2, 4), (2, 6), (2, 7), (3, 0), (3, 1), (3, 4), (3, 5), (4, 0), (4, 5), (4, 7), (6, 0), (6, 1), (6, 7), (7, 5)], [(0, 6), (0, 7), (1, 2), (1, 5), (1, 6), (2, 4), (2, 6), (3, 4), (3, 7), (4, 5), (4, 7), (5, 7)], [(0, 2), (0, 4), (0, 6), (0, 7), (2, 1), (2, 4), (2, 6), (3, 4), (4, 5), (4, 7), (5, 1), (6, 1), (7, 5)], [(0, 2), (4, 0), (0, 6), (7, 0), (1, 2), (1, 3), (1, 5), (1, 6), (1, 7), (2, 3), (4, 2), (2, 6), (7, 2), (4, 3), (3, 5), (3, 6), (4, 5), (4, 6), (4, 7), (7, 5), (7, 6)], [(0, 6), (7, 0), (2, 1), (5, 1), (6, 1), (2, 4), (2, 6), (3, 4), (3, 7), (4, 5), (4, 7), (5, 7)], [(0, 3), (0, 7), (2, 0), (2, 1), (2, 3), (2, 4), (2, 6), (2, 7), (3, 1), (3, 7), (4, 1), (4, 3), (4, 7), (5, 0), (5, 1), (5, 2), (5, 3), (5, 4), (5, 6), (5, 7), (6, 0), (6, 1), (6, 3), (6, 4), (6, 7), (7, 1)]], [[(0, 1), (0, 3), (0, 4), (0, 7), (2, 1), (3, 1), (3, 4), (3, 5), (3, 6), (4, 1), (4, 2), (4, 6), (5, 1), (5, 2), (5, 4), (5, 6), (5, 7), (6, 1), (7, 1), (7, 2), (7, 6)], [(0, 1), (2, 7), (3, 5), (4, 1), (4, 5), (4, 6), (5, 2), (5, 6), (6, 1), (7, 0), (7, 1)], [(0, 1), (0, 6), (1, 6), (2, 4), (2, 7), (4, 5), (4, 6), (5, 3), (6, 5), (7, 0), (7, 1)], [(1, 0), (0, 2), (3, 0), (0, 4), (0, 6), (0, 7), (1, 4), (1, 5), (1, 6), (1, 7), (3, 2), (2, 5), (2, 6), (2, 7), (3, 4), (3, 5), (3, 6), (5, 4), (4, 6), (4, 7), (5, 6), (5, 7), (7, 6)], [(1, 0), (7, 0), (1, 4), (1, 6), (1, 7), (2, 5), (2, 7), (5, 3), (5, 4), (6, 4), (5, 6)], [(0, 1), (2, 1), (2, 4), (2, 5), (2, 7), (3, 0), (3, 1), (3, 2), (3, 4), (3, 5), (3, 6), (3, 7), (4, 0), (4, 1), (4, 6), (4, 7), (5, 0), (5, 1), (5, 4), (5, 6), (6, 1), (7, 0), (7, 1), (7, 6)]], [[(0, 5), (1, 0), (1, 3), (1, 5), (1, 6), (1, 7), (2, 0), (2, 3), (2, 4), (2, 5), (2, 7), (3, 0), (4, 0), (4, 3), (4, 5), (6, 0), (6, 2), (6, 4), (6, 5), (6, 7), (7, 0), (7, 3), (7, 4), (7, 5)], [(0, 3), (0, 4), (0, 7), (1, 7), (2, 4), (3, 4), (5, 0), (6, 1), (6, 2), (6, 4), (6, 7)], [(0, 3), (0, 4), (0, 5), (2, 6), (4, 2), (4, 3), (6, 7), (7, 1), (7, 3)], [(0, 1), (0, 2), (0, 3), (0, 4), (5, 0), (0, 6), (0, 7), (1, 2), (1, 3), (1, 4), (1, 6), (1, 7), (2, 3), (5, 2), (2, 6), (4, 3), (6, 3), (7, 3), (5, 4), (4, 7), (5, 7), (6, 7)], [(0, 3), (4, 0), (0, 5), (0, 7), (6, 1), (7, 1), (4, 2), (6, 2), (4, 3), (6, 4), (6, 7)], [(0, 6), (1, 0), (1, 6), (1, 7), (2, 0), (2, 1), (2, 6), (2, 7), (3, 0), (3, 4), (3, 5), (3, 6), (3, 7), (4, 0), (4, 1), (4, 2), (4, 7), (5, 0), (5, 1), (5, 4), (5, 6), (5, 7), (7, 0), (7, 6)]], [[(0, 5), (0, 7), (1, 0), (1, 2), (1, 3), (1, 4), (1, 5), (1, 6), (1, 7), (2, 0), (2, 3), (2, 4), (2, 7), (3, 0), (3, 4), (3, 5), (3, 7), (4, 5), (6, 3), (6, 7), (7, 4)], [(0, 1), (0, 2), (0, 3), (1, 2), (1, 5), (2, 4), (3, 7), (4, 7), (5, 3), (5, 6), (6, 3), (6, 7)], [(0, 1), (0, 2), (0, 3), (0, 5), (1, 2), (1, 5), (3, 5), (3, 6), (3, 7), (4, 2), (6, 7), (7, 4)], [(0, 1), (0, 2), (3, 0), (0, 5), (0, 6), (0, 7), (1, 2), (3, 1), (5, 1), (1, 7), (4, 2), (2, 6), (7, 2), (4, 3), (3, 5), (3, 6), (3, 7), (4, 5), (4, 7), (7, 6)], [(1, 0), (2, 0), (0, 3), (1, 2), (5, 1), (4, 2), (5, 3), (3, 6), (3, 7), (4, 7), (5, 6), (6, 7)], [(0, 2), (0, 3), (0, 5), (0, 6), (0, 7), (1, 0), (1, 2), (1, 4), (1, 5), (1, 7), (2, 4), (3, 4), (5, 2), (5, 3), (5, 4), (5, 6), (5, 7), (6, 2), (6, 3), (6, 7), (7, 2), (7, 3), (7, 4)]], [[(0, 1), (0, 2), (0, 3), (0, 5), (0, 6), (1, 2), (1, 5), (4, 2), (4, 5), (4, 6), (4, 7), (5, 2), (5, 7), (6, 1), (6, 2), (6, 3), (6, 5), (6, 7), (7, 2), (7, 3)], [(0, 2), (1, 2), (1, 5), (2, 4), (2, 6), (3, 4), (3, 5), (4, 5), (5, 6), (7, 3), (7, 6)], [(2, 1), (4, 5), (5, 1), (5, 3), (5, 6), (6, 2), (6, 7), (7, 3)], [(0, 2), (0, 3), (0, 5), (0, 6), (2, 1), (4, 1), (1, 5), (6, 1), (1, 7), (4, 2), (2, 5), (6, 2), (2, 7), (6, 3), (7, 3), (4, 5), (4, 6), (4, 7), (6, 5), (5, 7), (6, 7)], [(2, 0), (2, 1), (5, 1), (4, 2), (6, 2), (3, 4), (5, 3), (7, 3), (5, 4), (6, 5), (7, 6)], [(0, 1), (0, 2), (0, 4), (0, 5), (0, 6), (0, 7), (1, 3), (1, 4), (1, 5), (1, 6), (1, 7), (2, 1), (2, 4), (2, 5), (2, 6), (3, 4), (3, 6), (3, 7), (4, 5), (4, 6), (4, 7), (6, 5), (7, 5), (7, 6)]], [[(0, 7), (1, 2), (1, 3), (1, 4), (1, 6), (1, 7), (2, 0), (2, 4), (2, 7), (3, 0), (3, 4), (3, 5), (3, 6), (3, 7), (4, 0), (4, 7), (5, 0), (5, 2), (5, 6), (5, 7), (6, 0), (6, 4), (6, 7)], [(0, 5), (1, 2), (1, 3), (1, 7), (2, 0), (2, 5), (3, 5), (4, 0), (4, 3), (6, 3), (7, 0), (7, 4)], [(0, 4), (0, 7), (1, 2), (1, 3), (1, 7), (2, 0), (3, 4), (3, 5), (3, 6), (4, 7), (5, 0), (5, 2)], [(0, 2), (0, 3), (0, 4), (0, 5), (0, 7), (2, 1), (1, 3), (5, 1), (6, 1), (1, 7), (5, 2), (6, 2), (2, 7), (4, 3), (5, 3), (6, 3), (7, 3), (7, 4), (6, 5), (5, 7), (6, 7)], [(2, 0), (0, 4), (5, 0), (0, 7), (1, 2), (3, 1), (1, 7), (5, 2), (3, 4), (5, 3), (3, 6), (4, 7)], [(0, 1), (0, 5), (0, 6), (2, 0), (2, 1), (2, 3), (2, 4), (2, 5), (2, 6), (3, 1), (3, 5), (3, 6), (4, 0), (4, 1), (4, 3), (4, 5), (4, 6), (5, 1), (7, 0), (7, 1), (7, 2), (7, 3), (7, 4), (7, 5), (7, 6)]], [[(0, 1), (0, 2), (0, 3), (0, 6), (0, 7), (1, 3), (1, 5), (2, 1), (2, 4), (2, 5), (4, 1), (4, 3), (6, 1), (6, 3), (6, 4), (6, 5), (6, 7), (7, 1), (7, 3), (7, 4), (7, 5)], [(0, 2), (0, 5), (1, 2), (3, 0), (4, 1), (4, 2), (4, 3), (5, 1), (6, 3), (6, 5), (7, 0), (7, 5), (7, 6)], [(0, 2), (0, 3), (0, 5), (0, 7), (1, 2), (1, 4), (1, 5), (3, 4), (3, 6), (3, 7), (5, 6), (7, 5), (7, 6)], [(0, 2), (0, 3), (0, 4), (0, 5), (0, 6), (7, 0), (1, 2), (1, 3), (1, 4), (1, 5), (7, 1), (2, 6), (4, 3), (6, 3), (7, 3), (6, 4), (7, 4), (5, 6), (7, 5), (7, 6)], [(0, 2), (0, 3), (0, 5), (0, 7), (1, 2), (1, 4), (1, 5), (2, 4), (4, 3), (6, 3), (5, 6), (5, 7), (6, 7)], [(0, 1), (0, 3), (0, 4), (0, 5), (0, 6), (0, 7), (1, 6), (1, 7), (2, 0), (2, 1), (2, 3), (2, 4), (2, 5), (2, 6), (2, 7), (3, 4), (3, 5), (3, 6), (3, 7), (4, 1), (4, 6), (4, 7), (5, 1), (5, 4), (5, 6), (5, 7), (6, 7)]], [[(0, 1), (0, 4), (0, 5), (0, 7), (1, 5), (1, 6), (2, 1), (2, 5), (2, 6), (2, 7), (4, 1), (4, 5), (4, 6), (5, 3), (5, 6), (6, 3), (7, 3), (7, 4), (7, 5), (7, 6)], [(1, 0), (1, 2), (1, 7), (2, 5), (3, 2), (3, 5), (4, 2), (4, 7), (5, 0), (6, 7)], [(1, 0), (1, 2), (3, 5), (4, 2), (5, 0), (5, 1), (5, 2), (6, 2), (6, 7), (7, 4)], [(0, 1), (0, 3), (4, 0), (0, 5), (0, 6), (0, 7), (2, 1), (4, 1), (1, 5), (6, 1), (1, 7), (2, 3), (4, 2), (2, 5), (2, 6), (2, 7), (4, 3), (3, 5), (6, 3), (4, 5), (4, 7), (5, 7), (6, 7)], [(1, 0), (5, 0), (1, 2), (1, 7), (3, 2), (4, 2), (5, 2), (5, 3), (4, 7), (7, 6)], [(0, 5), (1, 0), (1, 2), (1, 3), (1, 4), (1, 7), (2, 0), (2, 3), (2, 4), (2, 5), (2, 7), (3, 0), (3, 4), (3, 5), (4, 5), (6, 0), (6, 1), (6, 2), (6, 3), (6, 4), (6, 5), (6, 7), (7, 0), (7, 4), (7, 5)]], [[(0, 2), (0, 3), (1, 0), (1, 2), (1, 3), (1, 4), (2, 3), (4, 0), (4, 2), (5, 0), (5, 1), (5, 3), (5, 4), (5, 6), (6, 1), (6, 2), (6, 3), (6, 4), (6, 7), (7, 0), (7, 1), (7, 2), (7, 3), (7, 4)], [(0, 4), (0, 6), (1, 2), (1, 5), (2, 0), (2, 4), (3, 1), (4, 5), (6, 4), (7, 1), (7, 3)], [(0, 2), (0, 4), (1, 5), (1, 7), (2, 1), (2, 4), (3, 1), (4, 6), (5, 4), (5, 6)], [(1, 0), (0, 2), (0, 3), (4, 0), (5, 0), (7, 0), (1, 2), (1, 3), (1, 5), (1, 6), (1, 7), (2, 3), (4, 2), (6, 2), (7, 2), (5, 3), (6, 3), (7, 3), (4, 5), (4, 6), (4, 7), (6, 5), (7, 5)], [(2, 0), (4, 0), (6, 0), (1, 2), (1, 3), (5, 1), (7, 1), (4, 2), (7, 3), (5, 4), (6, 4)], [(0, 2), (0, 4), (1, 0), (1, 2), (1, 4), (2, 4), (3, 1), (3, 2), (3, 5), (3, 6), (3, 7), (5, 0), (5, 1), (5, 2), (5, 4), (5, 6), (5, 7), (6, 0), (6, 4), (7, 0), (7, 1), (7, 4), (7, 6)]], [[(0, 1), (0, 5), (1, 5), (2, 4), (2, 5), (2, 6), (2, 7), (3, 0), (3, 1), (3, 4), (3, 5), (3, 7), (4, 0), (4, 1), (4, 5), (6, 0), (6, 1), (6, 3), (6, 5), (6, 7), (7, 0), (7, 1), (7, 4), (7, 5)], [(0, 1), (0, 6), (1, 4), (1, 7), (2, 4), (3, 6), (4, 7), (5, 0), (5, 1), (5, 6), (7, 3)], [(0, 1), (0, 6), (1, 4), (1, 5), (1, 7), (2, 4), (2, 7), (3, 5), (3, 6), (3, 7), (6, 5)], [(0, 1), (0, 5), (6, 0), (0, 7), (2, 1), (1, 3), (4, 1), (5, 1), (7, 1), (2, 3), (5, 2), (6, 2), (7, 2), (4, 3), (5, 3), (6, 3), (7, 3), (4, 5), (4, 7), (6, 5), (6, 7)], [(1, 0), (5, 0), (0, 6), (1, 4), (1, 5), (1, 7), (2, 4), (3, 6), (7, 3), (4, 7), (5, 6)], [(0, 1), (0, 2), (0, 3), (0, 4), (0, 5), (0, 7), (1, 5), (2, 4), (2, 5), (3, 1), (3, 2), (3, 4), (3, 5), (3, 7), (4, 1), (4, 5), (6, 0), (6, 1), (6, 2), (6, 3), (6, 4), (6, 5), (6, 7), (7, 1), (7, 2), (7, 4), (7, 5)]], [[(0, 1), (0, 3), (0, 5), (1, 3), (2, 1), (2, 3), (4, 1), (4, 2), (4, 3), (4, 5), (4, 7), (5, 2), (5, 3), (6, 0), (6, 1), (6, 2), (6, 3), (6, 7), (7, 0), (7, 1), (7, 2), (7, 3), (7, 5)], [(0, 1), (0, 7), (1, 6), (3, 1), (3, 6), (4, 2), (4, 7), (5, 0), (5, 6), (6, 7)], [(0, 1), (0, 5), (0, 7), (1, 3), (2, 4), (3, 2), (4, 7), (5, 2), (6, 1), (6, 7)], [(0, 1), (0, 3), (4, 0), (5, 0), (0, 6), (0, 7), (2, 1), (3, 1), (4, 1), (6, 1), (7, 1), (2, 4), (5, 2), (2, 6), (3, 6), (3, 7), (4, 6), (4, 7), (5, 7), (7, 6)], [(0, 1), (0, 5), (7, 0), (1, 3), (1, 6), (4, 2), (6, 3), (7, 4), (6, 5), (7, 6)], [(0, 4), (0, 7), (1, 0), (1, 2), (1, 6), (1, 7), (2, 0), (2, 4), (2, 7), (3, 0), (3, 1), (3, 2), (3, 4), (3, 5), (3, 6), (3, 7), (4, 7), (5, 0), (5, 1), (5, 2), (5, 4), (5, 6), (5, 7), (6, 2), (6, 4), (6, 7)]], [[(0, 1), (0, 2), (0, 3), (0, 4), (0, 5), (0, 6), (1, 2), (1, 3), (1, 4), (1, 6), (1, 7), (2, 3), (2, 4), (2, 6), (3, 4), (3, 5), (3, 6), (4, 6), (5, 4), (5, 6), (7, 2), (7, 5)], [(0, 1), (0, 5), (0, 6), (1, 6), (2, 1), (2, 4), (3, 2), (3, 5), (4, 5), (7, 2)], [(1, 0), (1, 2), (1, 6), (2, 3), (2, 7), (3, 5), (4, 2), (4, 5), (5, 0), (6, 0), (6, 3), (6, 4), (7, 3)], [(0, 1), (0, 2), (0, 4), (0, 5), (0, 6), (0, 7), (2, 1), (3, 1), (1, 4), (1, 6), (1, 7), (3, 2), (2, 4), (2, 6), (2, 7), (3, 4), (3, 5), (3, 6), (5, 4), (6, 4), (5, 6), (7, 5)], [(1, 0), (5, 0), (6, 0), (2, 1), (1, 6), (2, 3), (2, 4), (7, 2), (3, 5), (5, 4)], [(0, 1), (0, 4), (0, 5), (0, 6), (0, 7), (2, 1), (3, 1), (3, 2), (3, 4), (3, 5), (3, 6), (3, 7), (4, 1), (4, 2), (4, 6), (5, 1), (5, 2), (5, 4), (5, 6), (6, 1), (6, 2), (7, 1), (7, 2), (7, 4), (7, 5), (7, 6)]], [[(0, 1), (0, 3), (0, 6), (1, 6), (2, 0), (2, 3), (2, 6), (3, 1), (3, 6), (4, 1), (4, 2), (4, 3), (4, 6), (5, 1), (5, 3), (5, 4), (5, 6), (7, 0), (7, 1), (7, 2), (7, 3), (7, 4)], [(2, 0), (2, 3), (3, 0), (3, 6), (4, 1), (4, 6), (6, 5), (7, 0), (7, 2), (7, 3)], [(0, 2), (0, 3), (0, 7), (1, 4), (2, 3), (2, 7), (4, 6), (5, 3), (6, 5), (7, 3)], [(0, 1), (2, 0), (3, 0), (0, 5), (0, 6), (0, 7), (2, 1), (3, 1), (4, 1), (1, 5), (6, 1), (7, 1), (3, 2), (4, 2), (2, 5), (2, 6), (2, 7), (4, 3), (3, 5), (3, 7), (4, 5), (4, 6), (4, 7), (6, 5), (7, 6)], [(2, 0), (3, 0), (7, 0), (4, 1), (3, 2), (7, 2), (3, 6), (7, 3), (4, 6), (6, 5)], [(1, 0), (1, 2), (1, 4), (1, 6), (3, 0), (3, 1), (3, 2), (3, 4), (3, 6), (3, 7), (4, 0), (4, 2), (4, 6), (5, 0), (5, 1), (5, 2), (5, 3), (5, 6), (5, 7), (6, 0), (6, 2), (7, 0), (7, 1), (7, 2), (7, 4)]], [[(0, 1), (0, 3), (0, 5), (1, 3), (1, 6), (2, 0), (2, 1), (2, 3), (2, 5), (2, 6), (3, 6), (4, 0), (4, 1), (4, 2), (4, 5), (5, 1), (5, 3), (5, 6), (7, 1), (7, 2), (7, 3)], [(0, 2), (0, 3), (1, 2), (1, 6), (2, 7), (3, 6), (3, 7), (5, 0), (5, 2)], [(0, 2), (0, 3), (0, 5), (0, 6), (1, 2), (1, 5), (1, 6), (2, 7), (3, 6), (5, 2), (5, 4), (7, 3)], [(0, 1), (2, 0), (3, 0), (0, 5), (0, 7), (2, 1), (3, 1), (4, 1), (5, 1), (1, 6), (7, 1), (2, 4), (2, 5), (2, 6), (2, 7), (3, 4), (3, 5), (3, 6), (3, 7), (4, 7), (5, 6)], [(0, 2), (3, 0), (0, 5), (1, 2), (6, 1), (2, 5), (2, 7), (6, 3), (3, 7)], [(0, 1), (0, 2), (0, 5), (0, 6), (0, 7), (2, 1), (3, 0), (3, 1), (3, 5), (3, 6), (3, 7), (4, 0), (4, 1), (4, 2), (4, 3), (4, 5), (4, 6), (4, 7), (5, 1), (5, 2), (5, 6), (5, 7), (6, 1), (6, 2), (6, 7), (7, 1), (7, 2)]], [[(0, 1), (0, 3), (0, 5), (0, 6), (2, 0), (2, 1), (2, 3), (2, 4), (2, 5), (2, 6), (3, 1), (3, 4), (3, 5), (3, 6), (4, 5), (4, 6), (5, 1), (5, 6), (6, 1), (7, 0), (7, 1), (7, 4), (7, 5)], [(0, 2), (0, 3), (1, 0), (1, 3), (3, 4), (5, 2), (5, 6), (7, 0), (7, 1), (7, 4), (7, 6)], [(0, 1), (0, 3), (2, 0), (2, 4), (2, 5), (3, 1), (3, 4), (6, 5), (6, 7), (7, 0), (7, 1), (7, 4)], [(2, 0), (0, 3), (4, 0), (5, 0), (0, 6), (7, 0), (1, 2), (1, 3), (4, 1), (1, 6), (1, 7), (2, 3), (2, 5), (2, 6), (2, 7), (4, 3), (5, 3), (7, 3), (4, 5), (4, 6), (4, 7), (5, 6), (7, 5), (7, 6)], [(1, 0), (0, 2), (3, 0), (0, 7), (1, 3), (1, 7), (5, 2), (4, 3), (4, 7), (6, 5), (7, 6)], [(0, 2), (0, 5), (0, 6), (1, 2), (1, 5), (1, 6), (1, 7), (2, 5), (2, 6), (3, 0), (3, 1), (3, 2), (3, 4), (3, 5), (3, 6), (3, 7), (4, 0), (4, 1), (4, 2), (4, 5), (4, 6), (4, 7), (6, 5), (7, 0), (7, 2), (7, 5), (7, 6)]], [[(0, 3), (0, 4), (1, 0), (1, 2), (1, 3), (1, 5), (1, 6), (2, 0), (2, 3), (2, 4), (2, 6), (3, 6), (4, 3), (4, 6), (5, 2), (5, 3), (5, 4), (5, 6), (7, 2), (7, 3), (7, 4), (7, 6)], [(0, 4), (1, 0), (1, 2), (2, 0), (2, 7), (3, 0), (3, 2), (4, 7), (5, 2), (5, 3), (6, 5)], [(0, 1), (0, 2), (0, 3), (1, 2), (2, 5), (3, 2), (3, 5), (3, 6), (4, 0), (4, 5), (6, 5), (7, 2), (7, 4)], [(1, 0), (0, 2), (0, 3), (4, 0), (0, 6), (0, 7), (1, 2), (1, 3), (4, 1), (5, 1), (1, 6), (1, 7), (3, 2), (4, 2), (5, 2), (2, 6), (2, 7), (5, 3), (3, 7), (5, 4), (4, 7), (5, 6), (5, 7), (6, 7)], [(1, 0), (0, 2), (3, 0), (0, 4), (1, 2), (3, 2), (2, 5), (7, 2), (3, 5), (4, 7), (6, 5)], [(0, 1), (0, 2), (1, 5), (1, 6), (2, 1), (2, 5), (2, 6), (3, 0), (3, 1), (3, 2), (3, 5), (3, 6), (4, 0), (4, 2), (4, 3), (4, 5), (4, 7), (6, 5), (7, 1), (7, 2), (7, 5), (7, 6)]], [[(0, 1), (0, 2), (0, 3), (0, 5), (0, 7), (1, 4), (1, 5), (1, 7), (2, 3), (2, 4), (2, 5), (4, 3), (5, 3), (5, 4), (6, 1), (6, 2), (6, 3), (6, 4), (6, 5), (6, 7), (7, 3), (7, 4)], [(0, 2), (0, 7), (1, 0), (1, 5), (2, 3), (2, 4), (2, 5), (3, 6), (4, 6), (6, 7)], [(0, 1), (0, 2), (0, 7), (1, 5), (2, 3), (2, 4), (2, 5), (3, 4), (3, 5), (6, 1), (6, 3), (6, 4), (6, 7)], [(1, 0), (0, 2), (0, 6), (0, 7), (1, 2), (1, 3), (1, 4), (5, 1), (1, 6), (1, 7), (3, 2), (2, 4), (5, 2), (6, 2), (7, 2), (3, 4), (5, 3), (6, 3), (3, 7), (5, 4), (6, 4), (7, 4), (5, 6), (5, 7)], [(0, 1), (2, 0), (0, 7), (1, 5), (3, 2), (4, 2), (2, 5), (3, 6), (4, 6), (6, 7)], [(1, 0), (1, 2), (1, 3), (1, 7), (2, 0), (2, 3), (3, 0), (4, 1), (4, 2), (4, 3), (4, 5), (4, 6), (4, 7), (5, 0), (5, 1), (5, 2), (5, 3), (5, 7), (6, 0), (6, 2), (6, 3), (6, 5), (6, 7), (7, 0)]], [[(1, 0), (1, 3), (2, 0), (2, 1), (2, 3), (2, 4), (2, 5), (2, 6), (3, 0), (4, 0), (4, 5), (5, 0), (5, 1), (5, 3), (6, 0), (6, 1), (6, 4), (7, 0), (7, 1), (7, 3), (7, 5), (7, 6)], [(0, 3), (0, 7), (1, 6), (1, 7), (2, 0), (2, 4), (2, 6), (3, 1), (3, 5), (5, 7), (6, 4)], [(0, 2), (0, 3), (0, 5), (0, 7), (1, 3), (1, 6), (1, 7), (2, 4), (2, 6), (3, 5), (3, 7), (5, 2), (6, 4)], [(1, 0), (0, 2), (3, 0), (0, 4), (0, 6), (0, 7), (1, 2), (3, 1), (1, 4), (5, 1), (1, 6), (1, 7), (3, 2), (2, 4), (5, 2), (2, 7), (3, 4), (5, 3), (3, 7), (5, 4), (7, 4), (5, 6), (5, 7), (6, 7)], [(2, 0), (3, 0), (0, 7), (1, 3), (6, 1), (1, 7), (2, 4), (6, 2), (3, 5), (6, 4), (7, 5)], [(1, 0), (1, 2), (1, 4), (1, 6), (2, 0), (2, 6), (3, 0), (3, 1), (3, 2), (3, 4), (3, 5), (4, 0), (4, 2), (4, 6), (5, 0), (5, 2), (5, 4), (6, 0), (7, 0), (7, 1), (7, 2), (7, 3), (7, 4), (7, 5), (7, 6)]], [[(0, 1), (0, 2), (0, 3), (0, 4), (0, 6), (0, 7), (1, 4), (1, 5), (1, 6), (1, 7), (3, 2), (3, 4), (3, 5), (3, 6), (4, 2), (4, 5), (5, 2), (6, 2), (6, 4), (6, 5), (7, 6)], [(0, 3), (0, 4), (1, 0), (1, 4), (2, 6), (3, 6), (4, 6), (5, 3), (7, 0), (7, 1)], [(0, 1), (0, 3), (0, 4), (0, 7), (1, 4), (1, 7), (3, 5), (3, 6), (4, 6), (5, 4), (6, 2)], [(0, 1), (2, 0), (0, 3), (4, 0), (0, 5), (0, 6), (0, 7), (2, 1), (3, 1), (4, 1), (1, 5), (1, 6), (1, 7), (2, 3), (4, 2), (2, 5), (2, 6), (3, 5), (3, 6), (4, 5), (4, 6), (6, 5), (7, 6)], [(1, 0), (0, 3), (0, 4), (7, 0), (1, 4), (7, 1), (6, 2), (3, 5), (3, 6), (4, 6)], [(1, 0), (2, 0), (2, 1), (2, 3), (2, 4), (2, 6), (3, 1), (3, 4), (3, 6), (4, 1), (5, 0), (5, 1), (5, 2), (5, 3), (5, 4), (5, 6), (5, 7), (6, 0), (6, 4), (7, 0), (7, 1), (7, 2), (7, 3), (7, 4), (7, 6)]], [[(0, 5), (1, 0), (1, 2), (1, 3), (1, 4), (1, 5), (1, 6), (2, 0), (2, 3), (2, 5), (3, 0), (3, 5), (4, 0), (4, 2), (4, 5), (6, 0), (6, 5), (7, 0), (7, 2), (7, 5), (7, 6)], [(0, 1), (0, 7), (1, 2), (2, 5), (2, 7), (3, 2), (3, 5), (4, 0), (4, 5), (6, 5), (7, 6)], [(1, 0), (1, 2), (3, 2), (3, 5), (4, 0), (5, 2), (5, 4), (6, 5), (6, 7), (7, 0), (7, 2), (7, 3)], [(0, 1), (0, 4), (0, 5), (0, 6), (0, 7), (1, 2), (1, 4), (1, 5), (7, 1), (3, 2), (2, 4), (2, 5), (7, 2), (3, 4), (3, 5), (3, 6), (3, 7), (4, 5), (6, 5), (7, 5), (7, 6)], [(0, 1), (4, 0), (7, 0), (2, 1), (2, 3), (2, 5), (7, 2), (3, 5), (5, 4), (6, 5), (7, 6)], [(0, 1), (0, 2), (0, 3), (0, 5), (0, 6), (0, 7), (1, 2), (1, 3), (1, 6), (1, 7), (2, 3), (2, 6), (2, 7), (3, 7), (4, 0), (4, 1), (4, 2), (4, 3), (4, 5), (5, 1), (5, 2), (5, 3), (5, 6), (5, 7), (6, 3), (6, 7)]], [[(1, 0), (1, 2), (1, 3), (1, 4), (1, 5), (1, 6), (1, 7), (2, 6), (3, 2), (3, 4), (3, 5), (3, 6), (4, 5), (4, 6), (4, 7), (5, 0), (6, 0), (6, 5), (7, 0), (7, 2), (7, 5), (7, 6)], [(1, 0), (1, 4), (2, 0), (3, 1), (3, 2), (3, 5), (6, 4), (7, 2), (7, 4), (7, 5), (7, 6)], [(0, 1), (1, 3), (1, 4), (2, 5), (3, 2), (3, 5), (3, 6), (4, 6), (7, 2), (7, 4), (7, 5), (7, 6)], [(0, 1), (2, 0), (0, 4), (0, 6), (0, 7), (2, 1), (1, 3), (4, 1), (5, 1), (6, 1), (2, 3), (5, 2), (2, 6), (2, 7), (5, 3), (6, 3), (7, 3), (5, 4), (4, 6), (5, 6), (5, 7), (6, 7)], [(1, 0), (0, 2), (1, 3), (4, 1), (3, 2), (2, 7), (3, 5), (6, 4), (4, 7), (7, 5), (6, 7)], [(0, 1), (0, 3), (0, 4), (2, 0), (2, 1), (2, 3), (2, 4), (2, 5), (2, 6), (2, 7), (3, 1), (3, 4), (4, 1), (4, 6), (5, 1), (5, 3), (5, 4), (5, 6), (5, 7), (6, 1), (7, 4), (7, 6)]], [[(0, 2), (0, 4), (1, 0), (1, 2), (1, 4), (1, 5), (2, 4), (3, 1), (3, 2), (3, 5), (4, 5), (6, 0), (6, 1), (6, 2), (6, 5), (6, 7), (7, 0), (7, 4), (7, 5)], [(0, 4), (0, 7), (1, 3), (2, 5), (3, 2), (3, 5), (4, 1), (4, 7), (6, 0), (6, 2), (6, 7)], [(0, 4), (0, 6), (0, 7), (1, 3), (2, 1), (2, 3), (2, 5), (3, 5), (4, 1), (6, 1), (6, 2), (6, 7), (7, 2), (7, 5)], [(0, 2), (4, 0), (0, 6), (0, 7), (2, 1), (1, 3), (4, 1), (1, 5), (1, 6), (7, 1), (2, 3), (2, 6), (2, 7), (4, 3), (5, 3), (6, 3), (4, 5), (4, 7), (6, 5), (7, 5), (7, 6)], [(0, 4), (6, 0), (0, 7), (3, 1), (4, 1), (3, 2), (2, 5), (6, 2), (3, 5), (4, 7), (6, 7)], [(0, 4), (2, 0), (2, 1), (2, 4), (2, 5), (2, 6), (3, 0), (3, 1), (3, 2), (3, 4), (3, 5), (3, 6), (4, 1), (4, 5), (5, 1), (6, 0), (6, 1), (6, 4), (7, 0), (7, 2), (7, 4), (7, 5), (7, 6)]], [[(0, 1), (0, 2), (0, 4), (0, 5), (0, 6), (1, 3), (1, 4), (1, 5), (1, 6), (1, 7), (3, 2), (3, 4), (3, 6), (3, 7), (4, 2), (5, 2), (5, 3), (5, 4), (6, 2), (6, 4), (7, 2), (7, 4), (7, 6)], [(0, 5), (1, 0), (1, 5), (1, 7), (2, 7), (3, 5), (3, 7), (4, 5), (4, 7), (6, 2), (6, 4)], [(0, 1), (0, 5), (1, 4), (1, 5), (1, 7), (3, 4), (3, 7), (5, 3), (5, 4), (6, 4), (7, 2), (7, 4), (7, 6)], [(0, 1), (0, 2), (4, 0), (0, 5), (0, 7), (1, 3), (4, 1), (1, 5), (6, 1), (7, 1), (2, 3), (2, 5), (6, 2), (2, 7), (4, 3), (6, 3), (7, 3), (4, 5), (6, 4), (4, 7), (6, 5), (7, 5), (6, 7)], [(1, 0), (5, 0), (5, 1), (1, 7), (6, 2), (2, 7), (5, 3), (3, 7), (4, 5), (6, 4), (4, 7)], [(0, 1), (2, 0), (2, 3), (2, 4), (2, 6), (2, 7), (3, 0), (3, 1), (3, 5), (3, 6), (3, 7), (4, 0), (4, 1), (4, 3), (4, 5), (4, 6), (4, 7), (5, 0), (5, 1), (5, 7), (6, 0), (6, 1), (6, 7), (7, 0), (7, 1)]], [[(0, 1), (0, 2), (0, 3), (0, 5), (0, 6), (1, 6), (2, 5), (2, 6), (3, 4), (3, 6), (4, 1), (4, 2), (4, 6), (5, 1), (5, 6), (7, 1), (7, 2), (7, 3), (7, 4), (7, 5), (7, 6)], [(0, 2), (0, 6), (1, 3), (1, 4), (1, 6), (3, 4), (3, 5), (4, 2), (5, 0), (5, 2), (6, 2), (7, 2)], [(0, 5), (0, 6), (1, 4), (1, 6), (2, 0), (2, 6), (2, 7), (4, 2), (4, 3), (5, 3)], [(0, 2), (3, 0), (4, 0), (0, 5), (6, 0), (2, 1), (3, 1), (4, 1), (5, 1), (6, 1), (3, 2), (4, 2), (2, 5), (2, 7), (4, 3), (3, 5), (3, 7), (4, 5), (6, 4), (4, 7), (6, 5), (5, 7), (6, 7)], [(0, 2), (0, 5), (0, 6), (1, 3), (1, 4), (1, 6), (2, 4), (5, 2), (6, 2), (7, 2), (4, 3), (5, 3)], [(0, 1), (0, 2), (0, 5), (0, 6), (1, 2), (1, 5), (3, 0), (3, 1), (3, 2), (3, 4), (3, 5), (3, 6), (3, 7), (4, 1), (4, 2), (4, 5), (4, 6), (4, 7), (6, 1), (6, 2), (6, 5), (7, 1), (7, 2), (7, 5), (7, 6)]], [[(0, 4), (1, 0), (2, 0), (2, 3), (2, 4), (2, 5), (2, 6), (2, 7), (3, 0), (3, 1), (3, 4), (3, 5), (3, 6), (5, 0), (5, 4), (5, 6), (6, 0), (6, 1), (6, 4), (7, 1), (7, 4), (7, 5)], [(0, 4), (0, 5), (1, 0), (1, 3), (2, 3), (2, 7), (3, 5), (5, 7), (6, 5)], [(0, 1), (0, 4), (0, 5), (0, 6), (1, 6), (2, 3), (2, 4), (2, 7), (3, 1), (3, 5), (4, 1), (5, 6), (5, 7)], [(0, 1), (2, 0), (0, 3), (4, 0), (0, 5), (0, 6), (0, 7), (2, 1), (1, 3), (1, 5), (1, 6), (2, 3), (2, 5), (2, 6), (2, 7), (4, 3), (3, 5), (3, 6), (3, 7), (4, 6), (4, 7), (5, 6), (5, 7), (7, 6)], [(0, 1), (0, 4), (0, 5), (3, 1), (3, 2), (2, 7), (3, 5), (5, 6), (5, 7)], [(0, 4), (0, 5), (0, 7), (1, 0), (1, 3), (1, 5), (1, 7), (2, 1), (2, 3), (2, 4), (2, 5), (2, 7), (3, 4), (3, 5), (5, 4), (6, 0), (6, 1), (6, 3), (6, 4), (6, 5), (6, 7), (7, 4), (7, 5)]], [[(0, 2), (0, 4), (0, 5), (1, 2), (1, 3), (1, 4), (1, 5), (1, 6), (1, 7), (2, 4), (3, 0), (3, 2), (3, 4), (3, 5), (3, 7), (4, 5), (6, 0), (6, 4), (6, 5), (7, 0), (7, 2), (7, 4), (7, 5), (7, 6)], [(0, 2), (0, 3), (0, 6), (1, 3), (1, 4), (1, 7), (2, 1), (2, 5), (4, 6), (5, 4), (5, 6), (6, 7), (7, 3)], [(0, 2), (0, 3), (0, 5), (0, 6), (1, 3), (1, 4), (1, 7), (2, 1), (5, 2), (5, 4), (5, 6), (6, 4), (6, 7), (7, 3)], [(1, 0), (0, 2), (0, 3), (0, 5), (0, 6), (0, 7), (1, 2), (1, 3), (4, 1), (1, 5), (1, 6), (1, 7), (2, 3), (4, 2), (6, 2), (2, 7), (3, 5), (6, 3), (3, 7), (4, 5), (4, 6), (4, 7), (6, 5), (7, 5), (6, 7)], [(0, 2), (0, 3), (0, 6), (2, 1), (1, 3), (1, 4), (1, 7), (5, 2), (7, 3), (5, 4), (6, 4), (5, 6), (6, 7)], [(0, 3), (0, 4), (0, 5), (0, 6), (0, 7), (1, 3), (1, 4), (1, 6), (1, 7), (2, 0), (2, 1), (2, 3), (2, 4), (2, 5), (2, 6), (2, 7), (3, 4), (3, 6), (3, 7), (5, 4), (5, 6), (5, 7), (6, 4), (7, 4)]], [[(0, 4), (0, 6), (0, 7), (1, 0), (1, 2), (1, 4), (1, 6), (1, 7), (2, 0), (2, 6), (3, 0), (3, 2), (3, 4), (3, 5), (3, 6), (3, 7), (5, 2), (5, 4), (5, 6), (5, 7), (6, 4), (7, 4), (7, 6)], [(0, 1), (0, 3), (0, 7), (1, 2), (1, 4), (2, 3), (2, 5), (4, 5), (4, 7), (6, 3), (6, 4)], [(0, 1), (0, 3), (0, 6), (0, 7), (1, 4), (1, 6), (2, 1), (2, 3), (2, 5), (4, 6), (5, 4), (6, 3), (7, 4)], [(1, 0), (2, 0), (3, 0), (0, 6), (7, 0), (1, 2), (1, 4), (1, 6), (3, 2), (4, 2), (2, 5), (2, 7), (3, 4), (3, 5), (3, 6), (3, 7), (4, 5), (4, 6), (4, 7), (6, 5), (7, 5)], [(0, 1), (3, 0), (7, 0), (2, 1), (1, 4), (3, 2), (5, 2), (3, 6), (5, 4), (4, 6), (7, 4)], [(0, 2), (0, 6), (0, 7), (1, 0), (1, 2), (1, 4), (1, 6), (1, 7), (2, 5), (3, 0), (3, 2), (3, 4), (3, 5), (3, 6), (4, 0), (4, 2), (4, 5), (4, 6), (4, 7), (6, 5), (7, 2), (7, 5)]], [[(1, 0), (1, 3), (1, 5), (2, 0), (2, 4), (2, 5), (2, 6), (2, 7), (4, 0), (4, 1), (4, 3), (4, 5), (4, 6), (5, 0), (5, 3), (6, 0), (6, 1), (6, 3), (6, 5), (6, 7), (7, 1), (7, 3), (7, 5)], [(0, 2), (0, 5), (0, 6), (1, 5), (1, 7), (2, 4), (3, 5), (3, 7), (4, 1), (4, 6), (5, 6), (6, 7)], [(0, 2), (0, 5), (0, 6), (1, 4), (1, 5), (1, 7), (2, 7), (3, 7), (4, 2), (4, 6), (5, 3), (6, 7)], [(0, 1), (2, 0), (4, 0), (5, 0), (6, 0), (0, 7), (3, 1), (4, 1), (5, 1), (6, 1), (7, 1), (2, 3), (2, 4), (5, 2), (2, 7), (4, 3), (5, 3), (3, 7), (5, 4), (6, 4), (6, 5), (5, 7), (6, 7)], [(0, 2), (0, 5), (0, 6), (4, 1), (1, 5), (1, 7), (4, 2), (5, 3), (3, 7), (4, 6), (6, 5), (6, 7)], [(0, 5), (0, 6), (1, 4), (1, 6), (2, 0), (2, 1), (2, 4), (2, 5), (2, 6), (3, 0), (3, 1), (3, 2), (3, 4), (3, 5), (3, 6), (3, 7), (4, 6), (5, 1), (5, 4), (7, 0), (7, 1), (7, 2), (7, 4), (7, 6)]], [[(0, 3), (1, 0), (1, 3), (1, 5), (2, 0), (2, 1), (2, 3), (2, 4), (2, 5), (2, 6), (2, 7), (4, 0), (4, 1), (4, 3), (4, 7), (5, 0), (5, 3), (5, 7), (6, 1), (6, 3), (7, 0), (7, 3)], [(0, 4), (0, 7), (1, 2), (2, 4), (2, 5), (2, 7), (3, 5), (3, 7), (6, 1), (6, 2)], [(0, 4), (0, 7), (1, 2), (1, 6), (2, 5), (2, 6), (2, 7), (3, 5), (4, 1), (4, 2), (4, 6), (7, 3)], [(0, 1), (0, 2), (0, 3), (0, 7), (1, 2), (4, 1), (5, 1), (6, 1), (7, 1), (3, 2), (4, 2), (5, 2), (6, 2), (7, 2), (3, 4), (3, 5), (6, 3), (7, 3), (5, 4), (6, 4), (7, 4), (6, 5), (7, 5), (6, 7)], [(4, 0), (0, 7), (1, 2), (1, 6), (4, 2), (2, 5), (2, 6), (2, 7), (3, 5), (7, 3)], [(0, 1), (0, 2), (0, 3), (0, 6), (0, 7), (2, 1), (3, 1), (3, 2), (3, 4), (3, 5), (3, 6), (3, 7), (4, 1), (5, 2), (5, 4), (6, 1), (6, 2), (6, 4), (6, 5), (6, 7), (7, 1), (7, 2), (7, 4), (7, 5)]], [[(0, 2), (0, 5), (0, 7), (1, 0), (1, 2), (1, 3), (1, 6), (2, 3), (2, 7), (3, 7), (4, 0), (4, 2), (4, 3), (4, 5), (5, 2), (5, 3), (5, 7), (6, 0), (6, 2), (6, 3), (6, 5), (6, 7)], [(0, 1), (0, 3), (0, 5), (1, 6), (2, 5), (3, 6), (4, 3), (5, 6), (7, 2)], [(0, 1), (0, 3), (0, 5), (1, 2), (1, 6), (2, 7), (3, 4), (5, 2), (5, 7), (6, 3), (6, 5)], [(0, 1), (0, 2), (3, 0), (0, 5), (0, 6), (0, 7), (2, 1), (3, 1), (4, 1), (6, 1), (7, 1), (4, 2), (2, 5), (2, 6), (2, 7), (4, 3), (3, 5), (3, 6), (3, 7), (4, 6), (6, 5), (7, 5)], [(0, 1), (0, 3), (5, 0), (6, 1), (5, 2), (7, 2), (3, 4), (3, 6), (5, 6)], [(0, 2), (0, 3), (0, 7), (1, 0), (1, 2), (1, 3), (1, 6), (1, 7), (3, 2), (3, 7), (4, 0), (4, 2), (4, 3), (4, 7), (5, 0), (5, 1), (5, 2), (5, 3), (5, 6), (5, 7), (6, 2), (6, 3), (6, 7), (7, 2)]], [[(0, 1), (0, 3), (0, 4), (0, 5), (0, 6), (0, 7), (1, 2), (1, 4), (1, 5), (1, 6), (1, 7), (2, 4), (2, 5), (2, 6), (3, 2), (3, 4), (3, 6), (3, 7), (5, 6), (6, 4), (7, 2), (7, 5), (7, 6)], [(0, 2), (1, 6), (1, 7), (2, 5), (2, 6), (3, 2), (3, 7), (4, 0), (4, 1), (5, 7), (6, 5)], [(0, 4), (1, 7), (2, 3), (2, 6), (4, 1), (5, 7), (6, 1), (6, 4), (6, 5), (7, 3)], [(0, 1), (0, 2), (0, 3), (0, 4), (0, 6), (1, 3), (4, 1), (6, 1), (1, 7), (2, 3), (6, 2), (7, 2), (4, 3), (5, 3), (7, 3), (5, 4), (6, 4), (5, 6), (5, 7)], [(0, 2), (4, 0), (1, 4), (1, 6), (1, 7), (2, 3), (5, 2), (2, 6), (7, 3), (5, 6), (5, 7)], [(0, 1), (0, 2), (0, 3), (0, 4), (0, 5), (0, 6), (0, 7), (1, 2), (1, 6), (3, 1), (3, 2), (3, 6), (4, 1), (4, 2), (4, 3), (4, 5), (4, 6), (5, 1), (5, 6), (6, 2), (7, 1), (7, 2), (7, 3), (7, 5), (7, 6)]], [[(0, 2), (0, 4), (0, 6), (2, 1), (3, 1), (3, 2), (3, 4), (3, 5), (3, 6), (3, 7), (4, 1), (4, 5), (4, 6), (5, 2), (6, 1), (6, 2), (6, 5), (7, 1), (7, 2), (7, 4), (7, 5), (7, 6)], [(0, 1), (0, 2), (1, 6), (2, 4), (2, 7), (3, 6), (4, 3), (4, 5), (4, 6), (5, 7)], [(0, 1), (0, 2), (0, 5), (1, 6), (3, 4), (3, 6), (4, 5), (7, 2), (7, 5), (7, 6)], [(1, 0), (0, 2), (0, 4), (5, 0), (1, 2), (1, 3), (1, 4), (1, 6), (3, 2), (2, 4), (5, 2), (2, 6), (7, 2), (3, 4), (5, 3), (3, 6), (7, 3), (5, 4), (4, 6), (5, 6), (7, 5), (7, 6)], [(0, 1), (0, 2), (1, 6), (2, 4), (7, 2), (4, 3), (6, 3), (5, 4), (4, 6), (7, 5)], [(0, 2), (0, 3), (1, 0), (1, 2), (1, 3), (1, 4), (1, 6), (2, 3), (2, 4), (4, 3), (5, 0), (5, 4), (5, 6), (5, 7), (6, 2), (6, 3), (6, 4), (7, 2), (7, 3), (7, 4), (7, 6)]], [[(0, 1), (0, 4), (0, 5), (0, 7), (2, 1), (2, 3), (2, 5), (3, 4), (3, 5), (4, 1), (4, 5), (5, 1), (6, 2), (6, 3), (6, 4), (6, 5), (6, 7), (7, 1), (7, 2), (7, 3), (7, 4)], [(0, 4), (0, 5), (1, 4), (1, 5), (2, 1), (2, 6), (3, 5), (3, 6), (7, 0), (7, 2)], [(0, 4), (0, 5), (0, 7), (1, 4), (1, 5), (2, 1), (2, 3), (5, 3), (6, 1), (6, 2), (7, 2), (7, 3)], [(1, 0), (2, 0), (3, 0), (0, 4), (5, 0), (0, 6), (7, 0), (1, 2), (3, 1), (1, 4), (1, 5), (1, 7), (2, 6), (2, 7), (3, 4), (3, 5), (3, 6), (3, 7), (5, 4), (4, 6), (5, 6), (7, 5), (7, 6)], [(0, 4), (0, 5), (7, 0), (2, 1), (1, 4), (5, 1), (2, 6), (7, 2), (3, 5), (3, 6)], [(1, 0), (1, 2), (1, 3), (1, 4), (1, 5), (1, 7), (2, 7), (3, 0), (3, 2), (3, 4), (3, 5), (3, 7), (4, 0), (4, 2), (4, 7), (5, 0), (5, 2), (5, 4), (5, 7), (6, 0), (6, 1), (6, 2), (6, 3), (6, 4), (6, 5), (6, 7), (7, 0)]], [[(1, 0), (1, 2), (1, 3), (1, 4), (1, 5), (1, 6), (2, 0), (2, 4), (3, 2), (3, 5), (3, 6), (4, 0), (5, 0), (5, 2), (5, 4), (6, 0), (6, 2), (6, 7), (7, 2)], [(0, 4), (1, 5), (1, 6), (3, 0), (3, 6), (4, 2), (5, 2), (5, 4), (6, 2), (6, 7), (7, 2)], [(2, 5), (2, 7), (3, 6), (4, 0), (4, 5), (6, 0), (6, 2), (6, 7)], [(0, 1), (0, 2), (3, 0), (0, 4), (0, 6), (0, 7), (2, 1), (4, 1), (1, 6), (7, 1), (3, 2), (2, 4), (5, 2), (2, 6), (7, 2), (5, 3), (3, 6), (3, 7), (5, 4), (4, 6), (7, 4), (5, 6), (5, 7), (7, 6)], [(3, 0), (4, 0), (5, 1), (6, 1), (2, 4), (2, 5), (6, 2), (7, 2), (6, 3), (5, 4), (7, 6)], [(0, 2), (0, 4), (0, 6), (1, 0), (1, 2), (1, 5), (1, 6), (3, 0), (3, 2), (3, 4), (3, 5), (3, 6), (4, 2), (4, 6), (5, 0), (5, 2), (5, 4), (5, 6), (6, 2), (7, 0), (7, 1), (7, 2), (7, 3), (7, 6)]], [[(0, 1), (0, 2), (0, 3), (0, 4), (0, 5), (0, 6), (0, 7), (1, 2), (1, 3), (1, 5), (1, 6), (4, 3), (4, 5), (4, 6), (4, 7), (5, 3), (5, 6), (6, 3), (7, 5), (7, 6)], [(0, 1), (2, 3), (3, 1), (3, 5), (4, 0), (4, 6), (5, 0), (5, 4), (5, 7), (6, 0), (6, 1), (7, 0), (7, 4)], [(0, 1), (0, 2), (0, 4), (0, 6), (0, 7), (1, 6), (3, 1), (4, 5), (4, 6), (4, 7), (5, 3), (7, 5)], [(0, 1), (0, 2), (3, 0), (4, 0), (0, 5), (0, 7), (1, 2), (3, 1), (1, 5), (6, 1), (7, 1), (3, 4), (3, 5), (4, 5), (6, 4), (4, 7), (6, 5), (7, 5), (6, 7)], [(1, 0), (0, 4), (0, 5), (6, 0), (0, 7), (3, 1), (6, 1), (3, 2), (3, 5), (5, 4), (6, 4), (7, 4), (5, 7)], [(0, 2), (0, 4), (0, 6), (0, 7), (1, 0), (1, 2), (1, 4), (1, 5), (1, 6), (1, 7), (3, 0), (3, 1), (3, 4), (3, 5), (3, 6), (4, 6), (4, 7), (5, 0), (5, 4), (5, 6), (5, 7), (6, 7)]], [[(0, 2), (0, 5), (1, 0), (1, 2), (1, 3), (1, 5), (3, 0), (3, 2), (3, 5), (4, 0), (4, 1), (4, 2), (4, 3), (4, 6), (5, 2), (6, 0), (6, 1), (6, 2), (6, 5), (6, 7), (7, 0), (7, 1), (7, 2), (7, 3), (7, 5)], [(0, 3), (1, 3), (1, 4), (1, 5), (2, 0), (2, 4), (2, 5), (4, 0), (4, 3), (4, 6), (5, 6), (5, 7), (6, 7), (7, 3)], [(0, 2), (0, 3), (0, 4), (2, 4), (4, 1), (4, 3), (4, 6), (5, 1), (5, 6), (5, 7), (6, 7), (7, 1), (7, 3)], [(0, 2), (4, 0), (0, 5), (0, 7), (1, 2), (4, 1), (5, 1), (6, 1), (1, 7), (2, 3), (4, 2), (5, 2), (6, 2), (7, 2), (4, 3), (5, 3), (6, 3), (7, 3), (6, 4), (6, 5), (5, 7), (6, 7)], [(2, 0), (3, 0), (4, 0), (3, 1), (4, 1), (5, 1), (4, 2), (5, 2), (4, 3), (7, 3), (4, 6), (5, 6), (5, 7), (6, 7)], [(0, 4), (1, 0), (1, 4), (1, 7), (2, 0), (2, 4), (3, 0), (3, 1), (3, 2), (3, 4), (3, 5), (3, 6), (3, 7), (5, 1), (5, 2), (5, 4), (5, 6), (5, 7), (6, 1), (6, 2), (6, 4), (6, 7), (7, 0), (7, 2), (7, 4)]], [[(0, 1), (0, 2), (0, 6), (0, 7), (1, 6), (2, 1), (2, 4), (2, 5), (2, 6), (3, 1), (3, 4), (3, 5), (3, 7), (4, 1), (4, 6), (5, 4), (5, 6), (7, 5)], [(0, 1), (0, 6), (1, 5), (2, 1), (2, 5), (5, 6), (7, 3)], [(0, 1), (0, 2), (0, 6), (1, 2), (1, 6), (2, 4), (2, 5), (3, 7), (4, 5), (5, 6)], [(0, 1), (2, 0), (0, 5), (0, 7), (2, 1), (3, 1), (4, 1), (1, 6), (2, 3), (4, 2), (2, 5), (2, 6), (2, 7), (4, 3), (5, 3), (3, 6), (3, 7), (4, 5), (4, 6), (5, 6), (5, 7), (7, 6)], [(0, 1), (0, 6), (1, 2), (5, 1), (5, 2), (7, 3), (5, 6)], [(1, 0), (1, 2), (1, 3), (1, 5), (1, 6), (2, 0), (2, 3), (2, 5), (2, 6), (3, 0), (3, 5), (4, 0), (4, 1), (4, 2), (4, 3), (4, 5), (4, 6), (4, 7), (6, 3), (6, 5), (7, 0), (7, 2), (7, 3), (7, 5), (7, 6)]], [[(0, 1), (0, 2), (0, 3), (0, 5), (0, 7), (2, 1), (2, 3), (2, 4), (2, 6), (2, 7), (4, 3), (5, 1), (5, 3), (5, 4), (5, 6), (5, 7), (6, 1), (6, 3), (6, 4), (7, 3), (7, 4)], [(0, 2), (0, 3), (0, 7), (1, 2), (2, 7), (3, 2), (4, 7), (5, 0), (5, 6), (5, 7)], [(0, 1), (0, 2), (0, 3), (0, 5), (0, 7), (2, 1), (2, 3), (2, 7), (5, 1), (5, 6), (5, 7), (6, 3), (7, 4)], [(1, 0), (2, 0), (3, 0), (0, 5), (0, 6), (0, 7), (2, 1), (1, 4), (1, 5), (1, 6), (1, 7), (3, 2), (2, 4), (2, 5), (2, 6), (2, 7), (3, 4), (3, 5), (3, 6), (4, 5), (4, 6), (4, 7), (6, 5), (7, 5), (6, 7)], [(2, 0), (0, 3), (5, 0), (7, 0), (2, 1), (2, 3), (7, 2), (7, 4), (5, 6), (7, 5)], [(0, 1), (0, 2), (0, 3), (0, 5), (0, 7), (1, 2), (3, 1), (3, 2), (4, 0), (4, 3), (4, 5), (4, 7), (5, 1), (5, 2), (6, 0), (6, 1), (6, 2), (6, 3), (6, 4), (6, 5), (6, 7), (7, 1), (7, 2), (7, 3), (7, 5)]], [[(1, 0), (1, 3), (1, 4), (1, 6), (1, 7), (2, 0), (2, 1), (2, 4), (2, 6), (2, 7), (3, 0), (3, 4), (3, 7), (4, 0), (4, 6), (4, 7), (5, 0), (5, 1), (5, 4), (5, 7), (6, 7), (7, 0)], [(0, 7), (3, 1), (3, 7), (4, 1), (4, 2), (5, 1), (5, 4), (6, 1), (6, 2), (6, 5), (7, 1)], [(0, 3), (1, 3), (1, 4), (1, 5), (1, 6), (1, 7), (2, 6), (4, 2), (4, 3), (4, 5), (7, 0), (7, 3)], [(0, 1), (0, 3), (0, 7), (2, 1), (1, 3), (1, 4), (1, 5), (1, 6), (1, 7), (2, 4), (2, 5), (2, 6), (2, 7), (4, 3), (5, 3), (3, 6), (3, 7), (5, 4), (4, 6), (5, 6), (5, 7), (7, 6)], [(7, 0), (1, 3), (4, 1), (5, 1), (1, 6), (1, 7), (2, 4), (2, 6), (7, 3), (5, 4), (5, 6)], [(0, 1), (0, 3), (0, 5), (0, 6), (0, 7), (2, 1), (2, 3), (2, 4), (2, 6), (2, 7), (3, 1), (4, 1), (4, 3), (5, 1), (5, 4), (5, 6), (5, 7), (6, 1), (6, 3), (6, 4), (6, 7), (7, 1), (7, 3), (7, 4)]], [[(0, 1), (0, 2), (0, 3), (0, 4), (0, 5), (0, 6), (0, 7), (1, 2), (1, 3), (1, 4), (1, 5), (1, 6), (1, 7), (2, 3), (2, 4), (2, 7), (4, 3), (5, 3), (5, 4), (5, 6), (6, 4), (7, 3), (7, 6)], [(0, 1), (0, 3), (0, 7), (1, 5), (1, 6), (2, 0), (2, 1), (2, 4), (2, 7), (3, 5), (3, 7), (4, 6), (6, 7)], [(0, 1), (0, 2), (0, 3), (0, 7), (1, 2), (1, 5), (2, 4), (4, 3), (5, 3), (6, 1), (6, 4), (7, 2), (7, 3), (7, 6)], [(1, 0), (0, 2), (3, 0), (0, 4), (5, 0), (6, 0), (7, 0), (3, 1), (1, 4), (5, 1), (7, 1), (3, 2), (2, 4), (5, 2), (6, 2), (7, 2), (3, 4), (3, 5), (3, 6), (7, 3), (6, 4), (7, 4), (5, 6), (7, 6)], [(0, 1), (0, 2), (3, 0), (0, 7), (1, 2), (5, 1), (1, 6), (2, 4), (2, 7), (5, 3), (3, 7), (4, 6), (6, 7)], [(0, 3), (0, 5), (0, 7), (1, 0), (1, 2), (1, 4), (1, 5), (1, 6), (1, 7), (2, 0), (2, 3), (2, 4), (2, 5), (2, 6), (2, 7), (3, 5), (4, 3), (6, 3), (6, 4), (6, 5), (6, 7), (7, 3), (7, 5)]], [[(0, 3), (0, 5), (0, 6), (1, 0), (1, 3), (1, 4), (1, 5), (1, 6), (1, 7), (2, 0), (2, 3), (2, 5), (2, 6), (3, 5), (3, 6), (4, 0), (4, 2), (4, 3), (4, 6), (5, 6), (7, 0), (7, 2), (7, 5)], [(1, 0), (1, 5), (1, 7), (2, 0), (2, 7), (3, 0), (3, 2), (3, 5), (4, 1), (5, 0), (6, 5), (7, 0)], [(0, 1), (0, 2), (0, 3), (0, 5), (1, 4), (1, 5), (1, 7), (2, 7), (3, 5), (5, 6)], [(1, 0), (2, 0), (3, 0), (0, 4), (5, 0), (0, 6), (7, 0), (1, 2), (3, 1), (1, 4), (5, 1), (1, 6), (1, 7), (3, 2), (2, 4), (2, 7), (3, 4), (5, 3), (5, 4), (6, 4), (7, 4), (5, 6), (5, 7), (7, 6)], [(0, 1), (2, 0), (0, 3), (0, 5), (0, 7), (1, 4), (1, 5), (1, 7), (2, 3), (2, 7), (3, 5), (5, 6)], [(0, 1), (2, 0), (2, 1), (2, 3), (2, 4), (2, 5), (2, 6), (2, 7), (3, 0), (3, 1), (3, 4), (3, 6), (3, 7), (4, 0), (4, 1), (4, 5), (4, 6), (5, 0), (5, 1), (6, 0), (6, 1), (6, 5), (7, 0), (7, 1), (7, 4), (7, 5), (7, 6)]], [[(1, 0), (1, 2), (1, 3), (1, 4), (1, 5), (1, 6), (1, 7), (2, 0), (2, 4), (2, 5), (2, 7), (3, 0), (3, 5), (4, 0), (5, 0), (5, 4), (6, 0), (6, 4), (6, 5), (7, 0), (7, 3), (7, 5), (7, 6)], [(0, 5), (1, 3), (1, 4), (1, 7), (2, 0), (2, 5), (2, 7), (3, 0), (6, 7), (7, 3)], [(0, 2), (0, 3), (0, 5), (1, 3), (1, 4), (1, 6), (1, 7), (2, 5), (3, 2), (3, 7), (4, 6), (7, 2), (7, 6)], [(0, 1), (0, 2), (3, 0), (0, 4), (0, 5), (0, 6), (1, 2), (3, 1), (1, 4), (5, 1), (6, 1), (3, 2), (4, 2), (5, 2), (6, 2), (7, 2), (7, 3), (5, 4), (6, 4), (6, 5), (7, 5), (7, 6)], [(0, 2), (0, 3), (0, 5), (1, 3), (1, 4), (1, 7), (2, 5), (2, 7), (3, 7), (7, 6)], [(0, 4), (0, 6), (1, 0), (1, 4), (1, 6), (2, 0), (2, 1), (2, 3), (2, 4), (2, 5), (2, 6), (3, 0), (3, 4), (3, 6), (4, 6), (5, 0), (5, 1), (5, 3), (5, 4), (7, 0), (7, 1), (7, 2), (7, 3), (7, 4), (7, 5), (7, 6)]], [[(0, 1), (0, 2), (0, 3), (0, 4), (0, 5), (0, 7), (2, 1), (2, 4), (2, 5), (2, 6), (2, 7), (3, 1), (4, 1), (4, 3), (4, 5), (5, 1), (5, 3), (6, 1), (6, 3), (6, 4), (6, 5), (7, 1), (7, 3), (7, 4), (7, 5), (7, 6)], [(0, 3), (0, 4), (1, 4), (1, 5), (2, 5), (2, 6), (4, 3), (6, 5), (7, 5), (7, 6)], [(0, 2), (0, 3), (0, 4), (2, 6), (2, 7), (3, 4), (4, 1), (4, 2), (5, 1), (5, 2), (5, 6), (5, 7), (7, 6)], [(0, 2), (0, 3), (4, 0), (0, 5), (0, 7), (2, 1), (1, 3), (4, 1), (1, 5), (6, 1), (1, 7), (4, 2), (2, 5), (6, 2), (2, 7), (4, 3), (5, 3), (6, 3), (7, 3), (4, 7), (6, 5), (7, 5), (6, 7)], [(3, 0), (4, 0), (4, 1), (5, 1), (2, 5), (2, 6), (4, 3), (6, 5), (7, 5), (7, 6)], [(0, 5), (1, 0), (1, 4), (1, 5), (1, 7), (2, 0), (2, 1), (2, 3), (2, 4), (2, 5), (2, 7), (3, 0), (3, 1), (3, 4), (3, 5), (3, 7), (4, 0), (6, 0), (6, 1), (6, 2), (6, 3), (6, 4), (6, 5), (6, 7), (7, 0), (7, 5)]], [[(0, 1), (0, 2), (0, 3), (0, 6), (1, 2), (1, 3), (3, 2), (3, 6), (4, 0), (4, 1), (4, 2), (4, 3), (4, 5), (4, 6), (4, 7), (5, 0), (5, 2), (5, 3), (5, 6), (6, 2), (7, 0), (7, 1), (7, 2), (7, 3), (7, 6)], [(0, 2), (0, 5), (1, 2), (2, 3), (2, 6), (3, 4), (3, 7), (4, 6), (5, 4), (5, 6), (6, 7)], [(0, 2), (0, 7), (2, 1), (2, 3), (3, 7), (4, 3), (4, 5), (4, 6), (5, 0), (5, 6), (6, 2), (6, 7)], [(0, 1), (0, 2), (4, 0), (5, 0), (0, 6), (0, 7), (1, 2), (1, 3), (4, 1), (1, 7), (2, 3), (4, 2), (5, 2), (2, 6), (2, 7), (4, 3), (5, 3), (6, 3), (5, 4), (4, 6), (5, 6), (5, 7), (6, 7)], [(2, 0), (5, 0), (2, 1), (2, 3), (2, 6), (4, 3), (3, 7), (5, 4), (4, 6), (5, 6), (6, 7)], [(0, 2), (0, 6), (1, 0), (1, 2), (1, 4), (1, 5), (1, 6), (1, 7), (2, 3), (2, 4), (2, 6), (3, 4), (4, 6), (5, 0), (5, 2), (5, 3), (5, 4), (5, 6), (7, 0), (7, 3), (7, 4), (7, 5), (7, 6)]], [[(0, 1), (0, 4), (0, 5), (0, 7), (1, 4), (1, 7), (2, 1), (2, 3), (2, 6), (3, 4), (3, 6), (3, 7), (4, 7), (5, 1), (5, 2), (5, 3), (5, 4), (5, 7), (6, 1), (6, 4), (6, 7)], [(0, 5), (0, 7), (1, 2), (3, 2), (3, 4), (3, 7), (4, 5), (5, 2), (6, 4), (7, 6)], [(0, 7), (1, 2), (2, 3), (2, 5), (3, 7), (4, 3), (4, 6), (5, 0), (5, 4), (5, 7), (7, 6)], [(1, 0), (0, 4), (0, 5), (0, 7), (1, 2), (3, 1), (1, 4), (1, 5), (1, 6), (1, 7), (3, 2), (5, 2), (2, 6), (2, 7), (3, 4), (3, 5), (3, 6), (3, 7), (5, 4), (6, 4), (7, 4), (5, 6), (5, 7)], [(5, 0), (0, 7), (2, 1), (2, 3), (5, 2), (4, 3), (3, 7), (5, 4), (4, 6), (7, 6)], [(0, 3), (0, 4), (0, 5), (0, 6), (0, 7), (1, 0), (1, 2), (1, 3), (1, 4), (1, 5), (1, 7), (3, 2), (3, 4), (3, 5), (5, 2), (5, 4), (6, 2), (6, 4), (6, 5), (7, 3), (7, 4), (7, 5), (7, 6)]], [[(0, 2), (0, 7), (1, 0), (1, 2), (1, 3), (1, 4), (1, 6), (1, 7), (2, 7), (3, 0), (3, 2), (3, 7), (4, 2), (4, 3), (4, 7), (5, 0), (5, 2), (5, 3), (5, 4), (5, 7), (6, 0), (6, 2), (6, 4), (6, 7)], [(0, 1), (0, 7), (1, 2), (1, 4), (2, 5), (3, 0), (3, 4), (3, 7), (4, 5), (5, 7), (6, 1), (6, 4)], [(0, 1), (0, 3), (1, 2), (1, 4), (1, 6), (2, 5), (2, 7), (3, 4), (3, 7), (4, 5), (4, 6), (5, 7)], [(1, 0), (0, 2), (3, 0), (0, 5), (6, 0), (1, 2), (3, 1), (1, 4), (1, 5), (6, 1), (7, 1), (3, 2), (4, 2), (5, 2), (6, 2), (7, 2), (3, 4), (3, 5), (3, 6), (7, 3), (5, 4), (6, 4), (7, 4), (6, 5), (7, 5)], [(0, 1), (3, 0), (0, 7), (1, 2), (1, 4), (1, 6), (2, 5), (3, 4), (3, 7), (4, 5), (4, 6), (5, 7)], [(0, 1), (0, 4), (0, 6), (1, 4), (2, 0), (2, 1), (2, 4), (2, 5), (2, 6), (3, 0), (3, 1), (3, 2), (3, 4), (3, 5), (3, 6), (5, 0), (5, 4), (5, 6), (6, 1), (6, 4), (7, 0), (7, 1), (7, 2), (7, 3), (7, 4), (7, 5), (7, 6)]], [[(0, 2), (2, 1), (3, 0), (3, 1), (3, 2), (3, 4), (3, 6), (3, 7), (4, 0), (4, 1), (4, 5), (4, 6), (4, 7), (5, 1), (5, 2), (5, 6), (6, 0), (6, 1), (6, 2), (7, 0), (7, 1), (7, 5), (7, 6)], [(0, 6), (0, 7), (2, 1), (2, 3), (2, 5), (3, 0), (3, 7), (4, 1), (4, 6), (4, 7), (5, 6), (5, 7), (6, 1)], [(0, 3), (0, 7), (1, 2), (1, 4), (1, 5), (1, 6), (3, 2), (4, 5), (4, 7), (5, 2), (5, 7), (6, 0), (6, 4), (6, 5), (7, 3)], [(1, 0), (0, 2), (0, 3), (0, 4), (0, 6), (0, 7), (1, 2), (1, 3), (1, 4), (5, 1), (1, 6), (3, 2), (5, 2), (2, 6), (4, 3), (3, 6), (3, 7), (5, 4), (4, 6), (4, 7), (5, 6), (5, 7), (6, 7)], [(0, 3), (0, 6), (0, 7), (1, 2), (4, 1), (6, 1), (3, 2), (5, 2), (7, 3), (4, 6), (4, 7), (5, 6), (5, 7)], [(0, 3), (1, 0), (1, 2), (1, 3), (1, 4), (1, 6), (2, 0), (2, 3), (4, 0), (5, 0), (5, 2), (5, 3), (5, 4), (5, 7), (6, 0), (6, 2), (6, 4), (6, 5), (6, 7), (7, 0), (7, 2), (7, 3), (7, 4)]], [[(0, 1), (0, 2), (2, 6), (3, 0), (3, 1), (3, 2), (3, 5), (3, 6), (4, 0), (4, 1), (4, 5), (4, 6), (4, 7), (5, 1), (5, 2), (5, 6), (6, 1), (7, 1), (7, 2), (7, 5), (7, 6)], [(0, 1), (0, 2), (0, 4), (2, 1), (3, 6), (4, 6), (4, 7), (5, 3), (5, 6), (7, 2)], [(0, 1), (0, 2), (0, 3), (0, 4), (1, 5), (2, 1), (3, 6), (4, 5), (4, 6), (4, 7), (7, 2), (7, 6)], [(0, 1), (0, 2), (4, 0), (0, 5), (6, 0), (0, 7), (1, 2), (3, 1), (1, 5), (1, 7), (3, 2), (4, 2), (2, 5), (6, 2), (7, 2), (3, 6), (3, 7), (4, 5), (4, 6), (4, 7), (6, 5), (7, 5), (6, 7)], [(0, 1), (0, 2), (4, 0), (2, 1), (7, 2), (5, 3), (3, 6), (4, 6), (7, 4), (5, 6)], [(0, 3), (0, 4), (0, 5), (0, 6), (1, 0), (1, 2), (1, 3), (1, 4), (1, 5), (1, 6), (1, 7), (2, 0), (2, 3), (2, 4), (2, 5), (2, 6), (2, 7), (3, 4), (3, 6), (3, 7), (4, 7), (5, 4), (5, 6), (5, 7), (6, 4), (6, 7)]], [[(0, 2), (0, 3), (1, 0), (1, 3), (1, 5), (1, 6), (2, 3), (4, 0), (4, 2), (4, 3), (4, 5), (4, 6), (4, 7), (5, 0), (5, 2), (5, 3), (5, 6), (6, 2), (6, 3), (7, 0), (7, 3), (7, 6)], [(0, 3), (1, 0), (1, 3), (2, 3), (2, 4), (2, 6), (4, 5), (5, 6), (7, 0), (7, 4), (7, 6)], [(0, 3), (1, 0), (1, 3), (2, 4), (2, 6), (2, 7), (4, 5), (4, 6), (5, 6), (6, 3), (7, 0), (7, 6)], [(0, 1), (0, 3), (0, 4), (0, 5), (0, 6), (0, 7), (3, 1), (1, 5), (6, 1), (7, 1), (2, 3), (2, 4), (2, 5), (2, 6), (2, 7), (4, 3), (3, 5), (4, 5), (6, 4), (7, 4), (6, 5), (7, 5), (7, 6)], [(1, 0), (3, 0), (0, 7), (1, 3), (2, 3), (4, 2), (6, 2), (4, 5), (4, 7), (6, 5), (6, 7)], [(0, 2), (0, 4), (1, 0), (1, 2), (1, 3), (1, 5), (1, 6), (1, 7), (3, 0), (3, 2), (3, 4), (3, 5), (3, 6), (3, 7), (4, 2), (4, 5), (5, 2), (6, 2), (6, 5), (7, 0), (7, 4), (7, 5), (7, 6)]], [[(0, 2), (0, 3), (1, 0), (1, 2), (1, 3), (1, 4), (1, 5), (1, 6), (3, 2), (4, 2), (4, 3), (4, 5), (4, 6), (4, 7), (5, 2), (5, 3), (5, 6), (6, 0), (6, 3), (7, 0), (7, 2), (7, 3), (7, 5), (7, 6)], [(0, 2), (1, 0), (1, 3), (1, 5), (2, 5), (2, 7), (3, 0), (4, 1), (4, 7), (6, 3)], [(0, 1), (0, 2), (0, 3), (0, 5), (1, 3), (1, 5), (2, 5), (3, 6), (4, 1), (4, 2), (4, 7), (7, 2)], [(0, 1), (0, 2), (3, 0), (0, 5), (6, 0), (2, 1), (3, 1), (1, 4), (5, 1), (6, 1), (1, 7), (3, 2), (2, 4), (2, 5), (2, 7), (3, 4), (6, 3), (3, 7), (5, 4), (7, 4), (6, 5), (5, 7), (6, 7)], [(1, 0), (2, 0), (0, 3), (1, 3), (4, 1), (1, 5), (2, 5), (2, 7), (3, 6), (4, 7)], [(0, 2), (0, 3), (0, 7), (1, 0), (1, 2), (1, 3), (1, 4), (1, 7), (3, 2), (3, 7), (4, 2), (4, 7), (5, 1), (5, 2), (5, 3), (5, 6), (5, 7), (6, 0), (6, 1), (6, 3), (6, 4), (6, 7), (7, 2)]], [[(0, 1), (0, 2), (0, 3), (0, 6), (1, 2), (1, 3), (1, 5), (1, 6), (2, 3), (4, 0), (4, 2), (4, 3), (4, 5), (5, 3), (6, 2), (6, 3), (6, 5), (7, 0), (7, 3), (7, 5), (7, 6)], [(0, 6), (1, 2), (2, 6), (4, 0), (4, 3), (5, 6), (7, 3), (7, 6)], [(0, 4), (1, 2), (1, 5), (4, 3), (5, 6), (5, 7), (6, 0), (6, 2), (6, 7), (7, 0), (7, 3)], [(1, 0), (3, 0), (0, 5), (0, 6), (7, 0), (1, 2), (1, 4), (1, 5), (1, 6), (2, 4), (6, 2), (3, 4), (3, 5), (3, 6), (7, 3), (5, 4), (7, 4), (5, 6), (7, 6)], [(0, 4), (0, 6), (2, 1), (6, 2), (4, 3), (7, 3), (6, 5), (7, 6)], [(0, 3), (0, 6), (1, 2), (1, 3), (1, 5), (1, 6), (1, 7), (2, 3), (2, 6), (2, 7), (3, 6), (4, 0), (4, 3), (4, 7), (5, 0), (5, 2), (5, 3), (5, 4), (5, 6), (5, 7), (7, 3), (7, 6)]], [[(0, 1), (2, 0), (2, 1), (2, 3), (2, 5), (2, 7), (3, 0), (3, 1), (3, 6), (3, 7), (4, 0), (4, 3), (4, 5), (4, 7), (5, 1), (6, 0), (6, 1), (6, 5), (7, 1), (7, 5), (7, 6)], [(1, 0), (1, 2), (1, 6), (2, 0), (2, 5), (2, 7), (3, 5), (3, 7), (4, 5), (4, 7), (6, 7)], [(0, 1), (0, 2), (2, 1), (2, 5), (2, 7), (3, 7), (4, 5), (4, 7), (6, 1), (7, 6)], [(0, 1), (0, 2), (0, 3), (0, 4), (5, 0), (6, 0), (1, 2), (1, 3), (1, 4), (6, 1), (1, 7), (2, 4), (5, 2), (6, 2), (2, 7), (3, 4), (5, 3), (6, 3), (3, 7), (5, 4), (4, 7), (5, 7), (6, 7)], [(1, 0), (2, 0), (2, 1), (6, 1), (2, 5), (2, 7), (5, 3), (3, 7), (4, 5), (4, 7), (7, 6)], [(0, 2), (1, 0), (1, 2), (1, 3), (1, 4), (1, 5), (1, 6), (1, 7), (3, 0), (3, 2), (3, 6), (3, 7), (4, 6), (4, 7), (5, 0), (5, 2), (5, 3), (5, 4), (5, 6), (5, 7), (7, 0), (7, 2), (7, 6)]], [[(0, 6), (1, 0), (1, 3), (1, 4), (1, 5), (1, 6), (2, 0), (3, 0), (3, 2), (3, 4), (3, 6), (3, 7), (4, 0), (4, 2), (4, 5), (4, 6), (5, 6), (7, 0), (7, 2), (7, 4), (7, 5)], [(1, 6), (2, 6), (2, 7), (3, 1), (3, 2), (3, 7), (4, 0), (4, 1), (4, 3), (4, 7), (5, 1)], [(1, 5), (1, 6), (3, 2), (3, 4), (3, 7), (4, 0), (4, 1), (4, 5), (4, 7), (5, 7), (7, 2)], [(1, 0), (2, 0), (0, 3), (0, 4), (0, 5), (0, 7), (2, 1), (1, 3), (1, 4), (1, 5), (6, 1), (2, 3), (2, 4), (2, 5), (6, 2), (2, 7), (6, 3), (7, 3), (6, 4), (7, 4), (6, 5), (7, 5), (6, 7)], [(4, 0), (3, 1), (4, 1), (1, 5), (1, 6), (2, 3), (2, 6), (7, 2), (4, 3), (7, 3), (7, 4)], [(0, 1), (0, 4), (0, 5), (2, 0), (2, 1), (2, 3), (2, 5), (2, 7), (3, 0), (3, 1), (3, 4), (3, 5), (3, 7), (4, 1), (4, 5), (5, 1), (6, 0), (6, 1), (6, 2), (6, 3), (6, 4), (6, 5), (7, 0), (7, 1), (7, 4), (7, 5)]], [[(0, 1), (0, 3), (0, 4), (0, 5), (0, 7), (1, 4), (1, 6), (1, 7), (2, 4), (2, 5), (2, 6), (2, 7), (3, 1), (3, 2), (3, 5), (3, 6), (3, 7), (5, 1), (5, 4), (5, 7), (6, 4), (6, 7), (7, 4)], [(0, 4), (0, 5), (1, 0), (2, 5), (3, 2), (3, 7), (4, 3), (4, 7), (6, 4), (6, 7)], [(0, 1), (0, 4), (0, 5), (2, 3), (2, 5), (4, 7), (5, 7), (6, 3), (6, 4), (6, 7), (7, 3)], [(0, 1), (2, 0), (0, 3), (0, 4), (5, 0), (0, 6), (3, 1), (1, 4), (7, 1), (2, 3), (2, 4), (2, 5), (2, 6), (3, 4), (5, 3), (3, 6), (7, 3), (6, 4), (7, 4), (7, 5), (7, 6)], [(0, 1), (0, 4), (0, 5), (3, 2), (5, 2), (4, 3), (3, 7), (6, 4), (4, 7), (6, 7)], [(0, 7), (1, 0), (1, 3), (1, 7), (2, 0), (2, 3), (2, 4), (2, 6), (2, 7), (3, 7), (4, 0), (4, 1), (4, 3), (4, 6), (4, 7), (5, 0), (5, 2), (5, 3), (5, 4), (5, 6), (6, 0), (6, 1), (6, 3), (6, 7)]], [[(0, 2), (0, 5), (1, 0), (1, 2), (1, 5), (1, 6), (1, 7), (3, 0), (3, 2), (3, 5), (4, 0), (4, 3), (4, 6), (5, 2), (6, 0), (6, 2), (6, 3), (6, 5), (7, 0), (7, 3), (7, 4), (7, 5), (7, 6)], [(0, 2), (0, 4), (0, 6), (1, 2), (3, 6), (3, 7), (4, 7), (5, 0), (5, 4), (6, 1), (6, 2)], [(0, 2), (0, 4), (0, 5), (1, 2), (1, 6), (3, 7), (4, 5), (6, 0), (6, 2), (6, 3), (7, 4)], [(0, 1), (0, 2), (0, 4), (0, 5), (0, 6), (0, 7), (2, 1), (3, 1), (1, 4), (1, 5), (1, 7), (3, 2), (2, 4), (2, 5), (2, 6), (3, 5), (3, 6), (3, 7), (4, 5), (4, 6), (4, 7), (5, 6), (5, 7), (6, 7)], [(0, 2), (0, 4), (0, 5), (0, 6), (1, 2), (6, 1), (6, 2), (3, 6), (7, 3), (4, 5), (7, 4)], [(1, 0), (1, 2), (1, 4), (1, 5), (1, 6), (1, 7), (2, 0), (2, 4), (2, 5), (2, 6), (2, 7), (3, 0), (3, 1), (3, 2), (3, 4), (3, 5), (3, 6), (3, 7), (4, 0), (4, 5), (4, 6), (5, 0), (6, 0), (6, 5), (7, 0), (7, 4), (7, 5)]], [[(0, 1), (0, 2), (0, 3), (0, 4), (0, 5), (0, 6), (1, 2), (1, 3), (1, 4), (1, 5), (1, 6), (1, 7), (2, 5), (2, 6), (3, 4), (3, 5), (5, 4), (6, 3), (6, 4), (6, 5), (7, 2), (7, 3), (7, 4), (7, 5)], [(0, 1), (0, 6), (1, 5), (1, 7), (2, 1), (2, 6), (2, 7), (3, 0), (3, 4), (4, 5), (4, 7), (6, 4)], [(0, 1), (0, 3), (0, 6), (1, 2), (1, 5), (1, 6), (1, 7), (3, 2), (3, 4), (4, 5), (4, 6), (5, 6), (6, 2), (7, 2), (7, 4)], [(0, 1), (0, 3), (0, 4), (0, 5), (0, 6), (2, 1), (4, 1), (5, 1), (6, 1), (1, 7), (2, 5), (2, 6), (2, 7), (4, 3), (7, 3), (4, 5), (6, 4), (4, 7), (6, 7)], [(1, 0), (3, 0), (6, 0), (2, 1), (1, 5), (7, 1), (6, 2), (7, 2), (3, 4), (4, 5), (4, 6), (7, 4)], [(0, 1), (0, 3), (0, 4), (0, 6), (1, 4), (2, 1), (2, 5), (4, 3), (5, 1), (5, 4), (6, 1), (6, 2), (6, 4), (6, 5), (7, 1), (7, 2), (7, 3), (7, 4), (7, 5), (7, 6)]], [[(0, 1), (0, 2), (0, 3), (0, 4), (0, 6), (0, 7), (1, 6), (2, 1), (2, 6), (3, 1), (3, 2), (3, 4), (3, 6), (3, 7), (4, 1), (4, 2), (4, 5), (4, 6), (5, 1), (5, 2), (5, 6), (5, 7), (7, 2), (7, 6)], [(0, 2), (0, 4), (0, 7), (1, 0), (1, 3), (1, 7), (2, 4), (2, 6), (3, 6), (4, 5), (5, 7), (6, 4)], [(0, 2), (0, 4), (0, 7), (1, 5), (2, 1), (2, 4), (3, 1), (3, 6), (4, 5), (5, 7)], [(1, 0), (0, 2), (0, 3), (0, 4), (5, 0), (0, 6), (7, 0), (1, 2), (1, 3), (1, 4), (1, 6), (1, 7), (2, 3), (2, 4), (5, 2), (6, 2), (7, 2), (4, 3), (5, 3), (6, 3), (7, 3), (5, 4), (6, 4), (5, 6), (5, 7)], [(1, 0), (0, 2), (0, 4), (0, 7), (3, 1), (1, 7), (4, 2), (6, 2), (6, 3), (4, 5), (6, 4), (5, 7)], [(0, 4), (0, 6), (0, 7), (1, 2), (1, 4), (1, 5), (1, 6), (2, 0), (2, 4), (2, 5), (2, 6), (2, 7), (3, 0), (3, 1), (3, 2), (3, 4), (3, 5), (3, 6), (4, 5), (4, 6), (4, 7), (5, 6), (5, 7), (7, 6)]], [[(0, 1), (0, 2), (0, 3), (0, 6), (0, 7), (1, 2), (1, 3), (1, 4), (1, 7), (2, 7), (3, 2), (3, 7), (4, 3), (4, 7), (5, 1), (5, 3), (5, 7), (6, 2), (6, 3), (6, 4), (6, 5), (6, 7)], [(1, 0), (2, 3), (2, 6), (4, 1), (4, 3), (5, 1), (6, 5), (7, 0), (7, 2), (7, 5)], [(1, 0), (1, 5), (2, 0), (2, 3), (2, 7), (3, 4), (4, 1), (5, 6), (7, 0), (7, 5)], [(1, 0), (0, 2), (0, 4), (0, 5), (0, 7), (3, 1), (1, 4), (1, 5), (1, 6), (1, 7), (3, 2), (2, 5), (2, 6), (2, 7), (3, 4), (3, 5), (3, 6), (3, 7), (5, 4), (6, 4), (4, 7), (5, 6), (5, 7), (6, 7)], [(0, 1), (0, 7), (1, 4), (5, 1), (3, 2), (2, 6), (2, 7), (4, 3), (5, 6), (5, 7)], [(0, 1), (0, 2), (0, 3), (0, 4), (0, 5), (0, 6), (0, 7), (2, 3), (2, 5), (2, 6), (3, 1), (3, 4), (3, 5), (3, 6), (4, 5), (4, 6), (5, 1), (6, 1), (6, 5), (7, 1), (7, 2), (7, 5), (7, 6)]], [[(0, 3), (0, 4), (0, 5), (0, 7), (1, 2), (1, 4), (3, 1), (4, 2), (5, 2), (5, 3), (5, 4), (6, 2), (6, 3), (6, 4), (6, 7), (7, 1), (7, 2), (7, 3), (7, 4), (7, 5)], [(0, 3), (0, 7), (1, 2), (1, 3), (2, 5), (2, 6), (2, 7), (3, 6), (4, 6), (4, 7), (5, 0), (5, 3), (7, 3)], [(1, 2), (1, 3), (2, 6), (3, 0), (3, 5), (3, 6), (3, 7), (5, 0), (5, 2), (5, 7), (6, 4), (7, 0), (7, 2), (7, 4)], [(0, 1), (0, 3), (0, 5), (0, 7), (1, 2), (3, 1), (4, 1), (1, 5), (7, 1), (4, 2), (5, 2), (6, 2), (7, 2), (3, 5), (6, 3), (7, 3), (4, 5), (6, 4), (7, 4), (6, 5), (7, 5), (6, 7)], [(3, 0), (5, 0), (7, 0), (1, 2), (3, 1), (5, 2), (2, 6), (7, 2), (5, 3), (3, 6), (7, 3), (6, 4), (7, 4)], [(0, 1), (0, 2), (0, 3), (0, 4), (0, 5), (0, 6), (0, 7), (1, 2), (1, 3), (1, 4), (1, 6), (1, 7), (2, 3), (2, 6), (2, 7), (3, 6), (3, 7), (4, 3), (4, 6), (4, 7), (5, 2), (5, 6), (5, 7), (7, 6)]], [[(1, 0), (1, 5), (2, 0), (2, 1), (2, 3), (2, 6), (3, 0), (3, 1), (3, 5), (4, 0), (4, 3), (4, 7), (5, 0), (6, 0), (6, 3), (6, 5), (6, 7), (7, 0), (7, 1), (7, 3), (7, 5)], [(0, 2), (0, 3), (1, 3), (1, 7), (4, 7), (5, 3), (5, 4), (5, 7), (6, 0), (6, 2), (7, 3)], [(0, 2), (0, 6), (1, 0), (1, 3), (1, 7), (2, 6), (3, 0), (3, 5), (3, 7), (5, 4), (5, 7), (7, 4)], [(1, 0), (0, 2), (0, 3), (0, 4), (0, 7), (1, 3), (1, 4), (5, 1), (1, 7), (2, 3), (4, 2), (5, 2), (2, 6), (2, 7), (4, 3), (5, 3), (3, 6), (3, 7), (5, 4), (4, 6), (4, 7), (5, 6), (5, 7), (6, 7)], [(0, 2), (3, 0), (0, 6), (3, 1), (1, 7), (6, 2), (5, 3), (3, 7), (5, 4), (7, 4), (5, 7)], [(0, 3), (0, 6), (0, 7), (1, 0), (1, 3), (1, 6), (1, 7), (2, 0), (2, 1), (2, 3), (2, 5), (2, 6), (2, 7), (4, 1), (4, 3), (4, 5), (4, 7), (5, 1), (5, 3), (5, 6), (5, 7), (6, 3), (7, 3), (7, 6)]], [[(0, 1), (0, 3), (0, 4), (0, 5), (0, 6), (0, 7), (2, 3), (3, 1), (4, 1), (4, 2), (4, 3), (5, 1), (5, 3), (5, 4), (5, 7), (6, 1), (6, 2), (6, 3), (6, 4), (7, 2), (7, 3), (7, 4), (7, 6)], [(0, 3), (0, 6), (1, 3), (2, 4), (2, 6), (3, 2), (3, 6), (4, 7), (5, 0), (5, 4), (6, 7)], [(0, 5), (0, 7), (1, 3), (3, 0), (3, 2), (3, 6), (4, 2), (4, 7), (5, 4), (6, 0), (6, 2), (6, 7)], [(2, 0), (0, 3), (4, 0), (0, 5), (0, 6), (0, 7), (1, 2), (1, 3), (1, 5), (1, 6), (2, 3), (4, 2), (2, 5), (2, 6), (2, 7), (5, 3), (3, 6), (3, 7), (4, 5), (4, 6), (4, 7), (5, 6), (5, 7), (6, 7)], [(0, 3), (5, 0), (0, 6), (3, 1), (2, 3), (4, 2), (6, 2), (6, 3), (4, 5), (7, 4), (7, 6)], [(1, 0), (1, 3), (1, 7), (2, 6), (3, 0), (3, 2), (3, 6), (4, 0), (4, 1), (4, 2), (4, 3), (4, 5), (4, 6), (4, 7), (5, 0), (5, 1), (5, 2), (5, 3), (5, 6), (5, 7), (6, 0), (7, 0), (7, 3), (7, 6)]], [[(0, 6), (0, 7), (1, 0), (1, 2), (1, 5), (1, 6), (2, 0), (2, 3), (2, 6), (2, 7), (3, 0), (3, 6), (3, 7), (4, 0), (4, 2), (4, 3), (4, 6), (4, 7), (5, 0), (5, 2), (5, 3), (5, 4), (5, 6), (7, 6)], [(0, 4), (0, 5), (1, 2), (1, 6), (2, 4), (3, 2), (3, 5), (3, 6), (4, 6), (5, 6), (7, 3), (7, 4)], [(0, 4), (0, 5), (1, 2), (1, 6), (2, 3), (3, 5), (3, 6), (3, 7), (5, 6), (6, 4), (7, 4)], [(1, 0), (0, 2), (0, 4), (0, 5), (6, 0), (7, 0), (1, 2), (1, 3), (1, 4), (1, 5), (3, 2), (2, 5), (6, 2), (3, 4), (3, 5), (3, 6), (7, 3), (6, 4), (7, 4), (6, 5), (7, 5), (7, 6)], [(0, 4), (0, 5), (1, 2), (1, 6), (2, 3), (4, 2), (3, 5), (3, 6), (7, 3), (4, 6), (7, 4), (5, 6)], [(1, 0), (1, 2), (1, 3), (1, 4), (1, 6), (1, 7), (2, 0), (2, 3), (2, 4), (3, 0), (4, 0), (5, 0), (5, 1), (5, 3), (5, 4), (5, 6), (5, 7), (6, 0), (6, 3), (6, 4), (6, 7), (7, 0), (7, 2), (7, 3), (7, 4)]], [[(0, 1), (0, 4), (2, 1), (3, 1), (3, 2), (3, 4), (3, 5), (3, 6), (4, 2), (5, 0), (5, 1), (5, 2), (5, 4), (6, 0), (6, 1), (6, 2), (6, 4), (6, 7), (7, 1), (7, 2), (7, 4), (7, 5)], [(1, 3), (2, 1), (2, 4), (2, 7), (3, 6), (4, 5), (4, 6), (5, 1), (5, 7), (6, 0), (7, 1)], [(0, 6), (1, 2), (1, 3), (1, 5), (1, 7), (2, 4), (2, 7), (4, 5), (6, 3), (6, 4)], [(0, 1), (0, 3), (0, 4), (0, 6), (2, 1), (3, 1), (5, 1), (6, 1), (7, 1), (3, 2), (4, 2), (5, 2), (6, 2), (7, 2), (5, 3), (3, 6), (3, 7), (5, 4), (4, 6), (4, 7), (5, 6), (5, 7), (6, 7)], [(6, 0), (2, 1), (3, 1), (1, 5), (1, 7), (4, 2), (2, 7), (3, 6), (4, 5), (4, 6), (5, 7)], [(0, 2), (0, 3), (0, 4), (0, 6), (1, 2), (1, 3), (1, 4), (1, 6), (1, 7), (2, 3), (2, 4), (2, 6), (2, 7), (3, 6), (4, 6), (5, 1), (5, 2), (5, 3), (5, 4), (5, 6), (5, 7), (7, 3), (7, 6)]], [[(0, 7), (1, 0), (1, 2), (1, 3), (1, 5), (1, 6), (1, 7), (2, 0), (2, 3), (2, 4), (2, 6), (2, 7), (4, 6), (4, 7), (5, 0), (5, 4), (5, 6), (6, 0), (6, 3), (6, 7), (7, 3)], [(0, 3), (0, 6), (2, 3), (2, 4), (4, 6), (5, 1), (7, 0), (7, 3)], [(0, 5), (0, 6), (0, 7), (2, 3), (3, 1), (4, 2), (4, 7), (5, 1), (6, 3), (6, 4), (7, 3)], [(0, 1), (2, 0), (0, 3), (0, 5), (0, 6), (0, 7), (3, 1), (4, 1), (5, 1), (1, 6), (7, 1), (2, 3), (4, 2), (2, 5), (2, 6), (2, 7), (4, 3), (3, 6), (3, 7), (4, 5), (4, 6), (4, 7), (5, 6), (5, 7), (7, 6)], [(0, 3), (6, 0), (0, 7), (5, 1), (2, 3), (4, 2), (3, 7), (6, 4)], [(0, 6), (0, 7), (1, 0), (1, 2), (1, 3), (1, 5), (1, 6), (1, 7), (2, 0), (2, 3), (2, 6), (2, 7), (3, 0), (3, 7), (4, 0), (4, 1), (4, 2), (4, 5), (4, 6), (4, 7), (5, 0), (5, 2), (5, 3), (5, 6), (6, 7)]], [[(0, 2), (0, 3), (0, 4), (1, 3), (1, 4), (1, 5), (3, 2), (3, 4), (4, 2), (5, 2), (5, 3), (5, 4), (6, 0), (6, 1), (6, 2), (6, 3), (6, 4), (6, 5), (7, 0), (7, 1), (7, 2), (7, 3)], [(0, 2), (0, 6), (0, 7), (1, 7), (2, 5), (2, 7), (3, 7), (4, 1), (4, 5), (4, 6), (5, 3), (6, 1)], [(0, 2), (1, 2), (1, 4), (3, 5), (3, 7), (5, 2), (5, 4), (6, 0), (6, 1), (6, 4), (7, 0), (7, 1), (7, 2)], [(0, 1), (0, 2), (5, 0), (0, 6), (0, 7), (1, 3), (1, 4), (1, 6), (1, 7), (2, 3), (4, 2), (5, 2), (2, 7), (4, 3), (5, 3), (3, 7), (5, 4), (6, 4), (4, 7), (5, 6), (5, 7), (6, 7)], [(0, 2), (6, 0), (0, 7), (1, 4), (6, 1), (1, 7), (5, 2), (2, 7), (5, 3), (3, 7), (5, 4), (6, 4)], [(0, 2), (0, 6), (1, 4), (2, 1), (2, 4), (2, 6), (3, 0), (3, 1), (3, 2), (3, 4), (5, 0), (5, 2), (5, 3), (5, 4), (5, 6), (6, 1), (6, 4), (7, 0), (7, 1), (7, 2), (7, 3), (7, 4), (7, 6)]], [[(0, 4), (0, 5), (0, 6), (0, 7), (1, 6), (2, 1), (2, 6), (3, 2), (3, 4), (3, 6), (3, 7), (4, 1), (4, 2), (4, 6), (5, 1), (5, 4), (5, 6), (7, 2), (7, 4), (7, 5), (7, 6)], [(0, 5), (1, 2), (1, 4), (1, 6), (2, 3), (2, 7), (3, 6), (4, 5), (4, 7), (5, 7)], [(1, 2), (1, 4), (1, 6), (2, 3), (2, 7), (4, 5), (4, 7), (5, 0), (6, 3), (7, 5)], [(0, 1), (0, 3), (4, 0), (0, 5), (0, 7), (2, 1), (1, 3), (4, 1), (1, 5), (6, 1), (2, 3), (4, 2), (7, 2), (5, 3), (6, 3), (7, 3), (4, 5), (6, 4), (4, 7), (6, 5), (7, 5), (6, 7)], [(5, 0), (2, 1), (4, 1), (6, 1), (2, 3), (2, 7), (6, 3), (4, 5), (4, 7), (7, 5)], [(0, 2), (0, 4), (0, 5), (0, 6), (0, 7), (1, 2), (1, 3), (1, 4), (1, 5), (1, 6), (1, 7), (2, 4), (3, 2), (3, 5), (3, 6), (3, 7), (5, 2), (5, 4), (5, 7), (6, 4), (6, 5), (6, 7), (7, 2), (7, 4)]], [[(0, 1), (0, 4), (0, 7), (1, 2), (1, 3), (1, 4), (1, 5), (2, 3), (2, 4), (2, 5), (3, 4), (5, 4), (6, 2), (6, 4), (6, 5), (6, 7), (7, 1), (7, 2), (7, 5)], [(0, 1), (0, 7), (1, 2), (1, 4), (2, 6), (2, 7), (3, 1), (3, 4), (4, 5), (5, 6), (5, 7)], [(0, 1), (0, 7), (1, 2), (1, 3), (1, 4), (2, 3), (2, 6), (2, 7), (3, 4), (5, 1), (5, 4), (5, 6), (5, 7)], [(0, 1), (2, 0), (0, 4), (0, 6), (0, 7), (2, 1), (1, 3), (1, 4), (5, 1), (7, 1), (2, 3), (2, 4), (5, 2), (2, 6), (2, 7), (3, 4), (3, 6), (5, 4), (4, 6), (5, 6), (5, 7)], [(1, 0), (0, 7), (2, 1), (1, 3), (1, 4), (2, 6), (2, 7), (3, 4), (5, 4), (5, 6), (5, 7)], [(0, 1), (0, 2), (0, 3), (0, 6), (0, 7), (2, 1), (2, 6), (3, 1), (3, 6), (3, 7), (4, 0), (4, 1), (4, 3), (4, 6), (4, 7), (5, 1), (5, 2), (5, 4), (5, 6), (5, 7), (7, 1), (7, 2)]], [[(2, 0), (2, 1), (2, 7), (3, 0), (3, 2), (3, 4), (3, 5), (3, 7), (4, 0), (4, 1), (4, 2), (4, 5), (4, 6), (4, 7), (5, 1), (5, 2), (5, 7), (6, 2), (6, 7), (7, 1)], [(0, 2), (0, 4), (1, 0), (1, 2), (1, 4), (2, 5), (2, 6), (3, 4), (3, 7), (4, 6), (5, 3), (5, 7), (6, 7)], [(0, 2), (0, 4), (2, 1), (3, 7), (4, 1), (4, 3), (5, 3), (5, 7), (6, 1), (6, 2), (6, 4), (6, 7)], [(1, 0), (0, 2), (3, 0), (0, 4), (1, 2), (3, 1), (1, 4), (5, 1), (1, 7), (3, 2), (2, 4), (5, 2), (2, 6), (2, 7), (3, 4), (5, 3), (3, 6), (3, 7), (4, 6), (4, 7), (5, 7), (7, 6)], [(1, 0), (2, 0), (4, 0), (2, 1), (4, 1), (2, 5), (2, 6), (4, 3), (5, 3), (3, 7), (4, 6), (5, 7), (6, 7)], [(2, 0), (2, 1), (2, 4), (2, 5), (2, 6), (2, 7), (3, 0), (3, 4), (4, 0), (4, 1), (5, 1), (5, 3), (5, 4), (5, 7), (6, 3), (6, 4), (6, 7), (7, 1), (7, 3), (7, 4)]], [[(0, 1), (0, 3), (0, 4), (0, 5), (0, 6), (1, 2), (1, 5), (1, 6), (1, 7), (2, 3), (2, 4), (2, 5), (2, 6), (2, 7), (3, 4), (3, 5), (3, 6), (3, 7), (4, 5), (4, 7), (6, 7), (7, 5)], [(0, 3), (0, 6), (1, 0), (1, 6), (1, 7), (2, 3), (2, 5), (2, 6), (2, 7), (3, 7), (4, 2), (4, 5)], [(0, 1), (0, 3), (0, 6), (1, 7), (2, 3), (2, 4), (2, 5), (2, 6), (2, 7), (3, 7), (5, 4), (6, 1)], [(1, 0), (0, 3), (0, 5), (0, 6), (0, 7), (1, 2), (1, 3), (4, 1), (1, 5), (1, 6), (1, 7), (3, 2), (4, 2), (5, 2), (6, 2), (7, 2), (4, 3), (3, 5), (3, 7), (4, 5), (4, 6), (5, 6), (7, 5), (7, 6)], [(0, 1), (3, 0), (0, 6), (6, 1), (1, 7), (3, 2), (4, 2), (2, 5), (2, 6), (2, 7), (3, 7), (4, 5)], [(1, 0), (1, 2), (1, 4), (1, 6), (1, 7), (2, 4), (2, 7), (3, 0), (3, 2), (3, 4), (3, 7), (4, 0), (5, 0), (5, 2), (5, 3), (5, 4), (5, 7), (6, 0), (6, 2), (6, 4), (6, 5), (7, 4)]], [[(0, 1), (0, 2), (0, 3), (0, 4), (0, 5), (0, 6), (0, 7), (1, 4), (1, 7), (2, 1), (2, 4), (2, 7), (3, 1), (3, 2), (3, 6), (3, 7), (5, 2), (5, 4), (5, 7), (6, 1), (6, 2), (6, 4), (6, 5), (6, 7), (7, 4)], [(0, 4), (1, 3), (1, 6), (2, 3), (2, 4), (4, 7), (5, 1), (5, 2), (6, 7), (7, 3)], [(1, 3), (1, 6), (3, 2), (3, 6), (4, 0), (4, 2), (4, 7), (7, 0), (7, 3), (7, 6)], [(0, 1), (2, 0), (4, 0), (0, 5), (0, 6), (0, 7), (2, 1), (1, 3), (1, 5), (1, 6), (1, 7), (2, 3), (4, 2), (2, 6), (2, 7), (4, 3), (3, 5), (3, 6), (3, 7), (4, 5), (4, 6), (4, 7), (5, 7), (7, 6)], [(4, 0), (3, 1), (1, 5), (6, 1), (3, 2), (2, 4), (5, 2), (7, 3), (7, 4), (7, 6)], [(0, 1), (2, 0), (2, 1), (2, 3), (2, 4), (2, 5), (2, 6), (2, 7), (3, 0), (3, 1), (3, 4), (3, 5), (3, 7), (4, 0), (4, 1), (4, 5), (4, 6), (4, 7), (5, 0), (5, 1), (5, 6), (5, 7), (6, 0), (6, 1), (7, 0), (7, 6)]], [[(0, 1), (0, 2), (0, 4), (0, 5), (0, 7), (1, 2), (3, 2), (3, 4), (3, 5), (3, 6), (3, 7), (4, 1), (4, 2), (4, 5), (4, 6), (5, 1), (5, 2), (6, 1), (6, 2), (6, 5), (6, 7), (7, 2), (7, 5)], [(0, 4), (0, 5), (1, 5), (1, 6), (2, 5), (3, 4), (3, 6), (4, 5), (7, 0), (7, 6)], [(1, 6), (2, 4), (2, 5), (2, 6), (3, 0), (3, 4), (4, 0), (4, 5), (5, 1), (5, 7), (6, 7), (7, 0)], [(0, 1), (0, 2), (0, 4), (0, 5), (0, 6), (0, 7), (2, 1), (4, 1), (1, 5), (1, 6), (3, 2), (4, 2), (2, 5), (2, 6), (3, 4), (3, 5), (3, 7), (4, 5), (4, 6), (7, 4), (6, 5), (7, 5), (7, 6)], [(4, 0), (0, 5), (7, 0), (1, 5), (1, 6), (5, 2), (4, 3), (6, 3), (4, 5), (7, 6)], [(0, 4), (0, 5), (1, 0), (1, 2), (1, 3), (1, 4), (1, 5), (1, 6), (1, 7), (2, 0), (2, 3), (2, 4), (2, 5), (3, 0), (3, 4), (3, 5), (5, 4), (6, 0), (6, 2), (6, 3), (6, 4), (6, 5), (6, 7), (7, 0), (7, 2), (7, 4), (7, 5)]], [[(0, 2), (0, 4), (0, 5), (0, 6), (1, 3), (1, 4), (1, 6), (2, 3), (2, 4), (2, 5), (2, 6), (3, 4), (5, 1), (5, 3), (5, 4), (5, 6), (6, 3), (6, 4), (7, 1), (7, 2), (7, 3), (7, 6)], [(0, 4), (0, 5), (2, 5), (2, 7), (5, 1), (5, 4), (6, 1), (6, 3), (6, 7), (7, 1)], [(1, 2), (1, 3), (1, 5), (1, 6), (2, 3), (2, 6), (2, 7), (3, 6), (4, 0), (5, 0), (5, 2), (5, 3), (5, 4), (6, 7), (7, 0)], [(1, 0), (0, 3), (0, 4), (0, 5), (2, 1), (1, 3), (1, 4), (1, 5), (6, 1), (7, 1), (2, 3), (2, 5), (2, 7), (3, 4), (3, 5), (6, 3), (4, 5), (6, 4), (7, 4), (6, 5), (7, 5), (6, 7)], [(4, 0), (5, 0), (1, 5), (6, 1), (7, 1), (5, 2), (7, 2), (3, 6), (5, 4), (7, 6)], [(0, 4), (0, 5), (0, 7), (2, 1), (2, 5), (2, 6), (3, 0), (3, 1), (3, 2), (3, 5), (3, 6), (3, 7), (4, 1), (4, 2), (4, 5), (4, 6), (4, 7), (5, 1), (5, 6), (6, 1), (7, 2), (7, 6)]], [[(0, 2), (2, 1), (3, 0), (3, 1), (3, 2), (4, 1), (4, 2), (4, 3), (4, 5), (4, 7), (5, 0), (5, 1), (5, 2), (5, 7), (6, 0), (6, 1), (6, 2), (6, 3), (6, 5), (7, 0), (7, 1), (7, 2)], [(0, 4), (0, 6), (0, 7), (1, 7), (2, 1), (2, 3), (2, 4), (2, 6), (3, 1), (3, 6), (4, 5), (5, 7)], [(0, 4), (0, 6), (0, 7), (2, 1), (2, 3), (2, 4), (2, 6), (3, 1), (4, 5), (5, 6)], [(1, 0), (0, 2), (0, 4), (0, 5), (0, 6), (0, 7), (1, 2), (3, 1), (1, 4), (1, 5), (1, 6), (1, 7), (3, 2), (2, 5), (2, 6), (7, 2), (3, 7), (5, 4), (4, 6), (7, 4), (5, 6), (7, 5), (7, 6)], [(0, 4), (0, 6), (7, 0), (1, 2), (1, 3), (7, 1), (2, 3), (2, 4), (2, 6), (6, 3), (4, 5), (7, 5)], [(0, 1), (0, 2), (0, 3), (0, 5), (0, 6), (0, 7), (1, 2), (1, 3), (1, 5), (2, 3), (2, 5), (2, 6), (4, 0), (4, 1), (4, 2), (4, 5), (4, 6), (6, 5), (7, 1), (7, 3), (7, 5), (7, 6)]], [[(0, 1), (0, 2), (2, 1), (2, 5), (3, 0), (3, 1), (3, 2), (3, 4), (3, 7), (4, 0), (4, 1), (4, 2), (4, 5), (5, 1), (6, 0), (6, 1), (6, 4), (6, 5), (6, 7), (7, 0), (7, 2)], [(0, 1), (0, 3), (0, 6), (0, 7), (1, 2), (1, 6), (2, 4), (2, 5), (2, 7), (4, 6), (5, 3), (7, 6)], [(0, 1), (0, 3), (0, 7), (2, 1), (2, 5), (4, 2), (4, 5), (4, 6), (5, 3), (6, 1), (6, 5), (6, 7), (7, 2)], [(1, 0), (0, 2), (0, 3), (0, 4), (0, 7), (1, 2), (1, 4), (5, 1), (1, 6), (3, 2), (4, 2), (5, 2), (2, 6), (2, 7), (3, 4), (5, 3), (5, 4), (4, 6), (5, 6), (6, 7)], [(0, 1), (0, 3), (6, 0), (7, 0), (2, 1), (6, 1), (4, 2), (2, 5), (7, 2), (5, 3), (6, 4), (7, 6)], [(0, 1), (0, 2), (0, 4), (0, 5), (0, 6), (0, 7), (1, 2), (1, 4), (1, 5), (1, 6), (1, 7), (2, 4), (2, 6), (2, 7), (3, 0), (3, 1), (3, 2), (3, 4), (3, 5), (4, 6), (4, 7), (5, 2), (5, 4), (5, 6), (5, 7), (7, 6)]], [[(0, 1), (0, 2), (0, 6), (1, 2), (1, 6), (1, 7), (3, 1), (3, 2), (3, 4), (3, 5), (3, 7), (4, 0), (4, 1), (4, 2), (4, 6), (5, 0), (5, 1), (5, 6), (5, 7), (6, 2), (7, 6)], [(0, 2), (0, 5), (1, 0), (1, 7), (2, 3), (3, 5), (3, 7), (4, 2), (6, 1), (6, 2)], [(0, 1), (0, 2), (1, 4), (1, 6), (3, 2), (3, 5), (3, 7), (4, 2), (5, 0), (5, 4), (6, 2), (7, 1)], [(0, 1), (0, 2), (0, 4), (5, 0), (0, 6), (1, 2), (1, 3), (1, 4), (1, 6), (1, 7), (2, 3), (2, 4), (5, 2), (2, 6), (3, 4), (5, 3), (3, 6), (3, 7), (5, 4), (6, 4), (5, 6), (5, 7), (6, 7)], [(0, 1), (0, 2), (5, 0), (1, 6), (7, 1), (3, 2), (4, 2), (6, 2), (3, 5), (7, 3)], [(1, 0), (1, 2), (2, 0), (3, 0), (3, 2), (4, 0), (4, 1), (4, 2), (4, 3), (5, 0), (5, 1), (5, 2), (5, 3), (5, 4), (5, 7), (6, 0), (6, 1), (6, 2), (7, 1), (7, 3)]], [[(1, 0), (2, 0), (2, 1), (2, 4), (2, 5), (2, 6), (2, 7), (3, 0), (3, 1), (3, 4), (3, 5), (4, 0), (4, 1), (5, 0), (5, 1), (5, 4), (6, 0), (6, 1), (6, 3), (6, 4), (7, 0), (7, 3), (7, 4)], [(0, 5), (1, 0), (1, 2), (1, 4), (2, 6), (3, 5), (4, 3), (4, 6), (6, 3), (7, 3)], [(0, 1), (0, 5), (1, 2), (1, 4), (3, 5), (3, 6), (4, 3), (4, 6), (6, 2), (7, 3)], [(0, 1), (0, 2), (0, 4), (5, 0), (0, 7), (1, 2), (1, 3), (1, 4), (1, 6), (2, 3), (2, 4), (6, 2), (2, 7), (4, 3), (5, 3), (6, 3), (3, 7), (5, 4), (6, 4), (4, 7), (5, 6), (5, 7)], [(1, 0), (5, 0), (2, 1), (4, 1), (6, 2), (4, 3), (3, 5), (3, 6), (7, 3), (4, 6)], [(0, 1), (0, 2), (0, 3), (0, 4), (0, 5), (1, 2), (1, 3), (3, 2), (4, 1), (4, 2), (4, 3), (4, 6), (4, 7), (5, 2), (5, 3), (5, 6), (5, 7), (6, 2), (6, 3), (6, 7), (7, 2), (7, 3)]], [[(0, 4), (1, 0), (1, 4), (2, 1), (2, 4), (2, 5), (2, 6), (2, 7), (3, 1), (3, 5), (3, 7), (5, 0), (5, 1), (5, 4), (6, 1), (6, 3), (6, 4), (6, 5), (7, 1)], [(0, 1), (0, 4), (1, 3), (1, 6), (1, 7), (2, 4), (2, 6), (2, 7), (3, 6), (3, 7), (4, 5), (5, 1), (5, 6)], [(0, 1), (0, 4), (1, 3), (1, 5), (1, 6), (1, 7), (2, 4), (2, 7), (3, 6), (3, 7), (5, 4), (5, 6), (6, 2)], [(1, 0), (0, 4), (0, 6), (1, 2), (1, 3), (1, 4), (1, 5), (1, 6), (7, 1), (2, 3), (4, 2), (2, 6), (7, 2), (5, 3), (6, 3), (7, 3), (4, 5), (7, 4), (6, 5), (7, 5), (7, 6)], [(1, 0), (0, 4), (1, 3), (5, 1), (1, 6), (1, 7), (4, 2), (2, 6), (2, 7), (3, 6), (3, 7), (5, 4), (5, 6)], [(0, 1), (0, 2), (0, 4), (0, 6), (1, 3), (1, 5), (1, 7), (2, 1), (2, 3), (2, 5), (2, 7), (4, 1), (4, 2), (4, 5), (5, 3), (5, 7), (6, 1), (6, 2), (6, 3), (6, 4), (6, 5), (7, 3)]], [[(0, 1), (0, 3), (0, 7), (2, 1), (2, 3), (2, 4), (2, 5), (2, 6), (2, 7), (3, 1), (4, 0), (4, 1), (4, 3), (4, 7), (5, 0), (5, 1), (5, 3), (5, 4), (6, 1), (6, 4), (7, 1), (7, 3)], [(1, 3), (1, 6), (2, 5), (2, 6), (3, 2), (4, 0), (4, 6), (7, 0), (7, 3)], [(0, 4), (2, 3), (2, 5), (3, 1), (3, 7), (4, 6), (6, 1), (7, 0)], [(2, 0), (3, 0), (4, 0), (0, 5), (0, 6), (0, 7), (1, 3), (4, 1), (1, 5), (1, 6), (1, 7), (3, 2), (4, 2), (2, 5), (2, 6), (2, 7), (3, 5), (3, 7), (4, 5), (4, 6), (4, 7), (6, 5), (6, 7)], [(4, 0), (7, 0), (1, 3), (1, 6), (3, 2), (2, 5), (2, 6), (7, 3), (6, 4)], [(1, 0), (1, 6), (2, 0), (2, 1), (2, 4), (3, 0), (3, 1), (3, 2), (3, 4), (3, 6), (4, 0), (4, 1), (4, 6), (5, 0), (5, 1), (5, 2), (5, 3), (5, 4), (5, 6), (6, 0), (7, 0), (7, 1), (7, 2), (7, 3), (7, 5), (7, 6)]], [[(0, 1), (0, 2), (0, 4), (0, 5), (0, 6), (2, 1), (3, 2), (3, 5), (3, 6), (3, 7), (4, 1), (4, 2), (4, 3), (4, 5), (4, 6), (4, 7), (5, 1), (5, 2), (5, 6), (6, 1), (6, 2), (6, 7), (7, 1), (7, 2)], [(0, 2), (0, 6), (0, 7), (1, 5), (1, 6), (2, 5), (2, 6), (3, 5), (3, 7), (4, 2), (4, 5)], [(0, 2), (0, 6), (1, 4), (1, 6), (2, 4), (2, 5), (2, 6), (3, 5), (3, 7), (5, 1), (5, 4)], [(0, 2), (0, 5), (0, 6), (3, 1), (1, 4), (1, 5), (1, 6), (1, 7), (3, 2), (2, 4), (2, 5), (2, 6), (2, 7), (3, 4), (3, 5), (3, 6), (3, 7), (5, 4), (6, 4), (6, 5), (7, 5)], [(2, 0), (0, 6), (0, 7), (5, 1), (1, 6), (4, 2), (5, 2), (2, 6), (3, 5), (3, 7), (4, 5)], [(1, 0), (1, 2), (1, 4), (1, 6), (2, 0), (2, 4), (2, 5), (3, 0), (3, 1), (3, 2), (3, 5), (3, 6), (4, 5), (5, 0), (6, 0), (6, 2), (6, 5), (7, 1), (7, 2), (7, 3), (7, 5), (7, 6)]], [[(1, 0), (1, 2), (1, 3), (1, 4), (1, 5), (1, 7), (2, 0), (2, 3), (2, 4), (2, 6), (3, 0), (3, 4), (4, 0), (5, 2), (5, 3), (5, 4), (5, 6), (6, 3), (6, 4), (7, 0), (7, 2)], [(0, 3), (0, 7), (1, 4), (2, 1), (2, 5), (2, 6), (2, 7), (3, 6), (4, 3), (5, 3), (5, 4), (7, 1)], [(0, 3), (0, 7), (2, 1), (2, 6), (3, 4), (3, 5), (3, 6), (4, 1), (4, 5), (5, 2), (7, 2)], [(1, 0), (0, 2), (3, 0), (0, 7), (1, 2), (4, 1), (1, 7), (4, 2), (2, 5), (2, 6), (2, 7), (4, 3), (3, 5), (3, 6), (3, 7), (4, 5), (4, 6), (4, 7), (7, 5)], [(3, 0), (7, 0), (2, 1), (4, 1), (1, 7), (5, 2), (2, 6), (2, 7), (4, 3), (5, 3), (3, 6), (5, 4)], [(1, 0), (1, 2), (1, 4), (2, 0), (2, 4), (2, 5), (2, 6), (3, 0), (3, 1), (3, 2), (3, 4), (3, 5), (3, 6), (4, 0), (4, 5), (4, 6), (7, 0), (7, 1), (7, 2), (7, 4), (7, 5)]], [[(0, 1), (0, 2), (0, 3), (0, 5), (0, 7), (3, 1), (3, 2), (4, 0), (4, 1), (4, 2), (4, 3), (4, 5), (4, 7), (5, 1), (5, 2), (5, 7), (6, 0), (6, 1), (6, 2), (6, 3), (6, 7), (7, 2), (7, 3)], [(0, 2), (0, 3), (1, 5), (2, 1), (2, 6), (3, 1), (4, 0), (4, 2), (4, 7), (5, 7), (6, 7)], [(0, 2), (0, 3), (0, 4), (2, 1), (3, 1), (4, 2), (4, 7), (5, 1), (6, 2), (6, 7), (7, 5)], [(1, 0), (0, 2), (4, 0), (5, 0), (6, 0), (1, 3), (1, 4), (1, 5), (6, 1), (3, 2), (4, 2), (5, 2), (6, 2), (2, 7), (5, 3), (6, 3), (3, 7), (5, 4), (6, 4), (5, 7), (6, 7)], [(0, 2), (0, 3), (4, 0), (2, 1), (3, 1), (5, 1), (4, 2), (6, 2), (4, 7), (7, 5), (6, 7)], [(1, 0), (1, 2), (1, 6), (1, 7), (2, 0), (3, 0), (3, 1), (3, 2), (3, 4), (3, 6), (3, 7), (4, 0), (4, 1), (4, 2), (4, 6), (4, 7), (5, 0), (5, 1), (5, 2), (5, 4), (5, 6), (5, 7), (6, 0), (6, 2), (6, 7), (7, 2)]], [[(0, 5), (0, 6), (0, 7), (1, 0), (1, 2), (1, 3), (1, 4), (1, 5), (1, 6), (1, 7), (2, 0), (2, 3), (2, 5), (2, 6), (2, 7), (3, 6), (3, 7), (4, 0), (4, 3), (4, 5), (4, 7), (5, 6), (5, 7), (6, 7)], [(0, 1), (0, 4), (1, 5), (1, 6), (2, 0), (2, 3), (3, 4), (3, 5), (3, 6), (4, 5), (6, 7)], [(0, 1), (0, 2), (0, 4), (2, 3), (3, 5), (3, 6), (4, 3), (4, 5), (5, 6), (6, 7)], [(0, 1), (2, 0), (3, 0), (4, 0), (0, 5), (0, 6), (0, 7), (2, 1), (3, 1), (1, 5), (1, 6), (1, 7), (2, 3), (2, 5), (2, 6), (2, 7), (4, 3), (3, 5), (3, 6), (3, 7), (4, 5), (4, 7), (6, 5), (7, 5), (7, 6)], [(1, 0), (2, 0), (4, 0), (1, 5), (1, 6), (2, 3), (4, 3), (3, 5), (3, 6), (4, 5), (6, 7)], [(0, 1), (0, 2), (0, 4), (0, 5), (0, 6), (0, 7), (1, 2), (1, 3), (1, 5), (1, 6), (1, 7), (2, 3), (2, 5), (2, 6), (3, 6), (4, 3), (4, 5), (4, 6), (4, 7), (5, 6), (7, 2), (7, 3), (7, 6)]], [[(0, 1), (0, 2), (0, 3), (0, 4), (0, 7), (1, 5), (2, 1), (2, 5), (3, 1), (3, 2), (3, 4), (3, 6), (4, 5), (4, 7), (6, 1), (6, 2), (6, 4), (7, 2), (7, 5)], [(0, 1), (0, 7), (2, 1), (3, 1), (4, 3), (4, 6), (4, 7), (5, 2), (6, 1), (6, 2)], [(0, 1), (0, 7), (1, 2), (1, 3), (3, 4), (4, 6), (4, 7), (5, 2), (6, 2), (6, 5)], [(1, 0), (0, 4), (0, 5), (0, 6), (0, 7), (1, 2), (3, 1), (1, 5), (1, 6), (3, 2), (2, 4), (2, 5), (6, 2), (2, 7), (3, 4), (3, 6), (4, 5), (6, 4), (4, 7), (5, 7)], [(1, 0), (0, 7), (1, 2), (3, 1), (1, 6), (5, 2), (2, 6), (4, 3), (4, 6), (4, 7)], [(0, 1), (0, 2), (0, 4), (0, 6), (1, 2), (1, 5), (1, 6), (2, 5), (3, 0), (3, 1), (3, 2), (3, 4), (3, 6), (4, 5), (6, 2), (6, 4), (7, 0), (7, 2), (7, 3), (7, 4), (7, 5), (7, 6)]], [[(0, 2), (0, 5), (0, 6), (0, 7), (1, 2), (1, 3), (1, 4), (1, 5), (1, 6), (2, 4), (2, 5), (2, 7), (3, 4), (3, 6), (3, 7), (4, 7), (5, 3), (5, 4), (5, 6), (7, 6)], [(1, 6), (2, 0), (2, 5), (3, 1), (3, 5), (3, 7), (4, 5), (5, 6), (6, 7)], [(1, 0), (1, 3), (1, 6), (2, 0), (3, 4), (3, 5), (3, 6), (3, 7), (4, 5), (4, 7), (5, 2), (5, 6), (7, 2), (7, 6)], [(0, 1), (0, 2), (0, 3), (0, 4), (0, 6), (3, 1), (1, 4), (1, 5), (1, 6), (7, 1), (3, 2), (2, 5), (2, 6), (7, 2), (3, 4), (3, 5), (3, 6), (7, 3), (5, 4), (7, 4), (6, 5), (7, 6)], [(2, 0), (3, 1), (6, 1), (2, 5), (3, 5), (7, 3), (5, 4), (5, 6), (7, 6)], [(0, 1), (0, 2), (0, 3), (0, 5), (2, 1), (2, 5), (3, 1), (4, 0), (4, 1), (4, 2), (4, 3), (4, 5), (4, 6), (4, 7), (5, 1), (5, 3), (6, 0), (6, 1), (6, 2), (6, 3), (6, 5), (7, 0), (7, 1), (7, 2), (7, 3), (7, 6)]], [[(0, 1), (0, 2), (0, 4), (2, 1), (2, 4), (2, 6), (3, 0), (3, 1), (3, 2), (3, 6), (3, 7), (4, 6), (5, 0), (5, 1), (5, 2), (5, 4), (5, 6), (6, 1), (7, 0), (7, 1), (7, 4), (7, 5), (7, 6)], [(0, 7), (2, 0), (2, 4), (3, 0), (3, 1), (4, 6), (5, 1), (5, 6), (6, 1), (7, 5), (7, 6)], [(0, 2), (1, 3), (1, 4), (1, 5), (1, 6), (2, 4), (3, 0), (3, 2), (5, 7), (6, 2), (6, 4), (7, 0), (7, 6)], [(0, 1), (0, 2), (0, 3), (4, 0), (0, 5), (0, 6), (0, 7), (2, 1), (3, 1), (4, 1), (1, 5), (1, 6), (1, 7), (3, 2), (4, 2), (2, 5), (2, 6), (4, 5), (4, 6), (4, 7), (6, 5), (7, 5), (6, 7)], [(0, 2), (0, 3), (0, 7), (3, 1), (5, 1), (6, 1), (2, 4), (6, 4), (6, 5), (7, 5), (6, 7)], [(1, 0), (1, 2), (1, 3), (1, 4), (1, 5), (1, 6), (2, 0), (2, 4), (2, 5), (2, 6), (3, 0), (3, 4), (3, 5), (4, 5), (5, 0), (6, 4), (6, 5), (7, 0), (7, 1), (7, 2), (7, 3), (7, 4), (7, 5), (7, 6)]], [[(0, 1), (0, 4), (0, 7), (1, 6), (2, 0), (2, 1), (2, 3), (2, 4), (2, 6), (2, 7), (3, 1), (3, 6), (4, 3), (4, 6), (4, 7), (5, 0), (5, 1), (5, 3), (5, 4), (5, 6), (5, 7), (7, 1), (7, 3), (7, 6)], [(0, 1), (0, 4), (1, 7), (2, 4), (3, 1), (3, 2), (3, 7), (4, 7), (5, 4), (5, 7), (6, 2)], [(0, 1), (0, 3), (0, 4), (1, 7), (2, 3), (2, 6), (3, 1), (3, 7), (4, 2), (4, 5), (4, 7), (7, 5)], [(1, 0), (2, 0), (3, 0), (4, 0), (0, 5), (0, 7), (2, 1), (1, 3), (1, 5), (1, 6), (1, 7), (2, 3), (4, 2), (2, 5), (2, 6), (2, 7), (4, 3), (3, 5), (6, 3), (3, 7), (4, 5), (4, 6), (6, 5), (5, 7), (6, 7)], [(0, 1), (4, 0), (3, 1), (1, 7), (2, 3), (2, 4), (2, 6), (3, 7), (5, 4), (4, 7), (5, 7)], [(0, 4), (0, 5), (1, 0), (1, 3), (1, 4), (1, 5), (1, 6), (1, 7), (2, 0), (2, 4), (2, 5), (2, 6), (3, 0), (3, 2), (3, 5), (3, 6), (4, 5), (6, 5), (7, 0), (7, 2), (7, 3), (7, 4), (7, 5), (7, 6)]], [[(0, 1), (0, 2), (0, 3), (0, 4), (0, 5), (0, 6), (0, 7), (1, 2), (1, 4), (1, 5), (2, 3), (2, 4), (3, 4), (5, 2), (5, 7), (6, 2), (6, 3), (6, 4), (7, 2), (7, 3), (7, 4), (7, 6)], [(0, 1), (0, 6), (0, 7), (2, 5), (2, 6), (3, 1), (3, 7), (4, 0), (4, 5), (4, 6), (5, 7), (6, 7)], [(0, 1), (0, 4), (0, 6), (0, 7), (2, 3), (5, 2), (5, 4), (6, 4), (6, 7), (7, 3), (7, 5)], [(0, 1), (0, 2), (4, 0), (0, 5), (6, 0), (7, 0), (2, 1), (3, 1), (4, 1), (6, 1), (7, 1), (3, 2), (4, 2), (5, 2), (6, 2), (4, 3), (3, 5), (3, 7), (4, 5), (6, 4), (6, 5), (7, 5), (6, 7)], [(0, 1), (0, 4), (6, 0), (7, 0), (3, 1), (5, 2), (6, 2), (7, 3), (5, 4), (6, 4), (7, 5), (7, 6)], [(0, 2), (0, 7), (1, 0), (1, 2), (1, 3), (1, 4), (1, 5), (1, 6), (1, 7), (3, 0), (3, 2), (3, 7), (4, 0), (4, 2), (4, 3), (4, 5), (4, 6), (4, 7), (5, 0), (5, 2), (5, 3), (5, 7), (6, 0), (6, 2), (6, 3), (6, 7)]], [[(0, 1), (0, 2), (0, 7), (2, 1), (3, 0), (3, 1), (3, 5), (3, 7), (4, 0), (4, 2), (4, 6), (4, 7), (5, 0), (5, 1), (5, 2), (5, 6), (5, 7), (6, 0), (6, 1), (6, 2), (7, 1), (7, 2)], [(0, 2), (1, 3), (2, 6), (3, 5), (4, 0), (4, 2), (5, 6), (7, 0), (7, 3), (7, 5)], [(0, 2), (1, 3), (3, 5), (3, 7), (4, 0), (4, 2), (4, 7), (5, 6), (5, 7), (6, 2), (7, 0)], [(1, 0), (0, 2), (0, 4), (0, 5), (0, 7), (1, 2), (1, 3), (1, 5), (6, 1), (1, 7), (2, 3), (2, 4), (5, 2), (6, 2), (2, 7), (3, 4), (5, 3), (6, 3), (3, 7), (5, 4), (6, 4), (7, 4), (6, 5), (5, 7), (6, 7)], [(0, 2), (4, 0), (7, 0), (3, 1), (4, 2), (6, 2), (5, 3), (7, 3), (5, 6), (7, 5)], [(0, 4), (0, 5), (1, 5), (1, 7), (2, 0), (2, 1), (2, 4), (2, 5), (2, 6), (2, 7), (3, 0), (3, 1), (3, 4), (3, 5), (3, 7), (5, 4), (6, 1), (6, 3), (6, 4), (6, 5), (6, 7), (7, 0), (7, 4), (7, 5)]], [[(0, 3), (0, 4), (0, 7), (1, 0), (1, 4), (1, 5), (1, 6), (1, 7), (2, 0), (2, 3), (2, 4), (2, 7), (3, 4), (3, 7), (5, 0), (5, 2), (5, 3), (5, 4), (5, 6), (5, 7), (6, 2), (6, 3), (6, 7), (7, 4)], [(0, 1), (0, 3), (1, 5), (1, 6), (1, 7), (2, 5), (2, 6), (2, 7), (3, 6), (4, 3), (5, 6), (7, 3)], [(0, 3), (0, 4), (1, 0), (1, 5), (1, 6), (1, 7), (2, 5), (2, 6), (2, 7), (3, 4), (3, 7), (5, 0), (5, 6), (6, 3)], [(0, 1), (0, 2), (0, 3), (0, 5), (0, 6), (3, 1), (4, 1), (1, 5), (1, 6), (7, 1), (3, 2), (2, 5), (2, 6), (2, 7), (4, 3), (3, 5), (3, 6), (3, 7), (4, 5), (5, 6), (7, 5), (7, 6)], [(0, 1), (0, 3), (1, 5), (6, 1), (7, 1), (5, 2), (6, 2), (7, 2), (4, 3), (3, 6), (3, 7), (6, 5)], [(0, 1), (0, 5), (0, 6), (2, 0), (2, 5), (2, 6), (3, 0), (3, 2), (3, 5), (3, 6), (3, 7), (4, 0), (4, 1), (4, 2), (4, 3), (4, 5), (5, 1), (6, 1), (6, 5), (7, 1), (7, 2), (7, 5)]], [[(0, 2), (0, 5), (1, 5), (2, 1), (2, 5), (2, 6), (3, 0), (3, 1), (3, 5), (3, 6), (3, 7), (4, 0), (4, 1), (4, 2), (4, 6), (5, 6), (7, 0), (7, 1), (7, 2), (7, 4), (7, 6)], [(1, 4), (1, 7), (2, 4), (2, 7), (3, 0), (4, 0), (5, 1), (5, 2), (5, 7), (6, 4)], [(1, 4), (1, 5), (1, 7), (2, 4), (2, 6), (2, 7), (3, 0), (4, 0), (4, 6), (5, 2), (5, 3)], [(2, 0), (0, 3), (4, 0), (5, 0), (6, 0), (0, 7), (1, 2), (1, 3), (1, 4), (1, 5), (6, 1), (1, 7), (4, 2), (5, 2), (6, 2), (2, 7), (4, 3), (5, 3), (6, 3), (7, 3), (6, 4), (4, 7), (6, 7)], [(3, 0), (4, 0), (1, 4), (5, 1), (1, 7), (2, 4), (5, 2), (2, 7), (4, 6), (5, 7)], [(0, 3), (0, 4), (1, 0), (1, 4), (3, 4), (4, 2), (5, 0), (5, 1), (5, 2), (5, 4), (5, 6), (5, 7), (6, 0), (6, 1), (6, 2), (6, 3), (6, 4), (6, 7), (7, 0), (7, 1), (7, 2), (7, 3), (7, 4)]], [[(0, 1), (0, 2), (0, 3), (0, 5), (0, 6), (0, 7), (1, 2), (1, 4), (1, 5), (1, 6), (1, 7), (2, 5), (2, 6), (3, 5), (4, 3), (4, 5), (4, 6), (4, 7), (6, 3), (6, 5), (7, 2), (7, 3), (7, 5), (7, 6)], [(1, 4), (1, 6), (2, 1), (2, 4), (2, 6), (2, 7), (3, 4), (3, 6), (3, 7), (5, 4), (6, 0)], [(0, 6), (1, 2), (1, 4), (2, 4), (2, 5), (2, 7), (3, 4), (4, 5), (6, 1)], [(2, 0), (5, 0), (6, 0), (7, 0), (1, 2), (1, 5), (1, 6), (1, 7), (2, 4), (5, 2), (6, 2), (7, 2), (3, 4), (3, 5), (3, 6), (3, 7), (5, 4), (6, 4), (5, 6), (7, 6)], [(6, 0), (2, 1), (1, 4), (1, 6), (2, 4), (2, 6), (2, 7), (3, 4), (3, 6), (3, 7), (4, 5)], [(1, 3), (1, 4), (1, 5), (1, 6), (2, 0), (2, 1), (2, 3), (2, 4), (2, 5), (2, 6), (4, 3), (5, 0), (5, 3), (5, 4), (5, 6), (6, 0), (6, 3), (7, 0), (7, 1), (7, 2), (7, 3), (7, 4), (7, 5), (7, 6)]], [[(0, 2), (0, 3), (0, 4), (0, 5), (0, 7), (1, 6), (2, 1), (2, 3), (2, 5), (2, 6), (3, 1), (3, 4), (3, 6), (3, 7), (4, 1), (4, 5), (4, 6), (5, 6), (7, 1), (7, 5), (7, 6)], [(0, 3), (0, 5), (0, 7), (2, 0), (2, 1), (2, 6), (2, 7), (3, 4), (4, 7), (5, 6), (5, 7)], [(0, 2), (0, 3), (0, 5), (0, 7), (2, 1), (2, 6), (4, 3), (6, 5), (7, 5), (7, 6)], [(2, 0), (3, 0), (4, 0), (5, 0), (7, 0), (1, 2), (3, 1), (5, 1), (7, 1), (3, 2), (4, 2), (5, 2), (6, 2), (3, 4), (3, 6), (3, 7), (5, 4), (7, 4), (5, 6), (5, 7), (7, 6)], [(2, 0), (0, 3), (0, 5), (0, 7), (2, 1), (6, 2), (2, 7), (4, 3), (7, 4), (6, 5), (5, 7)], [(0, 2), (2, 1), (3, 0), (3, 2), (3, 5), (3, 6), (4, 0), (4, 1), (4, 2), (4, 3), (4, 5), (4, 6), (4, 7), (5, 0), (5, 1), (6, 0), (6, 1), (6, 2), (6, 5), (7, 0), (7, 1), (7, 3), (7, 5), (7, 6)]], [[(0, 1), (0, 2), (0, 3), (0, 5), (0, 6), (0, 7), (1, 6), (1, 7), (2, 1), (2, 4), (2, 5), (2, 7), (3, 1), (3, 4), (3, 5), (4, 1), (4, 5), (4, 6), (6, 5), (6, 7), (7, 5)], [(0, 2), (1, 5), (1, 6), (2, 1), (2, 4), (2, 5), (3, 0), (3, 4), (3, 6), (4, 1), (5, 7), (6, 7)], [(0, 3), (1, 2), (1, 4), (1, 5), (1, 6), (2, 0), (2, 4), (2, 5), (2, 6), (3, 4), (5, 0), (7, 5), (7, 6)], [(0, 1), (0, 2), (3, 0), (0, 5), (0, 6), (0, 7), (2, 1), (3, 1), (4, 1), (1, 5), (1, 6), (1, 7), (2, 4), (2, 5), (2, 7), (3, 4), (3, 5), (3, 7), (4, 5), (4, 6), (6, 5), (5, 7), (6, 7)], [(0, 2), (3, 0), (2, 1), (4, 1), (5, 1), (6, 1), (2, 4), (5, 2), (3, 4), (6, 3), (5, 7), (6, 7)], [(0, 1), (0, 2), (0, 6), (2, 1), (2, 6), (3, 0), (3, 1), (3, 2), (3, 5), (3, 6), (4, 0), (4, 1), (4, 2), (4, 3), (4, 5), (4, 6), (5, 2), (5, 6), (6, 1), (7, 1), (7, 2), (7, 4), (7, 5), (7, 6)]], [[(0, 1), (0, 4), (1, 4), (2, 1), (2, 3), (2, 4), (2, 6), (2, 7), (3, 0), (3, 1), (3, 4), (3, 5), (3, 6), (5, 0), (5, 4), (5, 6), (5, 7), (6, 0), (6, 4), (6, 7), (7, 1), (7, 4)], [(0, 1), (1, 7), (2, 6), (2, 7), (3, 5), (3, 6), (4, 1), (4, 5), (5, 7), (6, 0), (6, 7)], [(0, 1), (2, 3), (2, 6), (2, 7), (3, 5), (3, 6), (4, 1), (5, 4), (5, 7), (6, 0), (6, 7), (7, 1)], [(1, 0), (4, 0), (0, 5), (6, 0), (0, 7), (1, 3), (1, 4), (1, 5), (1, 7), (2, 3), (2, 4), (2, 5), (2, 6), (2, 7), (3, 5), (3, 6), (3, 7), (4, 5), (4, 7), (6, 5), (7, 5), (6, 7)], [(0, 1), (6, 0), (4, 1), (7, 1), (2, 6), (2, 7), (3, 5), (3, 6), (5, 4), (5, 7), (6, 7)], [(0, 2), (0, 6), (0, 7), (1, 0), (1, 2), (1, 3), (1, 6), (1, 7), (2, 6), (2, 7), (3, 0), (3, 6), (3, 7), (4, 0), (4, 1), (4, 2), (4, 3), (4, 5), (4, 6), (4, 7), (5, 0), (5, 2), (5, 3), (5, 6), (5, 7), (6, 7)]]]

