Number of nodes=8
Number of samples=1000
Cut of limit used=0.01
total_score_ges=-408371.5494596171
total_score_pc=-515963.3581582426
total_score_mmhc=-478488.3794094784
total_score_gis=-408608.6807635015
total_score_ske=-484509.2534116103
total_score_true=-409255.5433470039
shd dist ges to true=[22, 28, 17, 21, 21, 18, 20, 22, 28, 26, 26, 23, 26, 26, 24, 15, 24, 19, 25, 19, 28, 22, 26, 18, 18, 21, 28, 23, 21, 24, 27, 24, 15, 24, 21, 19, 19, 22, 25, 25, 18, 26, 20, 24, 26, 16, 25, 26, 24, 22, 22, 18, 21, 19, 11, 27, 23, 19, 22, 21, 18, 24, 27, 17, 22, 9, 19, 26, 23, 21, 25, 24, 23, 12, 21, 26, 23, 22, 26, 25, 27, 26, 25, 24, 18, 10, 27, 24, 24, 26, 9, 17, 16, 12, 24, 16, 22, 23, 27, 24]
shd dist pc to true=[26, 26, 26, 19, 25, 25, 20, 24, 26, 24, 27, 26, 28, 26, 20, 23, 22, 20, 21, 20, 24, 25, 26, 24, 21, 20, 24, 23, 24, 25, 22, 25, 19, 21, 24, 22, 19, 20, 23, 26, 18, 27, 21, 23, 27, 18, 26, 25, 25, 21, 22, 23, 21, 21, 22, 23, 23, 23, 21, 20, 21, 25, 23, 22, 27, 23, 23, 25, 24, 24, 26, 26, 21, 21, 17, 25, 23, 20, 22, 27, 26, 23, 24, 24, 26, 21, 24, 27, 20, 23, 24, 22, 22, 24, 18, 18, 23, 22, 27, 22]
shd dist mmhc to true=[22, 24, 25, 20, 22, 24, 23, 23, 20, 21, 24, 26, 24, 24, 21, 23, 24, 20, 24, 21, 24, 23, 21, 24, 22, 19, 24, 26, 23, 24, 20, 25, 17, 22, 24, 19, 20, 23, 23, 23, 19, 24, 21, 20, 28, 18, 22, 23, 22, 22, 24, 21, 23, 23, 23, 26, 23, 21, 20, 21, 22, 25, 24, 21, 21, 21, 26, 25, 23, 23, 27, 26, 22, 21, 24, 27, 24, 17, 22, 22, 25, 20, 22, 24, 24, 23, 24, 26, 24, 24, 24, 19, 20, 20, 20, 20, 25, 23, 22, 27]
shd dist gis to true=[23, 28, 17, 20, 21, 19, 16, 16, 27, 18, 27, 28, 27, 22, 28, 19, 16, 24, 25, 14, 28, 26, 28, 20, 21, 16, 27, 23, 23, 16, 19, 24, 23, 26, 26, 24, 8, 27, 26, 25, 24, 21, 7, 21, 25, 24, 23, 24, 26, 21, 19, 21, 20, 20, 20, 25, 20, 23, 14, 21, 21, 24, 27, 23, 23, 17, 27, 26, 20, 24, 27, 25, 25, 14, 17, 25, 28, 27, 22, 17, 28, 13, 25, 19, 24, 25, 22, 25, 8, 25, 25, 11, 23, 23, 24, 19, 12, 21, 27, 18]
shd dist ske to true=[23, 27, 24, 24, 24, 25, 26, 25, 23, 24, 27, 27, 28, 24, 24, 18, 22, 19, 24, 23, 24, 22, 26, 24, 25, 19, 21, 24, 22, 23, 26, 25, 16, 21, 23, 22, 20, 24, 20, 27, 22, 27, 19, 25, 26, 17, 24, 28, 23, 24, 24, 21, 22, 20, 22, 24, 23, 26, 23, 22, 19, 25, 25, 21, 24, 22, 23, 23, 23, 25, 27, 23, 23, 20, 23, 27, 26, 22, 23, 26, 25, 22, 25, 22, 24, 24, 24, 24, 24, 21, 23, 23, 23, 24, 22, 22, 25, 24, 25, 21]

score_vector_ges=[-4034.7949731244494, -4089.2378955771446, -4048.3443790997, -4132.780353031337, -4147.944272076392, -4198.700542838779, -4098.06752516915, -3996.2299381491353, -4162.831059581444, -4078.29701681246, -4066.082979836499, -4061.7288639944427, -4082.8061902307572, -4157.432781452788, -4141.161568775123, -3946.5157948750552, -4166.0519194374365, -3996.1088842917993, -3988.2012213705107, -4174.069396373044, -4088.108708893811, -4014.2051395358417, -4144.628255797426, -4093.9585578153283, -4070.57612403307, -4065.6877294422698, -4115.905941332104, -4015.587387206764, -4016.149345637986, -4172.99362997787, -3960.872219347458, -4055.455510432814, -4211.037466493984, -4094.0399234001284, -4156.605037543915, -4103.197715967733, -4067.017026111076, -3984.286179657462, -4042.7468722997874, -4097.2800770307, -4113.30672631372, -4095.551161314769, -4012.8883545386975, -4058.0730058695726, -3980.8694867242225, -4047.866915034527, -4045.5290880177, -4165.849895856677, -4058.257509145793, -4077.4875998095667, -4061.973707692672, -4082.2201591299663, -4104.246774938292, -4042.225780632925, -3978.051070027689, -4065.1850375044755, -4019.1148550063067, -4096.5304680000545, -4092.634113677672, -4081.481419398202, -4008.263382703887, -4253.468000470114, -3982.0509907467913, -4018.151599588874, -4001.9222655914286, -4064.805678132229, -4172.18766662505, -4163.610548759177, -4222.768387868802, -4089.0472268230264, -4104.260704919705, -4109.652847782313, -4074.363773012954, -4085.7612127486327, -3999.403720331563, -4099.380328299046, -4110.056638572055, -4150.827532617686, -3918.297961087091, -4106.017969436936, -4043.6224151378883, -4161.86995721289, -4137.553398964132, -4198.132868835726, -4009.582198332226, -4089.299567578636, -4091.262464221835, -4008.472063683504, -4116.742381124566, -3982.417210310809, -4137.878032013629, -4152.258844345484, -4061.696386617496, -4197.847907976765, -4118.0882808566885, -4093.3174856711544, -4122.573001822728, -4126.33246358597, -4077.6226209337674, -4093.611941585365]

score_vector_pc=[-5574.618981410483, -4975.490615787172, -4825.047140761218, -4757.3716509374735, -5270.549494700429, -4960.098886677274, -6083.637698825737, -5448.3444444523075, -5223.300427381437, -5811.055890622829, -4353.502941864367, -5157.614448132283, -5345.009000553868, -5340.267690325886, -6143.795777955584, -4953.279889243197, -5190.4105975837265, -4621.673735652957, -5595.346424833075, -6378.623770487725, -5261.922028069243, -5249.849293226247, -5142.188406734652, -5121.1381498424935, -5521.9587108149835, -4688.562516353868, -4568.926009032568, -6005.173271694639, -5368.374218328125, -4944.375422282541, -4688.283215462214, -5568.94017251415, -5050.64654767454, -5448.414585666338, -5019.435306018117, -5160.967148512868, -4549.106871701402, -5505.978412413686, -4976.708827525287, -4928.311816658447, -5016.816940345855, -4779.822419091865, -4959.524130411161, -5466.585273310577, -5579.949129744685, -4714.464103646555, -6202.826196489698, -5030.047425980676, -5240.078875112322, -5021.022238562078, -5188.318186096054, -4937.581145676275, -4523.490097347535, -4969.238327101119, -4836.805005939514, -5015.955582783902, -4841.114290971055, -4962.476583460791, -5060.2736083871705, -5556.178014430081, -4932.168850615681, -4730.673177456862, -4599.064728325827, -5400.696557240494, -4858.7361602610035, -5306.835180756491, -4945.59764549489, -5331.580717833305, -5852.873612277619, -5276.238217932975, -5554.7864591234975, -5337.094281773458, -5106.2030889051475, -5063.458758006336, -4990.539009891817, -5133.904095191261, -5416.409110177958, -5506.347189686651, -4472.947554667199, -5404.500789935004, -5221.249510211348, -5319.693510846853, -5776.008401910566, -5372.603908699016, -4713.639091326849, -4672.362435351629, -5922.156397212226, -5389.64523015612, -4932.081068805826, -5722.6799303396165, -4697.284836408217, -5019.639405277354, -5045.789908562225, -4864.165353993884, -5085.401385080964, -4665.786721508188, -4640.012153877751, -5063.181193341775, -4787.1757877973405, -5151.278728376813]

score_vector_mmhc=[-4722.414556327317, -4499.591909591247, -4539.02332941556, -4416.469084151735, -4885.603852457286, -4636.803552592688, -4644.207596534555, -4815.637706291178, -4619.14665547237, -4953.885740613272, -4535.533731529347, -4678.640367355199, -5299.955216416155, -4832.9634683390095, -6100.804765793432, -4806.473737323311, -4255.636364471556, -4301.403803637384, -4377.7492147076755, -5358.829929083291, -5071.936960401514, -5789.981306225414, -5011.49032293511, -4834.418822032657, -4701.4907543345835, -4890.512581899181, -4384.011935771091, -5349.063527591096, -5255.180530520025, -4921.973188652091, -4329.31437058537, -5361.279916620515, -4753.923611849689, -5265.076027870938, -5182.334566810874, -4550.013340572107, -4712.246142384684, -4875.3526670482215, -4931.895757270202, -4587.300320016059, -4769.287179112767, -5125.080008741059, -4631.780341728294, -5542.535676935735, -4700.264820699262, -4449.787066920928, -4615.957601430355, -4495.0478771329335, -4773.950199725168, -4681.339912586315, -5074.526696143589, -4371.109996324836, -4303.7000913929805, -4837.702849442505, -4559.542438404017, -4462.45423503938, -4792.178486410566, -4617.195759329209, -4798.185637927969, -4787.418370198217, -4820.394642776494, -4692.167655849346, -4452.795864491353, -4930.480197630089, -4311.567758967877, -4846.5588378372195, -4755.408420025415, -4657.3643068610245, -4859.35042104614, -5076.656530162279, -4965.820117152961, -4624.637068133725, -4852.5065722301215, -4935.118128949222, -4296.275336708526, -4657.239257750516, -4529.282517531015, -4965.55122460733, -4562.057784194327, -5267.690545308682, -4717.876351734596, -5039.0287170788515, -5130.693755644522, -5135.003992310395, -4636.30434735767, -4424.9566452737745, -4503.739016053569, -4917.293639500305, -4474.076935353574, -5029.857158045777, -4433.97718712723, -4544.719395515534, -4960.702370730085, -4493.212979369003, -4554.092077995383, -4534.106824448638, -4568.71099406772, -4823.766746591042, -4966.029964014499, -5112.6906439317345]

score_vector_gis=[-4032.604348269783, -4091.2367685766853, -4037.8862426260616, -4137.980236237225, -4149.359144532466, -4195.61409191378, -4094.833272097991, -3993.4558240862475, -4162.56911500864, -4077.0325210329875, -4065.174067411123, -4061.951874330831, -4083.460438000458, -4156.509756984847, -4129.139178197077, -3954.991989219034, -4174.530267887264, -4001.754727156394, -3992.8625330295345, -4172.0972631852055, -4092.9656433606324, -4014.7911373643647, -4152.09562991568, -4099.302802261691, -4077.4367762436395, -4071.3596516256725, -4122.373928641802, -4017.2865319792336, -4008.239771291821, -4173.12153328679, -3962.660645933452, -4061.024923555967, -4223.190354380037, -4095.697211541794, -4161.971135248457, -4107.616121887683, -4070.4457545766945, -3982.5761944790074, -4048.533485148589, -4095.847384717907, -4127.273490614828, -4098.440844028693, -4009.2127194526524, -4060.983050651871, -3981.507882135873, -4056.1463418765306, -4061.226730243275, -4160.736348685662, -4063.1757912946064, -4083.440723209337, -4062.1625851265444, -4091.306336715901, -4109.392861257391, -4046.8590624472504, -3982.950651448845, -4071.6580862004585, -4019.96537160577, -4096.612676791967, -4088.3680990154953, -4085.477984680674, -4013.55208491546, -4255.385826207807, -3987.7505831648286, -4025.791285711256, -3995.2206689786494, -4063.5957222744364, -4174.118855554064, -4156.316327757706, -4225.146132455682, -4098.856781728846, -4110.65335424947, -4114.379299453096, -4078.6732402570474, -4086.628087642233, -4006.259380328327, -4095.68143095846, -4110.720935418582, -4154.141449334531, -3928.072049586818, -4118.01263436753, -4041.449343012018, -4157.742752593094, -4138.449482156851, -4199.459691531077, -4001.3335975870823, -4094.440279329638, -4096.638286367765, -4009.343511681837, -4119.809103388476, -3986.818836152907, -4135.756156138166, -4142.440483153953, -4069.3366459793283, -4194.408323351248, -4120.641717908468, -4098.720104961585, -4130.926059397514, -4130.560788550873, -4084.021785150835, -4096.949770055796]

score_vector_gis_b=[]

score_vector_ges_gis=[]

score_vector_gis_phased_b=[]

score_vector_ske=[-4993.715432513239, -4425.8507940830195, -4584.996228806719, -4496.856458528837, -4956.220053920234, -4878.429028470596, -4986.121581977867, -4610.368711752114, -4846.130161596227, -5467.145075832352, -4353.502941864367, -5142.454818435537, -5217.124770613192, -4967.1308119451, -6081.866390026646, -4850.352506102484, -4708.029188239931, -4465.930907293629, -4983.178487319804, -5301.211133552762, -5159.350140902247, -5009.904457034294, -5033.882144087962, -5090.917125706326, -4730.5855129786605, -4683.913874232619, -4427.367681193841, -5991.198903327781, -5072.740462171038, -4744.206390577439, -4685.795043699443, -5707.644590965181, -4602.435101571322, -5191.603979975514, -4918.757815619595, -4687.577087340181, -4311.949505630198, -4828.468513745702, -4972.158743066995, -4621.501208892164, -4955.775253082691, -4718.243307908541, -4954.56263304949, -5210.72763231264, -4463.872059976912, -4377.623473518905, -4379.792538049572, -4485.540580827011, -4867.298446122913, -4662.176292639861, -5210.700008405074, -4714.784650691415, -4311.5073263128525, -4861.170313481107, -4798.343718486812, -4800.867550683539, -4792.178486410566, -4654.506312654831, -4696.972820545917, -5012.52635926906, -4654.508982349746, -4721.450955522708, -4438.611499538873, -5262.613146103997, -4497.538289068803, -5259.110597763483, -4837.249551378773, -4707.352875523027, -4859.35042104614, -5271.943822413475, -4944.513472067815, -4853.887408297865, -4837.608998297928, -4597.607520621282, -4405.4193389716365, -4901.385785694178, -4791.047931747204, -5470.369471493356, -4466.078243785813, -5006.054925189388, -4817.336725579631, -5059.599991309183, -4882.140052137602, -5108.23171980015, -4656.807810376913, -4467.261107567025, -4756.664075247583, -4905.264157089912, -4491.370391850369, -5184.511994426204, -4621.725978322661, -4760.7726815472015, -4885.642683308267, -4774.992684122737, -5057.906458048727, -4599.433787294858, -4575.67267111888, -4927.11843738129, -4756.529047493064, -4718.824190689686]

score_vector_opt=[]

score_vector_true=[-4050.507009110165, -4104.9903702536085, -4049.77205945658, -4145.69213796306, -4162.204766302907, -4210.162259105042, -4102.076990841464, -4002.971960750338, -4174.490667241849, -4082.5361664520938, -4071.4475773072, -4071.11071835694, -4093.66522419464, -4163.585991125231, -4155.125228526519, -3947.604668087854, -4181.113865236898, -3997.104061155268, -3998.842618958085, -4179.046391454311, -4097.163225334259, -4020.1535992384042, -4161.489768421663, -4107.650222042311, -4082.378244487708, -4072.922006366636, -4122.701668107699, -4030.0073023930086, -4024.125008546925, -4174.988964526961, -3968.489517469949, -4062.5920697964903, -4218.11748832887, -4101.157463291758, -4171.660733651636, -4112.021356340685, -4069.036084707754, -3986.9944694105316, -4051.877479328208, -4106.77122309506, -4125.879417505568, -4103.169789292245, -4009.619370971314, -4067.362714060757, -3994.7529369159847, -4047.6542355427136, -4073.6088195315215, -4174.307756394307, -4064.688774600121, -4090.998861206754, -4069.9322989010916, -4094.93614405075, -4118.357905202758, -4055.733529487124, -3984.198253012727, -4083.5614184515516, -4023.431218765058, -4100.6746254107475, -4094.270141269606, -4082.711121310146, -4017.8234574200624, -4259.629930000551, -3997.7716983615146, -4031.27770094173, -4007.609105108416, -4067.86839884867, -4182.696951550685, -4175.830081348195, -4234.3565727650775, -4101.787367539891, -4116.064196992313, -4126.741604639878, -4082.571480110925, -4091.5568732305137, -4007.694069680284, -4104.993373653783, -4123.683865252774, -4151.209264943013, -3933.8771767304634, -4123.068622222121, -4049.3826112767097, -4164.2505231304185, -4147.534976258139, -4201.91106771387, -4009.604118723087, -4093.790335298004, -4102.655517916663, -4022.267919746445, -4124.194347814802, -3997.2163508259255, -4147.403146379344, -4149.141024320665, -4064.156553129109, -4204.188697008498, -4126.0668463012935, -4101.374385629445, -4133.117811608226, -4134.155383599838, -4094.135743619343, -4104.686236713837]

step_vector_gis=[34, 36, 34, 32, 35, 31, 35, 34, 42, 36, 36, 34, 34, 40, 30, 33, 37, 33, 34, 33, 33, 36, 31, 33, 32, 36, 30, 30, 32, 33, 30, 33, 34, 34, 40, 32, 33, 35, 34, 33, 34, 35, 38, 34, 34, 35, 31, 35, 39, 35, 30, 36, 36, 33, 33, 37, 33, 32, 36, 39, 33, 34, 33, 32, 36, 34, 36, 35, 37, 36, 35, 36, 32, 35, 37, 33, 39, 30, 33, 31, 33, 34, 38, 29, 41, 29, 36, 33, 42, 33, 34, 33, 32, 35, 38, 32, 36, 31, 32, 30]

step_vector_ske=[9, 6, 5, 5, 3, 5, 4, 3, 1, 4, 3, 3, 4, 8, 4, 4, 0, 7, 3, 4, 2, 5, 2, 2, 4, 2, 5, 2, 3, 5, 1, 1, 8, 2, 2, 6, 6, 5, 1, 3, 2, 8, 1, 2, 5, 6, 4, 7, 4, 6, 3, 5, 3, 2, 4, 4, 3, 3, 6, 2, 7, 3, 7, 5, 6, 4, 4, 3, 5, 5, 4, 5, 3, 5, 6, 7, 5, 3, 7, 6, 3, 2, 6, 2, 2, 4, 4, 5, 4, 3, 3, 7, 7, 5, 2, 3, 6, 1, 3, 2]

step_vector_ges_gis=[]

step_vector_gis_b=[]

step_vector_gis_phased_b=[]

return_dags_vector=[['ges', 'pc', 'mmhc', 'gis', 'ske', 'true'], [[(0, 7), (2, 0), (2, 1), (2, 7), (3, 0), (3, 2), (3, 4), (3, 5), (3, 7), (4, 0), (4, 2), (4, 5), (4, 7), (5, 0), (5, 2), (6, 0), (6, 1), (6, 4), (6, 5), (6, 7)], [(0, 3), (0, 6), (1, 2), (2, 3), (2, 7), (4, 5), (4, 6), (5, 0), (5, 7), (7, 0)], [(0, 3), (0, 5), (1, 2), (2, 3), (2, 4), (2, 7), (4, 5), (6, 0), (6, 2), (6, 4), (6, 7), (7, 0)], [(2, 0), (3, 0), (4, 0), (5, 0), (6, 0), (0, 7), (2, 1), (1, 6), (2, 3), (2, 4), (5, 2), (2, 6), (2, 7), (4, 3), (3, 7), (5, 4), (6, 4), (4, 7), (5, 6), (6, 7)], [(0, 3), (5, 0), (6, 0), (0, 7), (2, 1), (2, 3), (7, 2), (5, 4), (6, 4), (5, 7)], [(0, 2), (0, 3), (0, 4), (0, 5), (0, 6), (0, 7), (1, 0), (1, 2), (1, 3), (1, 5), (1, 6), (1, 7), (2, 4), (3, 2), (3, 4), (5, 2), (5, 3), (5, 4), (5, 6), (5, 7), (6, 2), (6, 4), (6, 7), (7, 2), (7, 3), (7, 4)]], [[(0, 2), (0, 3), (0, 4), (1, 2), (1, 3), (1, 4), (1, 5), (1, 6), (3, 2), (3, 6), (4, 2), (4, 6), (5, 0), (5, 2), (5, 3), (5, 4), (5, 6), (6, 2), (7, 0), (7, 2), (7, 5), (7, 6)], [(0, 2), (0, 4), (0, 5), (0, 7), (1, 2), (1, 5), (2, 7), (3, 5), (4, 7), (5, 7), (6, 1), (6, 2)], [(0, 2), (0, 3), (0, 4), (0, 5), (0, 7), (1, 2), (1, 5), (4, 7), (5, 3), (6, 1), (6, 2), (7, 2), (7, 5)], [(0, 2), (0, 3), (4, 0), (5, 0), (0, 7), (1, 2), (1, 3), (1, 5), (1, 6), (1, 7), (2, 3), (6, 2), (7, 2), (4, 3), (5, 3), (6, 3), (7, 3), (4, 5), (4, 6), (5, 6), (5, 7), (7, 6)], [(0, 2), (0, 4), (5, 0), (7, 0), (1, 2), (1, 5), (6, 1), (6, 2), (7, 2), (5, 3), (7, 4), (7, 5)], [(0, 5), (0, 6), (0, 7), (1, 0), (1, 2), (1, 3), (1, 4), (1, 5), (1, 6), (1, 7), (2, 0), (2, 4), (2, 5), (2, 6), (2, 7), (3, 0), (3, 2), (3, 4), (3, 5), (3, 6), (3, 7), (4, 0), (4, 5), (4, 6), (4, 7), (6, 5), (6, 7), (7, 5)]], [[(0, 4), (0, 5), (0, 6), (1, 0), (1, 2), (1, 3), (1, 4), (1, 5), (1, 7), (2, 0), (2, 4), (2, 5), (2, 6), (2, 7), (3, 0), (3, 4), (3, 5), (3, 6), (4, 5), (6, 4), (6, 5), (7, 3), (7, 4), (7, 5), (7, 6)], [(0, 2), (0, 3), (0, 7), (1, 2), (1, 3), (3, 4), (3, 7), (5, 2), (5, 6), (6, 4), (6, 7), (7, 2)], [(0, 3), (1, 3), (2, 0), (2, 1), (2, 5), (2, 7), (4, 0), (4, 3), (5, 6), (5, 7), (6, 4), (7, 0), (7, 3), (7, 6)], [(1, 0), (2, 0), (0, 3), (4, 0), (0, 5), (2, 1), (1, 3), (1, 5), (1, 6), (1, 7), (4, 2), (2, 5), (2, 6), (2, 7), (4, 3), (3, 5), (3, 6), (3, 7), (4, 5), (4, 6), (5, 6), (7, 6)], [(0, 2), (0, 3), (0, 7), (1, 2), (1, 3), (5, 2), (7, 2), (3, 4), (3, 7), (6, 4), (6, 5), (7, 6)], [(0, 1), (0, 2), (0, 3), (0, 4), (0, 5), (0, 7), (2, 1), (2, 5), (2, 6), (3, 1), (3, 5), (3, 6), (3, 7), (4, 1), (4, 2), (4, 3), (4, 5), (4, 6), (4, 7), (5, 1), (6, 1), (6, 5), (7, 1), (7, 2), (7, 5), (7, 6)]], [[(0, 1), (0, 4), (1, 4), (2, 0), (2, 1), (2, 3), (2, 4), (3, 0), (3, 1), (3, 4), (5, 0), (5, 1), (5, 2), (5, 4), (5, 7), (6, 1), (6, 2), (6, 4), (7, 1), (7, 2), (7, 3)], [(0, 2), (0, 4), (1, 4), (1, 5), (1, 6), (2, 5), (2, 6), (3, 1), (3, 4), (4, 5), (7, 3)], [(0, 2), (0, 4), (0, 6), (1, 3), (1, 4), (1, 5), (1, 6), (2, 7), (3, 2), (3, 4), (3, 7), (4, 5), (4, 7), (5, 2)], [(0, 1), (0, 2), (0, 3), (0, 4), (6, 0), (2, 1), (3, 1), (4, 1), (5, 1), (6, 1), (7, 1), (4, 2), (5, 2), (2, 7), (3, 4), (3, 5), (3, 7), (4, 5), (6, 4), (5, 7)], [(0, 2), (0, 4), (3, 1), (4, 1), (5, 1), (6, 1), (5, 2), (2, 6), (3, 4), (7, 3), (4, 5)], [(0, 4), (0, 5), (0, 7), (1, 0), (1, 2), (1, 3), (1, 4), (1, 5), (1, 7), (2, 0), (2, 4), (2, 5), (2, 7), (3, 2), (3, 4), (3, 5), (3, 7), (5, 4), (5, 7), (6, 0), (6, 1), (6, 2), (6, 3), (6, 4), (6, 5), (6, 7)]], [[(0, 1), (1, 2), (3, 0), (3, 2), (3, 4), (3, 6), (3, 7), (4, 0), (4, 2), (4, 5), (4, 6), (5, 0), (5, 1), (5, 2), (5, 6), (5, 7), (6, 1), (6, 2), (7, 0), (7, 1), (7, 2), (7, 6)], [(0, 3), (2, 1), (2, 4), (2, 5), (2, 7), (3, 6), (4, 6), (5, 6), (5, 7), (6, 1), (6, 7), (7, 1)], [(0, 3), (0, 4), (1, 2), (2, 7), (3, 6), (4, 2), (4, 6), (5, 1), (5, 2), (6, 1), (6, 5), (6, 7)], [(0, 2), (3, 0), (0, 4), (0, 5), (0, 7), (2, 1), (3, 1), (1, 4), (1, 5), (1, 6), (1, 7), (2, 4), (2, 5), (2, 7), (3, 5), (3, 6), (4, 5), (4, 6), (6, 5), (7, 5), (6, 7)], [(3, 0), (1, 2), (1, 6), (1, 7), (4, 2), (2, 5), (2, 7), (6, 3), (4, 6), (6, 5), (5, 7), (6, 7)], [(0, 1), (0, 2), (0, 4), (0, 5), (0, 6), (0, 7), (1, 2), (1, 5), (1, 6), (1, 7), (2, 5), (3, 0), (3, 1), (3, 2), (3, 4), (3, 5), (3, 6), (3, 7), (4, 2), (4, 5), (6, 2), (6, 4), (6, 5), (7, 2), (7, 4), (7, 5), (7, 6)]], [[(0, 3), (0, 4), (0, 7), (1, 2), (1, 3), (1, 4), (1, 5), (1, 6), (2, 0), (2, 3), (2, 4), (2, 6), (2, 7), (3, 7), (4, 3), (4, 6), (4, 7), (5, 0), (5, 4), (5, 6), (5, 7), (6, 3)], [(0, 2), (0, 3), (0, 6), (1, 2), (1, 3), (3, 7), (4, 6), (4, 7), (5, 1), (5, 4), (6, 7)], [(0, 2), (0, 3), (1, 2), (1, 3), (2, 7), (4, 1), (4, 5), (4, 6), (4, 7), (5, 0), (5, 1), (5, 6), (6, 0), (6, 7), (7, 3)], [(2, 0), (0, 3), (5, 0), (0, 6), (0, 7), (1, 2), (1, 3), (1, 4), (5, 1), (1, 6), (2, 3), (2, 6), (2, 7), (4, 3), (6, 3), (3, 7), (5, 4), (6, 4), (4, 7), (5, 6), (5, 7)], [(0, 2), (0, 3), (6, 0), (1, 2), (1, 3), (5, 1), (7, 3), (4, 5), (6, 4), (7, 4), (7, 6)], [(0, 1), (0, 2), (0, 3), (0, 4), (0, 5), (0, 6), (0, 7), (1, 4), (1, 6), (2, 1), (2, 3), (2, 4), (2, 5), (2, 6), (2, 7), (3, 1), (3, 4), (3, 5), (3, 6), (3, 7), (5, 1), (5, 4), (5, 6), (5, 7), (6, 4), (7, 4), (7, 6)]], [[(0, 6), (1, 0), (1, 6), (1, 7), (3, 4), (3, 6), (3, 7), (4, 0), (4, 1), (4, 2), (4, 6), (4, 7), (5, 0), (5, 2), (5, 4), (5, 6), (5, 7), (6, 2), (7, 0), (7, 6)], [(0, 4), (1, 4), (1, 7), (2, 4), (3, 4), (5, 2), (5, 7), (6, 4), (7, 6)], [(0, 5), (1, 6), (1, 7), (2, 4), (2, 5), (4, 0), (4, 1), (4, 6), (5, 7), (6, 3), (6, 7), (7, 3)], [(2, 0), (0, 3), (0, 4), (5, 0), (0, 7), (2, 1), (1, 3), (1, 4), (1, 6), (1, 7), (2, 4), (5, 2), (4, 3), (5, 3), (6, 3), (7, 3), (4, 6), (4, 7), (5, 6), (5, 7), (7, 6)], [(4, 0), (4, 1), (7, 1), (4, 2), (2, 5), (4, 3), (6, 4), (5, 7), (6, 7)], [(0, 2), (0, 3), (0, 4), (0, 5), (0, 7), (1, 0), (1, 2), (1, 3), (1, 4), (1, 5), (1, 6), (1, 7), (2, 4), (2, 5), (2, 6), (2, 7), (3, 4), (3, 5), (3, 6), (3, 7), (4, 5), (4, 6), (4, 7), (6, 5), (7, 5), (7, 6)]], [[(0, 2), (0, 4), (0, 6), (0, 7), (1, 3), (1, 4), (1, 5), (1, 7), (2, 1), (2, 3), (2, 4), (2, 5), (2, 6), (2, 7), (4, 3), (5, 3), (5, 4), (5, 6), (5, 7), (6, 3), (6, 4), (7, 3), (7, 4), (7, 6)], [(0, 7), (1, 3), (1, 5), (2, 5), (2, 7), (3, 4), (3, 5), (4, 6), (4, 7), (6, 7)], [(2, 1), (2, 5), (2, 7), (3, 4), (3, 5), (4, 6), (5, 1), (7, 0), (7, 1), (7, 6)], [(0, 2), (0, 5), (0, 6), (0, 7), (1, 2), (4, 1), (1, 5), (6, 1), (3, 2), (4, 2), (5, 2), (7, 2), (4, 3), (5, 3), (6, 3), (7, 3), (4, 5), (4, 6), (4, 7), (6, 5), (5, 7), (6, 7)], [(7, 0), (3, 1), (1, 5), (2, 5), (7, 2), (3, 4), (3, 5), (4, 6), (7, 4), (7, 6)], [(0, 2), (0, 3), (0, 6), (0, 7), (1, 0), (1, 2), (1, 4), (1, 5), (1, 6), (1, 7), (2, 7), (3, 2), (3, 6), (3, 7), (4, 0), (4, 2), (4, 3), (4, 5), (4, 6), (4, 7), (5, 0), (5, 2), (5, 3), (5, 6), (5, 7), (7, 6)]], [[(0, 1), (0, 3), (0, 4), (0, 5), (0, 7), (2, 1), (2, 4), (2, 5), (3, 1), (3, 2), (3, 4), (3, 5), (4, 5), (6, 1), (6, 2), (6, 4), (6, 5), (6, 7), (7, 1), (7, 2), (7, 3), (7, 5)], [(0, 1), (0, 4), (1, 2), (1, 7), (2, 4), (2, 5), (2, 7), (3, 5), (4, 7), (5, 6), (6, 7)], [(0, 4), (1, 0), (1, 7), (2, 1), (2, 4), (2, 5), (2, 7), (3, 0), (3, 6), (4, 7), (5, 3), (5, 6), (6, 7)], [(0, 1), (0, 2), (0, 3), (0, 4), (0, 5), (0, 7), (1, 2), (3, 1), (5, 1), (6, 1), (7, 1), (4, 2), (5, 2), (6, 2), (7, 2), (3, 5), (7, 3), (4, 5), (7, 4), (6, 5), (7, 5), (6, 7)], [(1, 0), (0, 4), (2, 1), (1, 7), (2, 4), (5, 2), (2, 7), (5, 3), (4, 7), (6, 5), (6, 7)], [(1, 0), (1, 2), (1, 3), (1, 4), (1, 6), (1, 7), (2, 0), (2, 3), (2, 6), (2, 7), (3, 0), (3, 6), (3, 7), (4, 0), (4, 2), (4, 3), (4, 7), (5, 0), (5, 1), (5, 2), (5, 3), (5, 4), (5, 6), (5, 7), (6, 0), (7, 0), (7, 6)]], [[(0, 1), (0, 4), (0, 7), (1, 4), (2, 0), (2, 1), (2, 3), (2, 4), (2, 5), (2, 6), (3, 0), (3, 1), (3, 5), (3, 6), (3, 7), (5, 0), (5, 1), (5, 4), (5, 7), (6, 0), (6, 1), (6, 4), (6, 7), (7, 1)], [(0, 2), (1, 0), (2, 3), (3, 6), (5, 0), (5, 3), (7, 2), (7, 3), (7, 6)], [(0, 1), (0, 2), (0, 5), (2, 3), (2, 7), (3, 6), (5, 3), (6, 4), (7, 3), (7, 6)], [(0, 1), (0, 2), (0, 3), (4, 0), (0, 5), (0, 6), (0, 7), (1, 2), (1, 3), (1, 5), (1, 6), (1, 7), (3, 2), (4, 2), (5, 2), (6, 2), (2, 7), (5, 3), (3, 6), (3, 7), (4, 5), (4, 6), (5, 7), (6, 7)], [(1, 0), (0, 2), (5, 0), (2, 3), (2, 7), (5, 3), (3, 6), (7, 3), (7, 6)], [(0, 2), (0, 3), (0, 5), (0, 6), (1, 0), (1, 2), (1, 3), (1, 5), (1, 6), (1, 7), (2, 3), (2, 5), (2, 6), (2, 7), (3, 5), (3, 6), (4, 0), (4, 1), (4, 2), (4, 3), (4, 5), (4, 6), (4, 7), (6, 5), (7, 3), (7, 5), (7, 6)]], [[(0, 2), (0, 6), (1, 2), (1, 6), (1, 7), (2, 6), (3, 0), (3, 1), (3, 2), (3, 5), (3, 6), (4, 1), (4, 2), (4, 6), (4, 7), (5, 0), (5, 1), (5, 2), (5, 4), (5, 7), (7, 0), (7, 2)], [(0, 1), (0, 5), (1, 3), (1, 7), (3, 2), (3, 5), (4, 2), (4, 7), (5, 7), (6, 1), (6, 3)], [(0, 5), (1, 3), (1, 6), (1, 7), (2, 0), (2, 7), (3, 2), (3, 5), (3, 6), (4, 2), (4, 7), (5, 7)], [(0, 1), (0, 2), (0, 5), (1, 3), (1, 4), (1, 5), (6, 1), (1, 7), (2, 3), (2, 4), (2, 5), (6, 2), (4, 3), (3, 5), (6, 3), (3, 7), (4, 5), (6, 4), (4, 7), (6, 5), (7, 5), (6, 7)], [(0, 1), (0, 5), (1, 3), (6, 1), (1, 7), (3, 2), (4, 2), (3, 5), (6, 3), (4, 7), (5, 7)], [(0, 1), (0, 2), (0, 3), (0, 4), (0, 5), (0, 6), (0, 7), (2, 1), (2, 3), (2, 4), (2, 6), (3, 1), (3, 6), (4, 3), (4, 6), (5, 1), (5, 2), (5, 3), (5, 4), (5, 6), (5, 7), (6, 1), (7, 1), (7, 2), (7, 3), (7, 4), (7, 6)]], [[(0, 1), (0, 3), (0, 4), (0, 5), (1, 3), (1, 5), (2, 0), (2, 1), (2, 3), (2, 4), (2, 6), (2, 7), (5, 3), (5, 4), (6, 0), (6, 3), (6, 4), (6, 5), (7, 0), (7, 1), (7, 3), (7, 5)], [(0, 4), (0, 5), (0, 7), (1, 2), (1, 7), (2, 4), (2, 7), (4, 6), (5, 4), (6, 3)], [(0, 4), (0, 5), (0, 7), (1, 2), (1, 7), (2, 3), (2, 4), (2, 7), (3, 5), (4, 5), (4, 6), (6, 3)], [(0, 1), (0, 3), (0, 4), (0, 5), (0, 6), (0, 7), (2, 1), (1, 3), (1, 5), (1, 6), (1, 7), (2, 3), (2, 4), (2, 5), (2, 7), (4, 3), (3, 5), (3, 6), (3, 7), (4, 5), (4, 6), (6, 5), (7, 5), (7, 6)], [(0, 4), (0, 5), (0, 7), (2, 1), (7, 1), (2, 4), (2, 7), (6, 3), (5, 4), (4, 6)], [(1, 0), (1, 2), (1, 3), (1, 4), (1, 5), (1, 6), (1, 7), (2, 0), (2, 3), (2, 7), (3, 0), (4, 0), (4, 2), (4, 3), (4, 5), (4, 6), (4, 7), (5, 0), (5, 2), (5, 3), (5, 7), (6, 0), (6, 2), (6, 3), (6, 5), (6, 7), (7, 0)]], [[(0, 2), (0, 7), (1, 0), (1, 2), (1, 3), (1, 5), (1, 6), (1, 7), (2, 7), (3, 0), (3, 2), (3, 7), (4, 2), (4, 3), (4, 5), (4, 6), (4, 7), (5, 0), (5, 2), (5, 6), (5, 7), (6, 0), (6, 2), (6, 7)], [(0, 4), (0, 7), (1, 2), (2, 4), (3, 0), (3, 4), (5, 0), (6, 1), (6, 4), (7, 6)], [(0, 3), (0, 4), (0, 5), (1, 2), (1, 6), (3, 4), (3, 7), (4, 2), (4, 6), (5, 7), (6, 7)], [(0, 1), (3, 0), (0, 5), (0, 6), (0, 7), (2, 1), (3, 1), (1, 4), (1, 5), (6, 1), (7, 1), (2, 4), (2, 5), (2, 6), (2, 7), (3, 4), (3, 5), (3, 6), (4, 5), (6, 4), (7, 4), (6, 5), (7, 5), (6, 7)], [(3, 0), (4, 0), (5, 0), (0, 7), (2, 1), (6, 1), (2, 4), (3, 4), (4, 6), (7, 6)], [(0, 6), (1, 0), (1, 3), (1, 5), (1, 6), (2, 0), (2, 1), (2, 3), (2, 5), (2, 6), (3, 0), (3, 6), (4, 0), (4, 1), (4, 2), (4, 3), (4, 5), (4, 6), (4, 7), (5, 0), (5, 3), (5, 6), (7, 0), (7, 1), (7, 2), (7, 3), (7, 5), (7, 6)]], [[(0, 3), (0, 4), (0, 6), (0, 7), (1, 0), (1, 2), (1, 3), (1, 4), (1, 6), (1, 7), (2, 3), (2, 4), (2, 5), (2, 6), (2, 7), (3, 4), (5, 0), (5, 3), (5, 4), (5, 7), (6, 4), (6, 7), (7, 3), (7, 4)], [(0, 6), (1, 4), (2, 7), (3, 0), (3, 7), (4, 7), (5, 2), (5, 4), (7, 6)], [(1, 4), (2, 5), (3, 0), (3, 4), (5, 0), (5, 4), (6, 0), (6, 7), (7, 2), (7, 3), (7, 4)], [(2, 0), (3, 0), (0, 4), (0, 7), (2, 1), (3, 1), (4, 1), (1, 6), (1, 7), (3, 2), (2, 4), (5, 2), (2, 6), (2, 7), (3, 4), (5, 3), (3, 6), (3, 7), (5, 4), (4, 6), (4, 7), (5, 6), (5, 7), (7, 6)], [(3, 0), (6, 0), (1, 4), (2, 5), (7, 2), (7, 3), (5, 4), (7, 4), (7, 6)], [(1, 0), (1, 4), (1, 5), (1, 6), (1, 7), (2, 0), (2, 1), (2, 4), (2, 5), (2, 6), (2, 7), (3, 0), (3, 1), (3, 2), (3, 4), (3, 5), (3, 6), (3, 7), (4, 0), (4, 5), (5, 0), (6, 4), (6, 5), (6, 7), (7, 0), (7, 4), (7, 5)]], [[(0, 2), (0, 4), (1, 0), (1, 2), (1, 4), (1, 5), (1, 7), (2, 4), (2, 7), (3, 0), (3, 1), (3, 2), (3, 4), (3, 5), (4, 5), (4, 7), (6, 1), (6, 2), (6, 4), (6, 5), (7, 5)], [(1, 0), (2, 4), (3, 0), (3, 4), (5, 1), (6, 2), (6, 4), (7, 1), (7, 5)], [(0, 3), (0, 6), (1, 5), (1, 7), (2, 4), (2, 6), (3, 4), (6, 4)], [(1, 0), (0, 2), (4, 0), (0, 6), (1, 2), (4, 1), (5, 1), (1, 7), (4, 2), (5, 2), (2, 6), (2, 7), (4, 3), (5, 3), (6, 3), (4, 6), (4, 7), (5, 7)], [(0, 1), (0, 3), (5, 1), (1, 7), (4, 2), (6, 2), (3, 4), (6, 4), (5, 7)], [(0, 1), (0, 2), (0, 3), (0, 4), (0, 6), (1, 2), (1, 3), (1, 4), (1, 6), (2, 3), (2, 4), (3, 4), (5, 0), (5, 1), (5, 2), (5, 4), (5, 6), (5, 7), (6, 2), (6, 3), (6, 4), (7, 0), (7, 1), (7, 2), (7, 3), (7, 4), (7, 6)]], [[(0, 2), (0, 3), (0, 4), (0, 5), (0, 6), (0, 7), (1, 4), (1, 5), (2, 4), (3, 2), (3, 4), (5, 2), (5, 4), (5, 7), (6, 1), (6, 2), (6, 3), (6, 4), (6, 5), (6, 7), (7, 2), (7, 3), (7, 4)], [(1, 2), (2, 4), (3, 0), (3, 2), (3, 4), (4, 7), (5, 1), (5, 7), (6, 1), (6, 5)], [(1, 6), (2, 3), (3, 0), (3, 4), (4, 6), (4, 7), (5, 1), (5, 6), (7, 5)], [(1, 0), (0, 3), (4, 0), (0, 5), (0, 7), (1, 2), (1, 3), (4, 1), (1, 5), (6, 1), (1, 7), (2, 3), (4, 2), (2, 5), (6, 2), (7, 2), (4, 3), (5, 3), (6, 3), (7, 3), (6, 4), (4, 7), (6, 5), (7, 5), (6, 7)], [(3, 0), (2, 1), (1, 5), (6, 1), (2, 3), (2, 4), (4, 3), (7, 4), (6, 5), (5, 7)], [(0, 1), (0, 2), (0, 3), (0, 4), (0, 5), (0, 6), (1, 3), (2, 1), (2, 3), (2, 4), (4, 1), (4, 3), (5, 1), (5, 2), (5, 3), (5, 4), (6, 1), (6, 3), (6, 4), (6, 5), (7, 1), (7, 3), (7, 4), (7, 5)]], [[(1, 0), (1, 7), (2, 0), (2, 1), (2, 3), (2, 4), (2, 5), (2, 6), (3, 1), (3, 5), (3, 6), (3, 7), (4, 0), (4, 1), (4, 6), (4, 7), (5, 0), (5, 4), (5, 6), (6, 0), (7, 0), (7, 6)], [(0, 1), (0, 2), (0, 4), (1, 2), (1, 3), (2, 6), (3, 6), (4, 5), (4, 6), (5, 3), (7, 1), (7, 3)], [(1, 0), (1, 2), (1, 3), (1, 7), (2, 0), (2, 5), (2, 6), (3, 5), (3, 6), (3, 7), (4, 0), (4, 6), (5, 4), (6, 0)], [(0, 1), (0, 2), (0, 3), (4, 0), (0, 6), (0, 7), (2, 1), (3, 1), (4, 1), (5, 1), (6, 1), (1, 7), (2, 3), (2, 5), (2, 6), (2, 7), (4, 3), (5, 3), (6, 3), (3, 7), (4, 5), (4, 6), (4, 7)], [(1, 0), (0, 2), (0, 4), (1, 2), (1, 3), (7, 1), (2, 6), (3, 5), (3, 6), (7, 3), (4, 5), (4, 6)], [(0, 1), (0, 2), (0, 3), (0, 7), (2, 1), (2, 3), (2, 7), (3, 1), (4, 0), (4, 1), (4, 2), (4, 3), (4, 7), (5, 0), (5, 1), (5, 2), (5, 3), (5, 4), (5, 7), (6, 1), (6, 2), (6, 3), (6, 4), (6, 5), (6, 7), (7, 1), (7, 3)]], [[(0, 1), (0, 2), (0, 3), (0, 5), (0, 7), (1, 3), (1, 6), (1, 7), (2, 4), (2, 5), (2, 6), (3, 7), (4, 1), (4, 3), (4, 5), (4, 6), (5, 3), (5, 7), (6, 3), (6, 5), (6, 7)], [(0, 1), (0, 2), (0, 5), (0, 7), (1, 7), (2, 5), (2, 6), (3, 5), (4, 1), (4, 7), (6, 3), (6, 7)], [(0, 1), (0, 2), (0, 5), (0, 7), (2, 3), (2, 6), (3, 6), (3, 7), (4, 1), (4, 6), (5, 2), (7, 1), (7, 6)], [(0, 1), (0, 2), (4, 0), (5, 0), (0, 6), (0, 7), (1, 2), (1, 3), (4, 1), (1, 7), (4, 2), (5, 2), (6, 2), (7, 2), (4, 3), (5, 3), (3, 6), (3, 7), (5, 4), (4, 6), (4, 7), (5, 6), (7, 6)], [(0, 1), (2, 0), (5, 0), (0, 7), (4, 1), (7, 1), (5, 2), (6, 2), (3, 5), (6, 3), (7, 4), (6, 7)], [(1, 0), (1, 5), (1, 6), (1, 7), (2, 0), (2, 1), (2, 5), (2, 6), (3, 0), (3, 1), (3, 2), (3, 5), (3, 6), (3, 7), (4, 1), (4, 2), (4, 3), (4, 5), (4, 6), (5, 0), (5, 7), (6, 7), (7, 0)]], [[(1, 0), (1, 2), (1, 3), (1, 4), (1, 6), (2, 3), (2, 5), (3, 0), (4, 0), (4, 3), (4, 5), (4, 6), (4, 7), (5, 0), (6, 0), (6, 2), (6, 3), (6, 5), (7, 2), (7, 3), (7, 5), (7, 6)], [(0, 1), (0, 5), (1, 6), (2, 1), (2, 3), (4, 1), (4, 5), (4, 6), (5, 7), (6, 7)], [(0, 1), (0, 5), (1, 2), (1, 4), (1, 6), (2, 3), (2, 5), (2, 6), (4, 5), (6, 3), (6, 4), (7, 5), (7, 6)], [(1, 0), (0, 2), (0, 3), (0, 5), (0, 6), (1, 2), (1, 3), (4, 1), (1, 5), (1, 6), (1, 7), (2, 3), (2, 5), (6, 2), (2, 7), (4, 3), (5, 3), (6, 3), (7, 3), (4, 5), (4, 6), (4, 7), (7, 5), (6, 7)], [(1, 0), (0, 5), (1, 2), (1, 4), (1, 6), (2, 3), (4, 5), (6, 4), (7, 5), (7, 6)], [(0, 1), (0, 2), (0, 3), (0, 4), (0, 5), (0, 6), (0, 7), (2, 1), (2, 3), (2, 5), (2, 6), (2, 7), (3, 1), (3, 4), (3, 6), (3, 7), (4, 1), (4, 6), (5, 1), (5, 3), (5, 4), (5, 6), (5, 7), (6, 1), (7, 1), (7, 6)]], [[(0, 1), (0, 2), (0, 3), (0, 4), (0, 5), (0, 7), (1, 3), (1, 6), (2, 1), (2, 3), (2, 6), (3, 6), (4, 1), (4, 2), (4, 3), (4, 5), (4, 6), (5, 1), (5, 3), (5, 6), (5, 7), (7, 2), (7, 3), (7, 6)], [(0, 2), (1, 2), (3, 2), (4, 2), (5, 0), (5, 4), (6, 1), (6, 2), (6, 3), (7, 5)], [(0, 5), (1, 2), (1, 6), (2, 0), (2, 3), (2, 6), (3, 7), (4, 7), (5, 4), (5, 7), (6, 3)], [(0, 1), (0, 2), (0, 3), (4, 0), (0, 5), (0, 6), (0, 7), (1, 2), (1, 3), (1, 5), (1, 6), (1, 7), (3, 2), (4, 2), (6, 2), (4, 3), (3, 5), (7, 3), (4, 5), (4, 6), (4, 7), (5, 6), (7, 6)], [(2, 0), (5, 0), (2, 1), (6, 1), (2, 3), (4, 2), (6, 2), (6, 3), (5, 4), (7, 5)], [(0, 1), (0, 2), (0, 3), (0, 7), (1, 2), (1, 3), (1, 7), (2, 3), (2, 7), (4, 0), (4, 2), (4, 3), (4, 6), (4, 7), (5, 0), (5, 1), (5, 2), (5, 3), (5, 4), (5, 6), (5, 7), (6, 0), (6, 1), (6, 2), (6, 3), (6, 7), (7, 3)]], [[(0, 1), (0, 3), (0, 4), (0, 5), (0, 7), (2, 0), (2, 1), (2, 3), (2, 4), (2, 7), (3, 1), (3, 4), (4, 1), (5, 1), (5, 3), (5, 4), (5, 7), (6, 0), (6, 3), (6, 4), (6, 5), (7, 1), (7, 4)], [(0, 6), (1, 0), (1, 2), (1, 3), (2, 0), (2, 5), (3, 6), (4, 2), (4, 7), (5, 6), (5, 7)], [(0, 1), (0, 2), (0, 6), (1, 2), (2, 7), (3, 1), (3, 6), (5, 2), (5, 6), (5, 7), (7, 4)], [(0, 1), (2, 0), (0, 3), (0, 4), (0, 6), (0, 7), (2, 1), (1, 3), (1, 4), (5, 1), (6, 1), (7, 1), (2, 3), (2, 4), (5, 2), (2, 6), (2, 7), (3, 4), (6, 3), (7, 3), (5, 4), (6, 4), (7, 4), (5, 6), (5, 7)], [(0, 1), (0, 2), (0, 6), (1, 2), (3, 1), (2, 4), (5, 2), (3, 6), (4, 7), (5, 6), (5, 7)], [(0, 2), (1, 0), (1, 2), (1, 6), (3, 0), (3, 1), (3, 2), (3, 6), (4, 0), (4, 1), (4, 2), (4, 3), (4, 6), (5, 0), (5, 1), (5, 2), (5, 3), (5, 4), (5, 6), (6, 0), (6, 2), (7, 1), (7, 2), (7, 3), (7, 4), (7, 5), (7, 6)]], [[(0, 3), (1, 0), (1, 4), (2, 0), (2, 1), (2, 3), (2, 4), (2, 5), (2, 7), (4, 0), (5, 1), (5, 3), (5, 4), (5, 6), (5, 7), (6, 0), (6, 1), (6, 3), (6, 4), (7, 0), (7, 1), (7, 3), (7, 4)], [(0, 1), (0, 3), (4, 2), (4, 3), (4, 5), (6, 1), (6, 5), (7, 0), (7, 1), (7, 2)], [(2, 4), (2, 7), (4, 5), (5, 6), (6, 0), (6, 1), (7, 0), (7, 1), (7, 5)], [(0, 1), (3, 0), (6, 0), (0, 7), (2, 1), (4, 1), (1, 5), (6, 1), (7, 1), (2, 4), (2, 5), (6, 2), (2, 7), (4, 3), (3, 5), (6, 3), (3, 7), (4, 5), (4, 7), (6, 5), (7, 5), (6, 7)], [(0, 1), (3, 0), (0, 7), (6, 1), (7, 1), (4, 2), (2, 7), (4, 3), (4, 5), (5, 6)], [(0, 6), (1, 0), (1, 2), (1, 3), (1, 4), (1, 6), (1, 7), (2, 0), (3, 0), (3, 2), (3, 4), (3, 6), (3, 7), (4, 0), (4, 2), (4, 6), (5, 1), (5, 2), (5, 3), (5, 4), (5, 6), (5, 7), (7, 0), (7, 2), (7, 4), (7, 6)]], [[(1, 0), (2, 0), (2, 1), (2, 3), (2, 4), (3, 1), (3, 4), (4, 1), (5, 0), (5, 2), (5, 7), (6, 0), (6, 2), (6, 3), (6, 4), (7, 0), (7, 1), (7, 2), (7, 3), (7, 4)], [(0, 2), (1, 2), (1, 3), (5, 0), (5, 2), (6, 3), (6, 4), (7, 1), (7, 2), (7, 4)], [(0, 5), (1, 2), (1, 3), (1, 7), (2, 0), (2, 5), (3, 6), (5, 6), (6, 4), (7, 2), (7, 4)], [(0, 2), (0, 3), (0, 5), (0, 6), (1, 2), (3, 1), (4, 1), (1, 5), (1, 6), (1, 7), (4, 2), (2, 5), (2, 6), (2, 7), (4, 3), (3, 6), (3, 7), (4, 5), (4, 6), (4, 7), (6, 5), (7, 5), (6, 7)], [(0, 2), (0, 5), (1, 2), (1, 3), (1, 7), (2, 5), (2, 7), (3, 6), (6, 4), (7, 4)], [(0, 6), (1, 0), (1, 2), (1, 5), (1, 6), (1, 7), (2, 0), (2, 6), (3, 0), (3, 1), (3, 2), (3, 4), (3, 5), (3, 6), (3, 7), (4, 0), (4, 1), (4, 2), (4, 5), (4, 6), (4, 7), (5, 0), (5, 2), (5, 6), (7, 0), (7, 2), (7, 5), (7, 6)]], [[(0, 1), (0, 2), (0, 4), (0, 7), (1, 2), (1, 4), (1, 6), (1, 7), (3, 1), (3, 2), (3, 4), (3, 5), (3, 6), (3, 7), (4, 2), (4, 6), (4, 7), (5, 2), (5, 4), (5, 7), (6, 2), (6, 7)], [(0, 2), (0, 4), (1, 2), (3, 1), (3, 5), (5, 4), (6, 2), (6, 3), (7, 1), (7, 3), (7, 6)], [(0, 2), (0, 7), (1, 2), (1, 3), (1, 7), (2, 6), (3, 5), (3, 6), (5, 4), (6, 7)], [(0, 2), (4, 0), (0, 5), (0, 6), (0, 7), (2, 1), (3, 1), (4, 1), (6, 1), (1, 7), (2, 3), (2, 5), (2, 6), (5, 3), (6, 3), (3, 7), (4, 5), (4, 6), (4, 7), (5, 7), (6, 7)], [(0, 2), (0, 4), (1, 2), (3, 1), (1, 7), (2, 6), (3, 5), (3, 6), (3, 7), (5, 4), (6, 7)], [(0, 6), (1, 0), (1, 2), (1, 6), (1, 7), (2, 0), (2, 6), (3, 0), (3, 1), (3, 2), (3, 6), (3, 7), (4, 0), (4, 1), (4, 2), (4, 6), (4, 7), (5, 0), (5, 1), (5, 2), (5, 3), (5, 4), (5, 6), (5, 7), (7, 0), (7, 2), (7, 6)]], [[(1, 0), (1, 5), (1, 6), (2, 0), (2, 1), (2, 5), (2, 6), (3, 0), (3, 2), (3, 5), (3, 6), (3, 7), (4, 2), (4, 6), (5, 0), (5, 6), (6, 0), (7, 0), (7, 1), (7, 2), (7, 4), (7, 5)], [(0, 2), (0, 6), (1, 5), (1, 7), (2, 7), (3, 5), (3, 7), (4, 2), (5, 6), (6, 2)], [(0, 1), (0, 2), (0, 6), (1, 5), (2, 4), (2, 6), (3, 5), (3, 7), (4, 6), (6, 5), (7, 0), (7, 1), (7, 2)], [(0, 1), (2, 0), (3, 0), (0, 5), (0, 6), (0, 7), (2, 1), (3, 1), (1, 5), (7, 1), (3, 2), (4, 2), (2, 6), (2, 7), (4, 3), (3, 5), (3, 7), (4, 6), (4, 7), (5, 6), (7, 5), (7, 6)], [(2, 0), (6, 0), (1, 5), (7, 1), (4, 2), (2, 6), (7, 2), (3, 5), (7, 3), (6, 5)], [(0, 2), (0, 7), (1, 0), (1, 2), (1, 6), (1, 7), (2, 7), (3, 0), (3, 1), (3, 2), (3, 7), (4, 0), (4, 1), (4, 2), (4, 5), (4, 6), (4, 7), (5, 0), (5, 1), (5, 2), (5, 3), (5, 6), (5, 7), (6, 0), (6, 2), (6, 7)]], [[(0, 3), (0, 5), (1, 0), (1, 3), (1, 4), (1, 5), (1, 6), (2, 0), (2, 3), (2, 5), (2, 7), (3, 7), (4, 3), (4, 6), (4, 7), (6, 0), (6, 2), (6, 3), (6, 5), (6, 7)], [(0, 1), (1, 3), (1, 4), (2, 3), (3, 6), (3, 7), (4, 6), (4, 7), (5, 0), (5, 2)], [(0, 1), (0, 5), (1, 4), (2, 3), (3, 1), (3, 6), (3, 7), (4, 6), (4, 7)], [(1, 0), (2, 0), (3, 0), (5, 0), (0, 6), (2, 1), (3, 1), (4, 1), (5, 1), (2, 3), (2, 4), (5, 2), (2, 6), (2, 7), (3, 4), (3, 6), (3, 7), (5, 4), (4, 6), (4, 7), (5, 6), (6, 7)], [(0, 1), (5, 0), (3, 1), (1, 4), (2, 3), (5, 2), (3, 6), (3, 7), (4, 6), (4, 7)], [(0, 1), (0, 3), (0, 6), (2, 1), (2, 3), (2, 6), (3, 1), (3, 6), (4, 0), (4, 1), (4, 2), (4, 3), (4, 6), (4, 7), (5, 0), (5, 1), (5, 2), (5, 3), (5, 6), (5, 7), (7, 2), (7, 3), (7, 6)]], [[(0, 2), (0, 4), (1, 0), (1, 2), (1, 4), (2, 4), (3, 0), (3, 1), (3, 2), (3, 4), (3, 5), (5, 0), (5, 1), (5, 2), (5, 7), (6, 0), (6, 2), (6, 4), (6, 5), (6, 7), (7, 0), (7, 2), (7, 4)], [(0, 6), (0, 7), (1, 2), (1, 4), (1, 5), (2, 3), (2, 6), (3, 4), (3, 5), (4, 6), (5, 6), (5, 7)], [(0, 5), (0, 6), (0, 7), (1, 2), (1, 4), (1, 5), (2, 6), (3, 2), (3, 4), (3, 5), (6, 4), (6, 5), (7, 5)], [(0, 1), (3, 0), (4, 0), (0, 5), (6, 0), (7, 0), (2, 1), (3, 1), (4, 1), (5, 1), (6, 1), (7, 1), (3, 2), (4, 2), (2, 5), (6, 2), (7, 2), (3, 4), (3, 5), (3, 7), (6, 4), (6, 5), (7, 5), (6, 7)], [(6, 0), (0, 7), (1, 2), (1, 4), (5, 1), (3, 2), (6, 2), (4, 3), (5, 3), (4, 6), (5, 6), (5, 7)], [(0, 1), (0, 3), (0, 5), (1, 2), (1, 3), (1, 5), (2, 3), (4, 0), (4, 1), (4, 3), (4, 5), (4, 6), (4, 7), (5, 3), (6, 0), (6, 1), (6, 2), (6, 3), (6, 5), (7, 0), (7, 1), (7, 2), (7, 3), (7, 5), (7, 6)]], [[(0, 1), (0, 2), (0, 3), (0, 4), (0, 7), (1, 2), (1, 3), (1, 4), (1, 6), (2, 4), (2, 6), (3, 4), (3, 6), (4, 6), (5, 1), (5, 3), (5, 4), (7, 1), (7, 2), (7, 3), (7, 4), (7, 5)], [(0, 1), (0, 2), (1, 2), (1, 3), (3, 2), (5, 4), (6, 4), (6, 5), (7, 0)], [(0, 1), (0, 2), (0, 7), (1, 2), (1, 3), (2, 4), (4, 6), (5, 4), (5, 6), (7, 4)], [(2, 0), (3, 0), (4, 0), (0, 5), (7, 0), (1, 2), (1, 3), (1, 4), (1, 5), (1, 6), (7, 1), (2, 3), (2, 4), (2, 5), (2, 6), (4, 3), (3, 6), (7, 3), (4, 5), (4, 6), (7, 4), (7, 5)], [(0, 1), (2, 0), (7, 0), (2, 1), (3, 1), (3, 2), (5, 4), (6, 4), (6, 5)], [(0, 1), (0, 2), (0, 3), (0, 4), (0, 5), (2, 1), (2, 5), (3, 1), (3, 2), (3, 4), (3, 5), (4, 1), (4, 2), (4, 5), (5, 1), (6, 0), (6, 1), (6, 2), (6, 3), (6, 4), (6, 5), (6, 7), (7, 0), (7, 1), (7, 2), (7, 3), (7, 5)]], [[(0, 1), (0, 2), (0, 3), (0, 4), (0, 5), (0, 7), (2, 1), (2, 4), (3, 1), (3, 2), (3, 4), (3, 6), (3, 7), (4, 1), (4, 5), (5, 1), (6, 1), (6, 2), (6, 5), (6, 7), (7, 1), (7, 4), (7, 5)], [(0, 5), (0, 7), (1, 6), (1, 7), (3, 6), (3, 7), (4, 3), (4, 5), (6, 2)], [(1, 3), (1, 6), (1, 7), (3, 4), (3, 6), (4, 5), (5, 0), (6, 5), (7, 0), (7, 3)], [(0, 1), (0, 2), (0, 3), (4, 0), (7, 0), (2, 1), (1, 5), (1, 6), (7, 1), (2, 3), (2, 5), (2, 6), (7, 2), (4, 3), (3, 5), (3, 6), (7, 3), (4, 5), (6, 5), (7, 6)], [(5, 0), (0, 7), (6, 1), (1, 7), (6, 2), (3, 4), (6, 3), (3, 7), (4, 5)], [(0, 1), (0, 3), (0, 4), (0, 6), (0, 7), (1, 3), (1, 4), (1, 6), (2, 1), (2, 3), (2, 4), (2, 6), (2, 7), (4, 3), (5, 0), (5, 1), (5, 2), (5, 3), (5, 4), (5, 6), (5, 7), (6, 3), (6, 4), (7, 1), (7, 3), (7, 4)]], [[(1, 0), (1, 2), (1, 3), (1, 7), (2, 0), (2, 3), (2, 5), (3, 0), (3, 7), (4, 0), (4, 1), (4, 2), (4, 3), (4, 5), (5, 0), (5, 7), (6, 0), (6, 1), (6, 2), (6, 5), (6, 7), (7, 0)], [(0, 6), (1, 4), (1, 6), (2, 1), (2, 6), (3, 0), (3, 1), (3, 2), (4, 5), (5, 0), (5, 7), (7, 0)], [(1, 2), (1, 3), (1, 4), (2, 3), (2, 6), (3, 0), (4, 0), (4, 5), (5, 0), (5, 7)], [(0, 1), (0, 2), (0, 3), (0, 5), (0, 6), (0, 7), (1, 2), (3, 1), (5, 1), (6, 1), (7, 1), (3, 2), (4, 2), (6, 2), (4, 3), (5, 3), (6, 3), (7, 3), (4, 5), (4, 6), (4, 7), (5, 6), (7, 5)], [(3, 0), (5, 0), (6, 0), (0, 7), (2, 1), (1, 3), (4, 1), (6, 1), (2, 3), (6, 2), (5, 4), (5, 7)], [(0, 1), (0, 3), (0, 4), (0, 5), (0, 6), (2, 1), (3, 1), (3, 2), (3, 4), (3, 5), (4, 1), (4, 2), (5, 1), (5, 2), (5, 4), (6, 2), (6, 3), (6, 4), (6, 5), (7, 0), (7, 1), (7, 2), (7, 3), (7, 4), (7, 5)]], [[(0, 1), (0, 2), (0, 3), (0, 4), (0, 5), (0, 7), (1, 2), (1, 3), (1, 7), (3, 2), (4, 1), (4, 2), (4, 3), (5, 1), (5, 3), (5, 4), (5, 7), (6, 1), (6, 2), (6, 3), (6, 5), (7, 2), (7, 3)], [(0, 3), (0, 7), (2, 3), (2, 4), (3, 7), (4, 0), (4, 1), (4, 5), (5, 6), (7, 1)], [(0, 2), (0, 3), (0, 4), (0, 7), (1, 4), (2, 3), (2, 4), (3, 5), (3, 7), (4, 5), (5, 6), (7, 1), (7, 6)], [(1, 0), (0, 3), (4, 0), (0, 6), (0, 7), (2, 1), (1, 3), (4, 1), (5, 1), (1, 6), (2, 3), (4, 2), (5, 2), (2, 6), (2, 7), (4, 3), (5, 3), (6, 3), (3, 7), (5, 4), (4, 6), (4, 7), (5, 6), (6, 7)], [(0, 3), (4, 0), (0, 7), (1, 4), (1, 7), (2, 3), (2, 4), (3, 7), (4, 5), (5, 6)], [(0, 1), (0, 2), (0, 3), (0, 4), (0, 5), (0, 6), (0, 7), (1, 2), (1, 3), (1, 4), (1, 5), (1, 6), (1, 7), (3, 2), (3, 5), (4, 2), (4, 3), (4, 5), (6, 2), (6, 3), (6, 4), (6, 5), (6, 7), (7, 2), (7, 3), (7, 4)]], [[(0, 1), (0, 2), (0, 3), (0, 4), (0, 5), (0, 6), (0, 7), (1, 2), (1, 4), (1, 6), (1, 7), (2, 4), (2, 6), (3, 2), (3, 4), (3, 5), (3, 6), (3, 7), (5, 4), (5, 6), (5, 7), (7, 2), (7, 4), (7, 6)], [(1, 0), (2, 6), (3, 2), (3, 6), (4, 0), (4, 6), (5, 4), (6, 7), (7, 0), (7, 1)], [(0, 1), (0, 4), (0, 7), (1, 2), (3, 2), (3, 5), (3, 6), (4, 5), (6, 2), (6, 4), (6, 7)], [(0, 1), (3, 0), (0, 4), (0, 5), (0, 6), (0, 7), (1, 2), (1, 4), (1, 5), (1, 6), (1, 7), (3, 2), (4, 2), (2, 5), (2, 6), (2, 7), (3, 4), (3, 5), (3, 6), (3, 7), (4, 5), (4, 7), (5, 6), (7, 5), (7, 6)], [(1, 0), (4, 0), (0, 7), (1, 7), (3, 2), (2, 6), (3, 6), (4, 5), (4, 6), (6, 7)], [(0, 1), (0, 3), (0, 5), (0, 6), (0, 7), (1, 2), (3, 1), (3, 2), (3, 6), (4, 0), (4, 1), (4, 2), (4, 3), (4, 5), (4, 6), (4, 7), (5, 1), (5, 2), (5, 3), (5, 6), (6, 1), (6, 2), (7, 1), (7, 2), (7, 3), (7, 5), (7, 6)]], [[(0, 2), (0, 3), (0, 5), (0, 6), (0, 7), (1, 2), (1, 3), (1, 4), (1, 6), (1, 7), (2, 6), (3, 5), (3, 7), (4, 2), (4, 7), (5, 2), (5, 4), (5, 6), (7, 2), (7, 6)], [(0, 3), (1, 3), (2, 0), (4, 5), (5, 0), (5, 3), (6, 1), (6, 2), (7, 2), (7, 3), (7, 4)], [(0, 3), (0, 5), (1, 3), (1, 6), (2, 6), (3, 5), (3, 7), (4, 7), (5, 4), (7, 2)], [(0, 1), (2, 0), (4, 0), (5, 0), (0, 6), (0, 7), (3, 1), (4, 1), (5, 1), (6, 1), (4, 2), (2, 6), (2, 7), (4, 3), (5, 3), (6, 3), (3, 7), (5, 4), (4, 7), (5, 6), (5, 7), (6, 7)], [(0, 2), (0, 3), (0, 5), (1, 3), (1, 6), (2, 6), (7, 2), (3, 5), (3, 7), (5, 4), (4, 7)], [(0, 2), (0, 3), (0, 4), (0, 5), (0, 6), (1, 2), (1, 3), (1, 4), (1, 5), (1, 6), (1, 7), (2, 4), (2, 7), (3, 5), (4, 5), (6, 2), (6, 3), (6, 4), (6, 5), (7, 3), (7, 4), (7, 5)]], [[(0, 1), (0, 3), (0, 4), (0, 5), (2, 0), (2, 1), (2, 3), (2, 4), (2, 5), (3, 1), (4, 1), (4, 3), (5, 1), (5, 3), (5, 4), (5, 7), (6, 0), (6, 1), (6, 3), (6, 5), (6, 7), (7, 1), (7, 4)], [(0, 4), (1, 2), (1, 3), (2, 0), (3, 4), (4, 7), (5, 4), (5, 7), (6, 5), (6, 7)], [(1, 2), (1, 3), (1, 5), (2, 0), (2, 4), (4, 3), (5, 4), (5, 6), (5, 7), (6, 7), (7, 4)], [(0, 1), (0, 2), (0, 3), (4, 0), (0, 6), (0, 7), (2, 1), (3, 1), (4, 1), (5, 1), (6, 1), (7, 1), (2, 3), (4, 2), (5, 2), (7, 2), (4, 3), (5, 3), (6, 3), (5, 4), (4, 7), (5, 6), (5, 7), (6, 7)], [(2, 0), (0, 4), (1, 2), (3, 1), (3, 4), (4, 5), (4, 7), (5, 6), (7, 5), (7, 6)], [(0, 1), (0, 2), (0, 3), (0, 4), (0, 5), (0, 6), (1, 2), (1, 3), (1, 4), (1, 5), (1, 6), (2, 4), (2, 5), (2, 6), (3, 4), (3, 5), (3, 6), (4, 5), (6, 4), (6, 5), (7, 0), (7, 1), (7, 2), (7, 3), (7, 4), (7, 5), (7, 6)]], [[(0, 6), (0, 7), (1, 0), (1, 2), (1, 3), (1, 4), (1, 7), (2, 0), (2, 5), (2, 6), (2, 7), (3, 0), (3, 5), (4, 6), (4, 7), (5, 0), (5, 6), (5, 7), (6, 7)], [(0, 6), (1, 2), (1, 4), (2, 7), (3, 0), (3, 6), (4, 6), (4, 7), (5, 3), (5, 7)], [(0, 3), (0, 6), (1, 2), (1, 4), (3, 5), (4, 6), (5, 7), (6, 2), (7, 2)], [(0, 1), (3, 0), (0, 4), (0, 6), (0, 7), (1, 2), (3, 1), (1, 4), (5, 1), (1, 6), (7, 1), (3, 2), (2, 4), (2, 6), (7, 2), (5, 3), (3, 7), (5, 4), (4, 6), (7, 4), (5, 7), (7, 6)], [(3, 0), (6, 0), (1, 2), (4, 1), (7, 2), (5, 3), (3, 6), (4, 6), (4, 7), (5, 7)], [(1, 0), (1, 3), (1, 4), (1, 6), (2, 0), (2, 1), (2, 3), (2, 4), (2, 5), (2, 6), (2, 7), (3, 0), (3, 4), (3, 6), (4, 0), (4, 6), (5, 0), (5, 1), (5, 3), (5, 4), (5, 6), (5, 7), (6, 0), (7, 0), (7, 1), (7, 3), (7, 4)]], [[(0, 1), (2, 0), (2, 1), (2, 5), (2, 6), (3, 0), (3, 1), (3, 2), (3, 5), (4, 0), (4, 2), (4, 5), (4, 6), (4, 7), (5, 0), (5, 7), (6, 0), (6, 1), (6, 5), (6, 7), (7, 0), (7, 1)], [(0, 4), (1, 3), (1, 6), (2, 3), (2, 4), (3, 5), (4, 5), (5, 6), (7, 0), (7, 6)], [(2, 3), (2, 4), (2, 5), (3, 1), (4, 0), (4, 5), (4, 6), (5, 3), (5, 6), (6, 1), (6, 3), (6, 7), (7, 0)], [(0, 1), (0, 2), (3, 0), (0, 4), (7, 0), (1, 2), (3, 1), (4, 1), (6, 1), (7, 1), (3, 2), (4, 2), (5, 2), (6, 2), (7, 2), (3, 4), (3, 5), (3, 6), (5, 4), (6, 4), (7, 4), (6, 5), (7, 5), (7, 6)], [(4, 0), (7, 0), (3, 1), (6, 1), (3, 2), (4, 2), (3, 5), (4, 5), (5, 6), (6, 7)], [(0, 3), (0, 5), (1, 0), (1, 2), (1, 3), (1, 4), (1, 6), (1, 7), (2, 0), (2, 3), (2, 4), (2, 5), (2, 6), (2, 7), (3, 5), (4, 0), (4, 3), (4, 5), (4, 6), (6, 0), (6, 3), (6, 5), (6, 7), (7, 0), (7, 3), (7, 5)]], [[(0, 1), (0, 3), (0, 4), (0, 5), (0, 7), (1, 3), (1, 4), (2, 1), (2, 4), (3, 4), (5, 2), (5, 3), (5, 4), (6, 1), (6, 2), (6, 3), (6, 4), (6, 5), (6, 7), (7, 1), (7, 2), (7, 4)], [(0, 3), (1, 3), (2, 1), (2, 7), (4, 1), (4, 3), (4, 7), (5, 0), (5, 4), (6, 2), (6, 3), (7, 1)], [(0, 3), (1, 2), (1, 3), (1, 7), (3, 4), (4, 7), (5, 3), (5, 4), (6, 2), (6, 3), (7, 2)], [(0, 3), (4, 0), (5, 0), (0, 6), (7, 0), (2, 1), (1, 3), (4, 1), (1, 5), (1, 6), (7, 1), (2, 3), (2, 5), (2, 6), (2, 7), (4, 3), (5, 3), (3, 6), (4, 5), (4, 6), (4, 7), (5, 6), (7, 6)], [(0, 3), (5, 0), (1, 2), (1, 3), (1, 4), (1, 7), (6, 2), (7, 2), (4, 3), (6, 3), (5, 4), (4, 7)], [(0, 3), (0, 6), (1, 3), (1, 6), (2, 1), (2, 3), (2, 6), (3, 6), (4, 0), (4, 1), (4, 2), (4, 3), (4, 6), (4, 7), (5, 0), (5, 1), (5, 2), (5, 3), (5, 4), (5, 6), (7, 0), (7, 1), (7, 2), (7, 6)]], [[(0, 2), (0, 3), (0, 6), (0, 7), (1, 4), (1, 6), (2, 1), (2, 3), (2, 4), (2, 6), (3, 1), (3, 6), (5, 1), (5, 3), (5, 4), (5, 6), (5, 7), (6, 4), (7, 1), (7, 2), (7, 3), (7, 4), (7, 6)], [(0, 2), (3, 1), (3, 2), (4, 2), (5, 3), (5, 4), (6, 0), (6, 1), (6, 2), (6, 4), (7, 3)], [(0, 2), (0, 6), (2, 3), (2, 4), (2, 6), (3, 1), (3, 7), (4, 6), (5, 4), (6, 1)], [(2, 0), (0, 5), (0, 6), (0, 7), (1, 2), (1, 3), (1, 5), (1, 6), (1, 7), (2, 3), (4, 2), (2, 5), (2, 6), (2, 7), (4, 3), (5, 3), (6, 3), (3, 7), (4, 5), (4, 6), (4, 7), (5, 7), (6, 7)], [(2, 0), (0, 6), (3, 1), (6, 1), (3, 2), (2, 4), (2, 6), (3, 5), (7, 3), (5, 4), (4, 6)], [(0, 2), (1, 0), (1, 3), (1, 4), (1, 6), (1, 7), (3, 0), (3, 2), (3, 4), (3, 6), (4, 0), (4, 2), (5, 0), (5, 2), (5, 4), (6, 0), (6, 2), (6, 4), (6, 5), (7, 0), (7, 2), (7, 3), (7, 4), (7, 5), (7, 6)]], [[(0, 1), (0, 3), (0, 4), (0, 6), (0, 7), (1, 3), (1, 4), (1, 6), (2, 0), (2, 1), (2, 3), (2, 4), (2, 6), (3, 6), (3, 7), (4, 3), (4, 7), (5, 0), (5, 1), (5, 3), (5, 6), (5, 7), (6, 7)], [(0, 1), (0, 5), (1, 2), (1, 3), (2, 4), (3, 4), (3, 6), (3, 7), (5, 6), (5, 7)], [(0, 1), (0, 7), (1, 2), (2, 4), (3, 4), (3, 6), (3, 7), (5, 0), (5, 7), (6, 5), (6, 7)], [(0, 1), (2, 0), (0, 3), (0, 4), (5, 0), (0, 7), (2, 1), (1, 3), (5, 1), (6, 1), (2, 3), (2, 4), (2, 7), (4, 3), (5, 3), (6, 3), (7, 3), (4, 6), (4, 7), (5, 6), (5, 7), (7, 6)], [(1, 0), (0, 5), (1, 2), (3, 1), (2, 4), (3, 4), (6, 3), (3, 7), (6, 5), (5, 7)], [(0, 2), (0, 4), (0, 5), (1, 0), (1, 2), (1, 3), (1, 4), (1, 5), (1, 6), (2, 5), (3, 0), (3, 2), (3, 4), (3, 5), (4, 2), (4, 5), (6, 2), (6, 3), (6, 4), (6, 5), (7, 0), (7, 1), (7, 2), (7, 3), (7, 5), (7, 6)]], [[(0, 5), (0, 6), (1, 0), (1, 2), (1, 3), (1, 5), (1, 6), (1, 7), (2, 0), (2, 3), (3, 0), (3, 5), (3, 6), (4, 2), (4, 3), (4, 5), (4, 6), (5, 6), (7, 0), (7, 2), (7, 3), (7, 4), (7, 5)], [(0, 2), (0, 5), (0, 7), (1, 3), (1, 7), (2, 4), (3, 2), (4, 5), (4, 7), (6, 0), (6, 3), (6, 5)], [(0, 2), (0, 5), (0, 6), (0, 7), (2, 3), (2, 4), (3, 1), (3, 4), (3, 6), (4, 5), (4, 7), (5, 6), (7, 1)], [(0, 1), (0, 2), (0, 5), (6, 0), (0, 7), (1, 2), (1, 3), (1, 4), (1, 7), (3, 2), (4, 2), (7, 2), (3, 4), (3, 5), (6, 3), (3, 7), (5, 4), (6, 4), (7, 4), (6, 5), (7, 5)], [(2, 0), (0, 5), (0, 6), (0, 7), (3, 1), (7, 1), (3, 2), (4, 2), (3, 6), (4, 5), (4, 7), (5, 6)], [(1, 0), (1, 2), (1, 3), (1, 4), (1, 5), (1, 7), (2, 0), (2, 3), (2, 4), (3, 4), (4, 0), (5, 0), (5, 2), (5, 3), (5, 4), (6, 0), (6, 1), (6, 2), (6, 3), (6, 4), (6, 5), (6, 7), (7, 0), (7, 2), (7, 3), (7, 4), (7, 5)]], [[(0, 3), (1, 2), (1, 3), (1, 6), (1, 7), (2, 0), (2, 4), (2, 6), (4, 3), (4, 6), (5, 0), (5, 2), (5, 3), (5, 4), (6, 0), (7, 0), (7, 2), (7, 3), (7, 4), (7, 5), (7, 6)], [(0, 2), (0, 3), (1, 2), (1, 3), (4, 1), (5, 0), (5, 3), (6, 1), (6, 4), (7, 1), (7, 4), (7, 6)], [(0, 2), (0, 3), (0, 5), (1, 2), (1, 3), (3, 5), (4, 1), (4, 6), (4, 7), (5, 2), (6, 1), (6, 2), (6, 7), (7, 1)], [(0, 1), (2, 0), (0, 3), (0, 5), (0, 6), (0, 7), (2, 1), (3, 1), (4, 1), (5, 1), (6, 1), (7, 1), (2, 3), (4, 2), (2, 6), (2, 7), (4, 3), (3, 5), (6, 3), (7, 3), (4, 5), (4, 6), (4, 7), (6, 5), (7, 5), (7, 6)], [(2, 0), (0, 3), (0, 5), (2, 1), (1, 3), (4, 1), (6, 1), (7, 1), (3, 5), (6, 4), (7, 4), (7, 6)], [(1, 0), (1, 3), (1, 5), (1, 7), (2, 0), (2, 1), (2, 3), (2, 5), (2, 7), (3, 0), (4, 0), (4, 1), (4, 2), (4, 3), (4, 5), (4, 6), (4, 7), (5, 0), (5, 3), (6, 0), (6, 1), (6, 2), (6, 3), (6, 7), (7, 0), (7, 3)]], [[(0, 2), (0, 5), (0, 7), (1, 0), (1, 2), (1, 4), (1, 5), (1, 6), (1, 7), (2, 4), (3, 0), (3, 2), (3, 4), (3, 5), (3, 6), (3, 7), (4, 5), (6, 4), (6, 5), (6, 7), (7, 2), (7, 4), (7, 5)], [(0, 5), (1, 0), (1, 2), (1, 7), (2, 5), (3, 5), (3, 7), (4, 5), (6, 4), (7, 0), (7, 2)], [(0, 1), (2, 1), (2, 5), (2, 7), (3, 5), (4, 5), (4, 6), (7, 0), (7, 1), (7, 3)], [(2, 0), (3, 0), (0, 4), (5, 0), (0, 6), (0, 7), (1, 2), (1, 4), (1, 5), (1, 6), (1, 7), (3, 2), (2, 4), (5, 2), (2, 6), (2, 7), (3, 4), (3, 5), (3, 6), (3, 7), (5, 4), (6, 4), (7, 4), (5, 6), (7, 6)], [(1, 0), (0, 5), (7, 0), (1, 2), (1, 7), (5, 2), (7, 2), (3, 5), (3, 7), (4, 5), (6, 4)], [(0, 6), (0, 7), (1, 0), (1, 2), (1, 3), (1, 5), (1, 6), (1, 7), (2, 0), (2, 3), (2, 5), (2, 6), (2, 7), (3, 6), (4, 0), (4, 1), (4, 2), (4, 3), (4, 5), (4, 6), (4, 7), (5, 0), (5, 3), (5, 6), (5, 7), (7, 3), (7, 6)]], [[(0, 2), (0, 4), (0, 5), (1, 0), (1, 2), (1, 4), (1, 5), (2, 5), (3, 0), (3, 1), (3, 2), (3, 4), (3, 5), (3, 6), (4, 5), (6, 1), (6, 4), (6, 5), (7, 0), (7, 1), (7, 4), (7, 5)], [(0, 1), (0, 2), (0, 6), (1, 3), (1, 5), (1, 7), (2, 3), (2, 7), (3, 4), (4, 5), (5, 6), (5, 7)], [(0, 1), (0, 2), (0, 6), (1, 3), (1, 6), (1, 7), (2, 7), (3, 2), (3, 4), (4, 5), (6, 5), (6, 7), (7, 5)], [(1, 0), (2, 0), (3, 0), (4, 0), (5, 0), (6, 0), (7, 0), (1, 2), (3, 1), (1, 5), (1, 7), (3, 2), (4, 2), (4, 3), (3, 5), (3, 6), (3, 7), (4, 5), (4, 6), (5, 6), (5, 7), (6, 7)], [(1, 0), (2, 0), (0, 6), (1, 3), (1, 5), (1, 7), (2, 3), (2, 7), (3, 4), (4, 5), (5, 6), (5, 7)], [(1, 0), (1, 5), (1, 6), (1, 7), (2, 0), (2, 1), (2, 3), (3, 0), (3, 1), (3, 5), (3, 6), (3, 7), (4, 0), (4, 2), (4, 3), (4, 5), (4, 6), (4, 7), (5, 0), (5, 6), (6, 0), (7, 0), (7, 6)]], [[(0, 5), (1, 0), (1, 5), (1, 7), (2, 0), (2, 1), (2, 5), (2, 7), (3, 0), (3, 1), (3, 2), (3, 5), (3, 6), (3, 7), (4, 0), (4, 2), (4, 5), (4, 7), (6, 1), (6, 2), (6, 4), (6, 5), (6, 7), (7, 5)], [(0, 1), (0, 5), (0, 6), (1, 3), (2, 3), (2, 6), (2, 7), (4, 0), (4, 7), (5, 1), (5, 7)], [(0, 1), (0, 5), (0, 6), (2, 3), (2, 6), (2, 7), (4, 1), (5, 1), (6, 3), (6, 7), (7, 4)], [(0, 1), (0, 4), (0, 5), (0, 6), (0, 7), (1, 2), (3, 1), (4, 1), (6, 1), (1, 7), (3, 2), (4, 2), (5, 2), (6, 2), (7, 2), (3, 4), (3, 5), (3, 6), (3, 7), (4, 5), (4, 7), (6, 5), (5, 7), (6, 7)], [(1, 0), (4, 0), (0, 5), (0, 6), (1, 3), (1, 5), (2, 3), (2, 6), (2, 7), (4, 7), (7, 5)], [(0, 1), (0, 3), (0, 4), (0, 7), (1, 4), (1, 7), (2, 1), (2, 3), (2, 4), (2, 5), (2, 7), (3, 1), (3, 4), (3, 7), (4, 7), (5, 0), (5, 1), (5, 3), (5, 4), (5, 7), (6, 0), (6, 1), (6, 2), (6, 3), (6, 4), (6, 5), (6, 7)]], [[(0, 2), (0, 4), (0, 6), (1, 2), (1, 5), (2, 5), (3, 1), (3, 2), (3, 5), (4, 2), (4, 3), (4, 5), (4, 6), (4, 7), (6, 1), (6, 2), (6, 3), (6, 5), (7, 1), (7, 2), (7, 3), (7, 5), (7, 6)], [(0, 4), (0, 6), (1, 3), (1, 4), (1, 6), (2, 4), (3, 2), (5, 3), (5, 6), (6, 2), (6, 3), (7, 2), (7, 3), (7, 5)], [(1, 3), (1, 6), (2, 4), (3, 5), (5, 6), (6, 0), (6, 2), (6, 4), (7, 2), (7, 3), (7, 5)], [(4, 0), (0, 5), (0, 6), (1, 2), (1, 3), (4, 1), (5, 1), (6, 1), (3, 2), (4, 2), (5, 2), (6, 2), (7, 2), (4, 3), (5, 3), (7, 3), (4, 5), (4, 6), (7, 4), (6, 5), (7, 5), (7, 6)], [(0, 4), (6, 0), (3, 1), (1, 4), (6, 1), (3, 2), (2, 4), (2, 6), (2, 7), (5, 3), (3, 6), (3, 7), (5, 6), (5, 7)], [(0, 1), (0, 2), (0, 3), (0, 4), (0, 5), (0, 6), (0, 7), (1, 2), (1, 3), (1, 5), (1, 6), (1, 7), (2, 3), (2, 7), (3, 7), (4, 1), (4, 2), (4, 3), (4, 5), (4, 6), (4, 7), (5, 2), (5, 3), (5, 7), (6, 2), (6, 3), (6, 5), (6, 7)]], [[(0, 1), (0, 6), (2, 1), (2, 4), (2, 6), (2, 7), (3, 0), (3, 1), (3, 6), (4, 0), (4, 1), (4, 5), (4, 6), (4, 7), (5, 0), (5, 1), (5, 3), (5, 6), (5, 7), (6, 1), (7, 0), (7, 1), (7, 3)], [(0, 1), (0, 4), (0, 5), (1, 3), (1, 6), (1, 7), (2, 6), (3, 6), (4, 2), (4, 6), (5, 3), (5, 6), (5, 7), (7, 3)], [(1, 0), (2, 1), (2, 4), (2, 6), (3, 1), (3, 5), (3, 6), (3, 7), (4, 0), (4, 6), (4, 7), (5, 0), (5, 6), (5, 7), (7, 1)], [(1, 0), (2, 0), (0, 3), (4, 0), (0, 5), (0, 6), (0, 7), (1, 2), (1, 3), (1, 5), (1, 6), (1, 7), (2, 3), (4, 2), (2, 5), (2, 6), (2, 7), (4, 3), (3, 5), (3, 6), (7, 3), (4, 5), (4, 6), (6, 5), (7, 5)], [(1, 0), (4, 0), (5, 0), (1, 3), (6, 1), (1, 7), (4, 2), (2, 6), (5, 3), (6, 3), (7, 3), (4, 6), (5, 6), (5, 7)], [(0, 1), (1, 7), (2, 0), (2, 3), (2, 4), (2, 6), (2, 7), (3, 0), (3, 1), (3, 7), (4, 0), (4, 1), (4, 3), (4, 7), (5, 0), (5, 3), (5, 4), (5, 6), (5, 7), (6, 0), (6, 1), (6, 3), (6, 4), (6, 7)]], [[(1, 0), (2, 0), (2, 1), (2, 5), (2, 6), (2, 7), (3, 0), (3, 5), (4, 1), (6, 0), (6, 1), (6, 3), (6, 4), (6, 5), (7, 0), (7, 1), (7, 4), (7, 5)], [(0, 1), (0, 3), (0, 4), (1, 7), (2, 6), (2, 7), (3, 6), (4, 1), (4, 6), (5, 6), (5, 7), (6, 1)], [(0, 1), (0, 3), (1, 4), (1, 6), (1, 7), (2, 5), (2, 7), (5, 7), (6, 2), (6, 5), (7, 4)], [(1, 0), (0, 2), (0, 3), (0, 6), (0, 7), (1, 2), (1, 3), (1, 4), (5, 1), (1, 6), (1, 7), (4, 2), (5, 2), (6, 2), (7, 2), (5, 3), (6, 3), (7, 3), (6, 4), (7, 4), (5, 6), (5, 7), (7, 6)], [(0, 1), (0, 3), (4, 0), (4, 1), (6, 1), (1, 7), (6, 2), (2, 7), (6, 3), (6, 4), (6, 5), (5, 7)], [(0, 1), (0, 4), (0, 6), (1, 6), (2, 0), (2, 1), (2, 4), (2, 6), (3, 0), (3, 1), (3, 2), (3, 4), (3, 5), (3, 6), (4, 1), (4, 6), (5, 0), (5, 1), (5, 2), (5, 4), (5, 6), (7, 0), (7, 1), (7, 2), (7, 3), (7, 4), (7, 5), (7, 6)]], [[(0, 2), (0, 3), (0, 7), (1, 0), (1, 2), (1, 3), (1, 7), (3, 2), (3, 7), (4, 0), (4, 1), (4, 2), (4, 3), (4, 6), (4, 7), (5, 1), (5, 2), (5, 3), (6, 1), (6, 3), (6, 5), (6, 7), (7, 2)], [(0, 4), (0, 7), (1, 0), (1, 4), (1, 6), (2, 3), (2, 4), (3, 5), (3, 6), (3, 7), (4, 6), (5, 6), (6, 7)], [(0, 4), (0, 7), (1, 0), (1, 4), (1, 7), (2, 3), (2, 4), (2, 5), (3, 0), (3, 5), (3, 7), (5, 6), (6, 1), (6, 4), (6, 7)], [(1, 0), (0, 3), (4, 0), (0, 6), (0, 7), (1, 2), (1, 3), (4, 1), (1, 7), (2, 3), (4, 2), (5, 2), (6, 2), (7, 2), (4, 3), (5, 3), (6, 3), (7, 3), (5, 4), (4, 6), (5, 6), (5, 7), (7, 6)], [(1, 0), (0, 4), (7, 0), (1, 4), (1, 6), (3, 2), (4, 2), (3, 5), (6, 3), (7, 3), (6, 4), (6, 5), (7, 6)], [(1, 0), (1, 2), (1, 3), (1, 4), (1, 5), (1, 6), (1, 7), (2, 0), (2, 3), (2, 5), (2, 7), (3, 0), (4, 0), (4, 2), (4, 3), (4, 5), (4, 7), (5, 0), (5, 3), (5, 7), (6, 0), (6, 2), (6, 3), (6, 4), (6, 5), (6, 7), (7, 0), (7, 3)]], [[(0, 1), (2, 0), (2, 1), (2, 3), (2, 4), (2, 6), (3, 0), (3, 5), (3, 6), (4, 0), (4, 3), (4, 6), (5, 0), (5, 1), (6, 1), (6, 5), (7, 0), (7, 1), (7, 4), (7, 5), (7, 6)], [(0, 4), (0, 7), (2, 1), (2, 3), (3, 4), (3, 5), (4, 6), (5, 7), (6, 1), (6, 7)], [(0, 4), (0, 7), (1, 2), (1, 6), (3, 2), (3, 5), (4, 3), (5, 7), (6, 3), (6, 4), (6, 7)], [(2, 0), (0, 4), (0, 5), (0, 7), (2, 1), (3, 1), (1, 4), (1, 5), (1, 6), (7, 1), (3, 2), (2, 4), (2, 5), (2, 6), (3, 4), (3, 5), (3, 6), (3, 7), (4, 5), (4, 6), (7, 4), (7, 5), (7, 6)], [(0, 4), (0, 7), (1, 2), (6, 1), (3, 2), (4, 3), (3, 5), (6, 4), (5, 7), (6, 7)], [(0, 1), (0, 2), (0, 3), (0, 4), (0, 5), (0, 6), (0, 7), (2, 1), (2, 3), (2, 4), (2, 5), (2, 6), (2, 7), (4, 3), (5, 1), (5, 3), (5, 4), (6, 1), (6, 3), (6, 4), (6, 5), (6, 7), (7, 1), (7, 3), (7, 5)]], [[(0, 3), (1, 2), (1, 3), (1, 4), (1, 5), (1, 6), (2, 0), (4, 3), (5, 0), (5, 2), (5, 3), (5, 4), (6, 0), (6, 2), (6, 5), (7, 0), (7, 2), (7, 3), (7, 4), (7, 6)], [(0, 3), (0, 5), (0, 6), (1, 2), (1, 3), (1, 6), (2, 5), (3, 2), (7, 0)], [(0, 3), (1, 3), (1, 6), (2, 1), (2, 5), (5, 0), (5, 6), (6, 0), (7, 0)], [(0, 1), (0, 3), (5, 0), (0, 6), (0, 7), (1, 2), (1, 3), (1, 4), (1, 6), (5, 2), (6, 2), (2, 7), (3, 4), (5, 3), (6, 3), (3, 7), (5, 4), (7, 4), (5, 6), (5, 7), (6, 7)], [(0, 3), (5, 0), (0, 6), (7, 0), (1, 2), (1, 3), (6, 1), (2, 3), (5, 2)], [(0, 5), (0, 6), (1, 0), (1, 2), (1, 3), (1, 4), (1, 5), (1, 6), (1, 7), (2, 0), (2, 3), (2, 5), (2, 6), (2, 7), (3, 0), (3, 5), (3, 7), (4, 0), (4, 2), (4, 5), (4, 7), (5, 6), (7, 0), (7, 5), (7, 6)]], [[(0, 1), (0, 2), (0, 4), (0, 5), (0, 6), (0, 7), (1, 5), (1, 6), (1, 7), (2, 1), (2, 3), (2, 5), (3, 1), (3, 4), (3, 5), (3, 6), (3, 7), (4, 1), (4, 5), (4, 6), (6, 5), (6, 7), (7, 5)], [(0, 6), (1, 2), (1, 4), (2, 0), (2, 5), (3, 6), (3, 7), (4, 5), (5, 7), (6, 5), (6, 7)], [(0, 1), (0, 2), (1, 2), (1, 4), (3, 7), (5, 4), (5, 6), (5, 7), (6, 0), (6, 3), (6, 7)], [(0, 1), (0, 2), (0, 4), (0, 5), (0, 6), (7, 0), (1, 2), (1, 3), (1, 4), (1, 5), (1, 6), (3, 2), (2, 4), (2, 6), (7, 2), (3, 4), (3, 5), (3, 6), (7, 3), (5, 4), (4, 6), (5, 6), (7, 5), (7, 6)], [(2, 0), (6, 0), (1, 2), (4, 1), (2, 5), (6, 3), (3, 7), (4, 5), (5, 6), (5, 7), (6, 7)], [(0, 1), (0, 4), (0, 6), (1, 4), (1, 5), (1, 6), (2, 0), (2, 1), (2, 3), (2, 4), (2, 5), (2, 6), (2, 7), (3, 0), (3, 1), (3, 4), (3, 5), (3, 6), (3, 7), (4, 5), (4, 6), (5, 6), (7, 0), (7, 1), (7, 4), (7, 5), (7, 6)]], [[(0, 1), (0, 3), (1, 3), (2, 0), (2, 1), (2, 3), (2, 4), (2, 6), (2, 7), (4, 1), (4, 3), (5, 0), (5, 4), (6, 1), (6, 3), (6, 4), (6, 5), (6, 7), (7, 1), (7, 3), (7, 4), (7, 5)], [(0, 1), (0, 5), (1, 3), (2, 0), (2, 1), (2, 6), (2, 7), (3, 6), (3, 7), (4, 1), (4, 2), (5, 6)], [(0, 1), (0, 2), (0, 5), (1, 4), (2, 1), (2, 4), (2, 6), (2, 7), (3, 1), (3, 7), (4, 7), (5, 6), (6, 1), (6, 3)], [(1, 0), (0, 2), (0, 5), (0, 6), (1, 2), (3, 1), (1, 4), (1, 6), (1, 7), (3, 2), (2, 4), (5, 2), (6, 2), (2, 7), (3, 5), (3, 6), (3, 7), (5, 4), (6, 4), (4, 7), (6, 5), (6, 7)], [(0, 1), (2, 0), (0, 5), (2, 1), (1, 3), (4, 1), (2, 4), (2, 6), (7, 2), (6, 3), (7, 3), (5, 6)], [(0, 1), (0, 2), (0, 4), (0, 6), (1, 2), (1, 4), (3, 1), (3, 2), (3, 4), (4, 2), (5, 0), (5, 1), (5, 2), (5, 3), (5, 4), (5, 6), (5, 7), (6, 1), (6, 2), (6, 3), (6, 4), (7, 0), (7, 1), (7, 2), (7, 3), (7, 4)]], [[(1, 0), (2, 1), (2, 6), (2, 7), (3, 0), (3, 1), (3, 5), (3, 6), (3, 7), (4, 0), (4, 1), (4, 5), (5, 0), (5, 1), (5, 2), (5, 6), (5, 7), (6, 1), (7, 0)], [(0, 3), (0, 5), (1, 6), (2, 5), (2, 6), (2, 7), (3, 1), (3, 5), (3, 7), (4, 0), (4, 5)], [(0, 5), (0, 7), (1, 3), (1, 6), (2, 6), (2, 7), (3, 0), (3, 5), (3, 7), (4, 0), (4, 5), (5, 2), (5, 6)], [(1, 0), (0, 3), (4, 0), (0, 5), (0, 7), (1, 3), (1, 4), (1, 5), (6, 1), (3, 2), (5, 2), (6, 2), (7, 2), (3, 5), (3, 7), (4, 5), (4, 7), (6, 5), (5, 7), (6, 7)], [(3, 0), (4, 0), (0, 5), (1, 3), (6, 1), (2, 5), (6, 2), (2, 7), (3, 5), (3, 7), (4, 5)], [(0, 1), (0, 2), (0, 3), (0, 4), (0, 5), (1, 3), (2, 1), (2, 3), (4, 1), (4, 3), (4, 5), (5, 2), (5, 3), (6, 0), (6, 1), (6, 2), (6, 3), (6, 4), (6, 5), (6, 7), (7, 1), (7, 2), (7, 3), (7, 5)]], [[(1, 2), (1, 4), (1, 5), (1, 7), (2, 0), (2, 4), (2, 5), (2, 7), (3, 4), (3, 5), (3, 6), (4, 0), (4, 6), (5, 0), (6, 0), (6, 5), (7, 0), (7, 4), (7, 5), (7, 6)], [(0, 4), (1, 2), (2, 0), (2, 4), (3, 4), (3, 5), (5, 0), (5, 6), (6, 4), (6, 7), (7, 1)], [(1, 2), (1, 7), (2, 0), (4, 0), (4, 2), (4, 3), (4, 6), (5, 0), (5, 3), (6, 0), (6, 5), (6, 7)], [(1, 0), (0, 2), (4, 0), (0, 5), (0, 6), (1, 2), (1, 3), (1, 5), (1, 7), (2, 3), (4, 2), (5, 2), (6, 2), (7, 2), (4, 3), (5, 3), (6, 3), (4, 5), (4, 6), (4, 7), (6, 5), (7, 5), (7, 6)], [(0, 2), (0, 4), (0, 5), (2, 1), (1, 7), (2, 4), (3, 4), (3, 5), (6, 4), (5, 6), (6, 7)], [(0, 3), (0, 4), (0, 5), (0, 6), (0, 7), (1, 2), (1, 3), (1, 4), (1, 5), (1, 6), (1, 7), (2, 0), (2, 3), (2, 4), (2, 5), (2, 6), (3, 5), (3, 6), (4, 3), (4, 5), (4, 6), (5, 6), (7, 3), (7, 4), (7, 5), (7, 6)]], [[(0, 1), (0, 2), (1, 7), (2, 1), (2, 7), (3, 0), (3, 1), (3, 4), (3, 5), (3, 7), (4, 0), (4, 1), (4, 2), (4, 5), (4, 7), (5, 2), (5, 7), (6, 0), (6, 1), (6, 2), (6, 5), (6, 7)], [(0, 4), (1, 4), (1, 6), (1, 7), (2, 6), (3, 4), (3, 7), (5, 2), (6, 0), (7, 2)], [(0, 4), (1, 3), (1, 4), (1, 6), (1, 7), (2, 5), (2, 6), (3, 4), (3, 7), (6, 0), (7, 0), (7, 2)], [(1, 0), (3, 0), (0, 4), (0, 5), (6, 0), (2, 1), (1, 4), (1, 5), (1, 6), (1, 7), (3, 2), (2, 4), (2, 5), (2, 6), (2, 7), (3, 4), (3, 6), (3, 7), (5, 4), (6, 4), (7, 4), (5, 7), (6, 7)], [(0, 4), (6, 0), (1, 4), (1, 6), (1, 7), (2, 5), (2, 6), (7, 2), (3, 4), (3, 7)], [(0, 1), (0, 2), (0, 3), (0, 5), (1, 2), (1, 5), (1, 7), (2, 7), (3, 1), (3, 5), (3, 7), (4, 0), (4, 1), (4, 2), (4, 3), (4, 5), (4, 7), (5, 2), (5, 7), (6, 0), (6, 1), (6, 2), (6, 3), (6, 5), (6, 7)]], [[(0, 5), (0, 6), (0, 7), (1, 0), (1, 4), (1, 5), (1, 7), (2, 0), (2, 5), (2, 6), (2, 7), (3, 2), (3, 4), (3, 5), (3, 7), (4, 0), (4, 2), (4, 7), (5, 7), (7, 6)], [(0, 6), (0, 7), (1, 7), (2, 4), (2, 6), (3, 7), (4, 1), (5, 0), (5, 2)], [(0, 6), (0, 7), (1, 4), (1, 7), (2, 5), (2, 6), (3, 2), (3, 7), (4, 2), (4, 7), (5, 0), (5, 7)], [(0, 1), (2, 0), (0, 5), (0, 6), (0, 7), (4, 1), (1, 5), (6, 1), (1, 7), (3, 2), (2, 4), (2, 5), (2, 6), (2, 7), (3, 4), (3, 5), (3, 6), (3, 7), (4, 5), (6, 4), (4, 7), (7, 5), (6, 7)], [(5, 0), (0, 6), (7, 0), (1, 4), (1, 7), (4, 2), (2, 5), (2, 6), (3, 7)], [(0, 5), (1, 0), (1, 3), (1, 4), (1, 5), (1, 7), (2, 0), (2, 1), (2, 3), (2, 4), (2, 5), (2, 7), (3, 0), (3, 4), (3, 5), (3, 7), (4, 0), (4, 5), (6, 0), (6, 1), (6, 2), (6, 3), (6, 4), (6, 7), (7, 0), (7, 4), (7, 5)]], [[(0, 1), (0, 3), (0, 4), (0, 5), (0, 6), (0, 7), (1, 7), (2, 1), (2, 5), (2, 7), (3, 1), (3, 2), (3, 4), (3, 5), (3, 6), (3, 7), (4, 1), (4, 6), (4, 7), (5, 1), (5, 7), (6, 2), (6, 5), (6, 7)], [(0, 4), (0, 6), (1, 2), (1, 4), (1, 6), (1, 7), (2, 3), (2, 6), (3, 4), (3, 7), (5, 3), (7, 0)], [(0, 4), (1, 2), (1, 4), (1, 6), (1, 7), (2, 6), (3, 2), (3, 4), (3, 5), (3, 7), (6, 0), (7, 0)], [(1, 0), (3, 0), (4, 0), (5, 0), (0, 6), (0, 7), (1, 2), (1, 4), (1, 5), (1, 7), (3, 2), (4, 2), (5, 2), (2, 6), (2, 7), (3, 4), (3, 5), (3, 7), (4, 6), (4, 7), (5, 6), (5, 7), (7, 6)], [(0, 4), (6, 0), (7, 0), (1, 2), (1, 4), (1, 6), (1, 7), (3, 2), (2, 6), (3, 4), (3, 5), (3, 7)], [(0, 1), (0, 2), (0, 3), (0, 4), (0, 5), (0, 6), (1, 2), (1, 6), (3, 1), (3, 2), (3, 6), (4, 1), (4, 2), (4, 3), (4, 6), (5, 1), (5, 2), (5, 3), (6, 2), (7, 0), (7, 1), (7, 2), (7, 3), (7, 4), (7, 5), (7, 6)]], [[(0, 4), (0, 5), (1, 0), (1, 4), (1, 5), (1, 6), (2, 0), (2, 1), (2, 3), (3, 0), (3, 1), (3, 4), (3, 5), (3, 6), (3, 7), (4, 5), (6, 0), (6, 5), (7, 0), (7, 1), (7, 4), (7, 5), (7, 6)], [(0, 1), (2, 0), (3, 2), (5, 1), (5, 3), (6, 0), (6, 5), (7, 0), (7, 1), (7, 4)], [(0, 6), (1, 3), (1, 5), (1, 7), (2, 0), (2, 5), (3, 2), (3, 5), (5, 6), (7, 0), (7, 4)], [(0, 1), (0, 2), (0, 4), (0, 6), (0, 7), (1, 4), (5, 1), (1, 6), (1, 7), (2, 3), (2, 4), (5, 2), (2, 6), (2, 7), (3, 4), (5, 3), (3, 6), (3, 7), (5, 4), (4, 7), (5, 6), (7, 6)], [(0, 1), (0, 2), (0, 6), (0, 7), (5, 1), (1, 7), (2, 3), (5, 3), (7, 4), (5, 6)], [(0, 7), (1, 0), (1, 6), (1, 7), (2, 0), (2, 1), (2, 5), (2, 6), (2, 7), (3, 0), (3, 1), (3, 2), (3, 5), (3, 6), (3, 7), (4, 0), (4, 1), (4, 5), (4, 6), (4, 7), (5, 0), (5, 1), (5, 6), (5, 7), (6, 0), (6, 7)]], [[(0, 2), (0, 5), (0, 7), (1, 2), (1, 7), (3, 0), (3, 1), (3, 2), (3, 4), (3, 6), (3, 7), (4, 0), (4, 1), (4, 5), (4, 7), (5, 2), (5, 7), (6, 0), (6, 1), (6, 2), (6, 5), (6, 7), (7, 2)], [(0, 7), (1, 2), (1, 4), (1, 6), (2, 5), (3, 0), (3, 4), (3, 7), (4, 0), (5, 6), (5, 7)], [(0, 6), (1, 2), (1, 3), (1, 4), (1, 6), (3, 7), (4, 0), (4, 3), (5, 2), (5, 4), (5, 6), (5, 7), (7, 0)], [(0, 3), (0, 4), (0, 6), (0, 7), (2, 1), (3, 1), (4, 1), (1, 5), (6, 1), (1, 7), (2, 3), (2, 5), (2, 6), (2, 7), (3, 4), (3, 5), (3, 7), (6, 4), (4, 7), (6, 5), (5, 7), (6, 7)], [(3, 0), (4, 0), (7, 0), (1, 2), (4, 1), (1, 6), (2, 5), (3, 4), (7, 3), (5, 6), (7, 5)], [(0, 1), (0, 3), (0, 4), (0, 6), (0, 7), (1, 3), (1, 7), (2, 1), (2, 3), (2, 4), (2, 7), (3, 7), (4, 1), (4, 3), (4, 6), (4, 7), (5, 1), (5, 2), (5, 3), (5, 4), (5, 6), (5, 7), (6, 1), (6, 3), (6, 7)]], [[(0, 4), (0, 6), (1, 0), (1, 2), (1, 3), (1, 4), (1, 6), (1, 7), (2, 0), (2, 3), (2, 4), (2, 7), (3, 0), (3, 4), (3, 5), (3, 6), (3, 7), (4, 6), (5, 0), (5, 4), (7, 0), (7, 4), (7, 5), (7, 6)], [(0, 1), (0, 3), (1, 2), (1, 7), (2, 3), (2, 7), (3, 6), (3, 7), (4, 2), (5, 0), (6, 7)], [(0, 1), (0, 3), (0, 5), (1, 7), (2, 1), (2, 3), (2, 4), (2, 7), (3, 6), (3, 7), (4, 7), (5, 3), (7, 6)], [(1, 0), (2, 0), (3, 0), (4, 0), (5, 0), (6, 0), (7, 0), (1, 2), (3, 1), (1, 4), (1, 5), (6, 1), (1, 7), (3, 2), (2, 4), (2, 5), (2, 7), (3, 4), (6, 3), (3, 7), (4, 5), (6, 4), (4, 7)], [(0, 1), (0, 3), (0, 5), (2, 1), (1, 7), (2, 3), (2, 4), (2, 7), (3, 6), (3, 7), (7, 6)], [(0, 1), (0, 2), (0, 3), (0, 4), (0, 5), (0, 6), (0, 7), (1, 2), (1, 3), (1, 4), (1, 6), (1, 7), (2, 3), (2, 4), (3, 4), (5, 1), (5, 2), (5, 3), (5, 4), (6, 3), (6, 4), (6, 7), (7, 2), (7, 3), (7, 4)]], [[(0, 1), (2, 0), (2, 1), (2, 3), (2, 7), (3, 0), (3, 1), (3, 6), (3, 7), (4, 1), (4, 2), (4, 3), (4, 6), (5, 0), (5, 1), (5, 2), (5, 3), (5, 6), (5, 7), (6, 0), (6, 1), (7, 1)], [(0, 1), (0, 2), (1, 2), (1, 3), (1, 7), (2, 3), (3, 5), (4, 2), (4, 3), (5, 7), (6, 0), (6, 5)], [(0, 2), (0, 6), (1, 7), (2, 1), (2, 4), (3, 2), (3, 4), (3, 5), (6, 1), (6, 2), (6, 5), (7, 5)], [(0, 1), (0, 2), (0, 3), (0, 4), (0, 5), (0, 6), (7, 0), (1, 2), (1, 3), (1, 4), (1, 5), (7, 1), (3, 2), (2, 4), (6, 2), (3, 4), (3, 5), (6, 3), (4, 5), (6, 4), (7, 4), (6, 5), (7, 5)], [(0, 1), (2, 0), (6, 0), (2, 1), (1, 3), (1, 7), (2, 3), (2, 4), (4, 3), (3, 5), (6, 5), (7, 5)], [(0, 3), (1, 0), (1, 2), (1, 3), (1, 5), (2, 0), (2, 3), (4, 0), (4, 1), (4, 2), (4, 3), (4, 5), (5, 0), (5, 2), (5, 3), (6, 0), (6, 1), (6, 2), (6, 3), (6, 5), (6, 7), (7, 1), (7, 2), (7, 3), (7, 4), (7, 5)]], [[(0, 7), (1, 0), (1, 2), (1, 3), (1, 7), (2, 0), (2, 7), (3, 2), (3, 7), (4, 0), (4, 1), (4, 2), (5, 0), (5, 2), (5, 3), (5, 6), (6, 0), (6, 1), (6, 2), (6, 3), (6, 7)], [(0, 2), (0, 4), (0, 6), (0, 7), (1, 2), (1, 3), (1, 4), (3, 6), (3, 7), (4, 7), (5, 0), (5, 3), (5, 6)], [(0, 2), (0, 4), (0, 5), (0, 6), (0, 7), (1, 2), (1, 3), (1, 4), (3, 6), (3, 7), (5, 3), (5, 6), (7, 2), (7, 4)], [(2, 0), (4, 0), (5, 0), (6, 0), (0, 7), (2, 1), (4, 1), (5, 1), (6, 1), (7, 1), (2, 3), (5, 2), (2, 7), (3, 4), (5, 3), (6, 3), (3, 7), (5, 4), (6, 4), (4, 7), (6, 5), (6, 7)], [(0, 2), (0, 4), (5, 0), (0, 6), (0, 7), (1, 2), (1, 3), (1, 4), (5, 3), (3, 6), (3, 7), (7, 4), (5, 6)], [(0, 5), (1, 0), (1, 2), (1, 5), (1, 6), (1, 7), (2, 0), (2, 5), (2, 6), (3, 0), (3, 1), (3, 2), (3, 5), (3, 6), (3, 7), (4, 0), (4, 1), (4, 3), (4, 5), (4, 6), (4, 7), (6, 0), (7, 0), (7, 2), (7, 6)]], [[(0, 1), (0, 3), (1, 3), (2, 0), (2, 3), (2, 5), (4, 0), (4, 1), (4, 3), (4, 5), (5, 3), (6, 0), (6, 1), (6, 2), (6, 3), (6, 4), (7, 1), (7, 2), (7, 3), (7, 4), (7, 5)], [(0, 3), (0, 4), (0, 6), (1, 3), (2, 0), (4, 5), (4, 6), (5, 6), (7, 1), (7, 2), (7, 5)], [(0, 3), (1, 3), (2, 0), (2, 5), (2, 7), (4, 0), (4, 5), (4, 6), (6, 0), (7, 1), (7, 5)], [(0, 1), (2, 0), (0, 3), (0, 4), (6, 0), (2, 1), (3, 1), (4, 1), (5, 1), (7, 1), (2, 3), (2, 4), (2, 5), (6, 2), (7, 2), (4, 3), (5, 3), (6, 3), (7, 3), (4, 5), (6, 4), (7, 4), (7, 5)], [(2, 0), (0, 3), (0, 4), (6, 0), (1, 3), (7, 1), (7, 2), (4, 5), (6, 4), (6, 5), (7, 5)], [(1, 0), (2, 0), (2, 1), (2, 3), (2, 4), (2, 6), (2, 7), (3, 0), (3, 1), (3, 7), (4, 0), (4, 1), (4, 3), (4, 7), (5, 0), (5, 1), (5, 2), (5, 3), (5, 4), (5, 6), (5, 7), (6, 0), (6, 1), (6, 3), (6, 4), (6, 7), (7, 1)]], [[(1, 0), (1, 2), (1, 5), (1, 6), (2, 0), (3, 0), (3, 1), (3, 2), (3, 4), (4, 2), (4, 5), (4, 6), (4, 7), (5, 2), (6, 0), (6, 2), (7, 0), (7, 1), (7, 2), (7, 6)], [(1, 7), (2, 0), (2, 3), (3, 1), (4, 7), (5, 3), (5, 4), (6, 0), (6, 2)], [(2, 0), (3, 0), (3, 1), (3, 2), (4, 5), (4, 7), (5, 7), (6, 0), (6, 2), (7, 0), (7, 1)], [(0, 1), (0, 2), (0, 3), (4, 0), (0, 6), (1, 2), (1, 3), (1, 5), (1, 6), (1, 7), (4, 2), (5, 2), (2, 6), (7, 2), (4, 3), (5, 3), (3, 6), (7, 3), (4, 5), (4, 7), (5, 6), (7, 6)], [(2, 0), (6, 0), (3, 1), (7, 1), (3, 2), (6, 2), (5, 3), (4, 5), (7, 4)], [(0, 2), (0, 7), (1, 0), (1, 2), (1, 3), (1, 4), (1, 5), (1, 6), (1, 7), (3, 0), (3, 2), (3, 4), (3, 7), (4, 0), (4, 2), (4, 6), (4, 7), (5, 0), (5, 2), (5, 3), (5, 4), (5, 7), (6, 0), (6, 2), (6, 7), (7, 2)]], [[(0, 1), (0, 6), (1, 6), (2, 0), (2, 1), (2, 4), (2, 5), (2, 6), (2, 7), (3, 0), (3, 1), (3, 7), (4, 0), (4, 3), (4, 5), (4, 6), (4, 7), (5, 1), (5, 3), (5, 6), (5, 7), (7, 0), (7, 6)], [(0, 4), (2, 1), (2, 4), (2, 7), (4, 3), (4, 7), (5, 1), (6, 3), (6, 5), (7, 3), (7, 6)], [(1, 5), (2, 1), (3, 4), (3, 5), (3, 6), (3, 7), (4, 0), (4, 2), (4, 7), (5, 6), (7, 6)], [(3, 0), (0, 4), (0, 7), (2, 1), (3, 1), (1, 5), (1, 6), (3, 2), (2, 4), (2, 6), (2, 7), (3, 4), (3, 5), (3, 7), (5, 4), (6, 4), (7, 4), (6, 5), (7, 5), (7, 6)], [(4, 0), (2, 1), (5, 1), (4, 2), (2, 7), (4, 3), (3, 6), (3, 7), (4, 7), (5, 6), (7, 6)], [(0, 2), (0, 3), (0, 4), (0, 5), (0, 6), (0, 7), (1, 0), (1, 2), (1, 3), (1, 5), (1, 6), (1, 7), (2, 4), (2, 7), (3, 2), (3, 4), (3, 7), (5, 2), (5, 3), (5, 4), (5, 6), (5, 7), (6, 2), (6, 3), (6, 4), (6, 7), (7, 4)]], [[(0, 1), (0, 2), (0, 4), (0, 6), (0, 7), (1, 2), (1, 4), (1, 5), (1, 6), (1, 7), (2, 4), (2, 7), (3, 1), (3, 6), (3, 7), (5, 2), (5, 7), (6, 2), (6, 5), (6, 7), (7, 4)], [(0, 1), (1, 4), (1, 5), (2, 6), (3, 6), (4, 5), (4, 7), (5, 2), (7, 5)], [(0, 1), (0, 2), (1, 4), (2, 6), (3, 6), (5, 1), (5, 2), (5, 4), (5, 7), (7, 4)], [(0, 1), (0, 2), (0, 3), (0, 4), (0, 5), (4, 1), (1, 6), (7, 1), (4, 2), (2, 5), (2, 6), (7, 2), (5, 3), (6, 3), (7, 3), (4, 6), (7, 4), (6, 5), (7, 5), (7, 6)], [(1, 0), (1, 4), (1, 5), (2, 5), (2, 6), (3, 6), (5, 4), (7, 4), (5, 7)], [(0, 1), (0, 2), (0, 4), (0, 5), (0, 6), (1, 2), (1, 4), (1, 7), (2, 4), (2, 5), (2, 7), (3, 1), (3, 4), (3, 5), (3, 6), (3, 7), (4, 7), (6, 1), (6, 2), (6, 4), (6, 5), (6, 7), (7, 5)]], [[(1, 0), (1, 2), (1, 7), (2, 0), (2, 7), (3, 0), (3, 1), (3, 4), (3, 5), (3, 7), (4, 0), (4, 1), (4, 2), (4, 7), (5, 0), (5, 4), (5, 6), (6, 0), (6, 1), (6, 2), (6, 4), (6, 7), (7, 0)], [(0, 1), (2, 4), (2, 7), (3, 5), (3, 7), (4, 1), (4, 6), (5, 0), (5, 6), (6, 0)], [(0, 1), (0, 5), (0, 6), (2, 1), (2, 4), (2, 7), (3, 7), (4, 0), (4, 1), (4, 3), (5, 3), (5, 6), (7, 6)], [(0, 1), (0, 2), (0, 3), (0, 4), (5, 0), (0, 6), (0, 7), (2, 1), (3, 1), (1, 4), (2, 3), (2, 4), (2, 6), (2, 7), (3, 4), (5, 3), (3, 6), (3, 7), (5, 4), (4, 6), (4, 7), (5, 6), (5, 7), (7, 6)], [(0, 1), (5, 0), (6, 0), (4, 1), (4, 2), (2, 7), (5, 3), (3, 7), (6, 4), (6, 5)], [(1, 0), (1, 2), (1, 4), (1, 6), (2, 0), (2, 4), (3, 0), (3, 1), (3, 2), (3, 4), (3, 6), (3, 7), (4, 0), (4, 6), (5, 0), (5, 1), (5, 2), (5, 3), (5, 4), (5, 6), (5, 7), (6, 0), (7, 0), (7, 1), (7, 2), (7, 4), (7, 6)]], [[(0, 1), (0, 2), (0, 4), (0, 5), (0, 6), (1, 2), (1, 5), (2, 4), (2, 5), (2, 6), (3, 0), (3, 1), (3, 2), (3, 4), (3, 5), (3, 6), (4, 5), (6, 5), (7, 0), (7, 2), (7, 4)], [(0, 6), (0, 7), (1, 0), (1, 3), (2, 4), (3, 5), (3, 6), (5, 2), (5, 7), (7, 2)], [(0, 1), (0, 6), (0, 7), (1, 3), (1, 5), (2, 4), (2, 5), (5, 3), (6, 3), (7, 2), (7, 5)], [(2, 0), (0, 3), (0, 4), (0, 6), (0, 7), (2, 1), (3, 1), (4, 1), (5, 1), (2, 4), (5, 2), (2, 6), (3, 4), (5, 3), (3, 6), (3, 7), (5, 4), (4, 7), (5, 6)], [(0, 1), (0, 6), (7, 0), (1, 3), (2, 4), (5, 2), (7, 2), (5, 3), (6, 3), (7, 5)], [(1, 2), (1, 3), (1, 4), (1, 5), (1, 6), (1, 7), (2, 0), (2, 3), (2, 4), (2, 5), (2, 6), (2, 7), (3, 0), (3, 4), (3, 5), (4, 0), (5, 0), (5, 4), (6, 0), (6, 3), (6, 4), (6, 5), (7, 0), (7, 3), (7, 5), (7, 6)]], [[(0, 1), (2, 0), (2, 1), (2, 4), (3, 0), (3, 1), (3, 2), (3, 4), (4, 0), (4, 1), (5, 0), (5, 1), (5, 3), (5, 4), (5, 6), (6, 0), (6, 2), (6, 3), (7, 0), (7, 1), (7, 2), (7, 3)], [(0, 3), (1, 2), (2, 3), (4, 3), (5, 0), (5, 1), (6, 0), (6, 5), (7, 2), (7, 3)], [(2, 1), (3, 0), (3, 2), (3, 4), (3, 7), (5, 0), (5, 1), (5, 6), (6, 0), (7, 2)], [(0, 1), (0, 2), (3, 0), (4, 0), (0, 5), (0, 6), (0, 7), (1, 2), (1, 5), (1, 7), (3, 2), (4, 2), (5, 2), (2, 7), (4, 3), (3, 5), (3, 6), (3, 7), (4, 5), (4, 6), (5, 6), (5, 7), (6, 7)], [(3, 0), (5, 0), (6, 0), (2, 1), (5, 1), (3, 2), (7, 2), (3, 4), (7, 3), (6, 5)], [(0, 2), (0, 3), (0, 5), (0, 7), (1, 0), (1, 2), (1, 3), (1, 4), (1, 5), (1, 7), (3, 2), (3, 7), (4, 0), (4, 2), (4, 3), (4, 5), (4, 7), (5, 2), (5, 3), (5, 7), (6, 0), (6, 1), (6, 2), (6, 3), (6, 5), (6, 7), (7, 2)]], [[(0, 2), (0, 3), (0, 4), (0, 5), (0, 7), (1, 4), (1, 5), (2, 1), (2, 4), (2, 5), (3, 1), (3, 4), (3, 7), (4, 5), (6, 2), (6, 4), (6, 5), (7, 1), (7, 2), (7, 4), (7, 5)], [(0, 3), (1, 3), (2, 1), (4, 5), (6, 4), (7, 0), (7, 2), (7, 3)], [(1, 4), (2, 0), (2, 1), (3, 0), (3, 7), (4, 5), (6, 4), (7, 0), (7, 2)], [(2, 0), (3, 0), (0, 4), (5, 0), (0, 6), (0, 7), (2, 1), (3, 1), (4, 1), (5, 1), (7, 1), (3, 2), (2, 4), (2, 6), (2, 7), (5, 3), (3, 7), (5, 4), (4, 6), (4, 7), (5, 6), (7, 6)], [(3, 0), (7, 0), (2, 1), (1, 3), (7, 2), (7, 3), (4, 5), (6, 4)], [(0, 2), (0, 3), (0, 4), (0, 7), (1, 0), (1, 2), (1, 3), (1, 4), (1, 7), (2, 4), (2, 7), (3, 2), (3, 4), (3, 7), (4, 7), (5, 0), (5, 1), (5, 2), (5, 3), (5, 4), (5, 7), (6, 0), (6, 2), (6, 3), (6, 4), (6, 5), (6, 7)]], [[(0, 1), (0, 5), (0, 6), (1, 5), (2, 0), (2, 1), (2, 3), (2, 5), (2, 6), (3, 0), (3, 1), (3, 4), (3, 5), (3, 6), (3, 7), (4, 0), (4, 1), (4, 5), (4, 6), (4, 7), (6, 1), (6, 5), (6, 7), (7, 1)], [(0, 1), (0, 6), (1, 2), (1, 5), (2, 6), (3, 0), (3, 4), (4, 5), (4, 6), (7, 1), (7, 2), (7, 6)], [(0, 1), (1, 5), (2, 1), (2, 6), (3, 0), (3, 4), (4, 5), (4, 6), (6, 0), (6, 7), (7, 1)], [(1, 0), (0, 3), (4, 0), (0, 5), (6, 0), (7, 0), (1, 2), (1, 3), (1, 5), (1, 6), (1, 7), (2, 3), (2, 5), (2, 6), (7, 2), (4, 3), (5, 3), (6, 3), (4, 5), (4, 6), (4, 7), (6, 5), (7, 6)], [(0, 1), (3, 0), (6, 0), (2, 1), (1, 5), (1, 7), (2, 6), (2, 7), (4, 3), (4, 5), (4, 6), (6, 7)], [(0, 1), (0, 2), (0, 4), (0, 5), (0, 6), (0, 7), (1, 2), (3, 0), (3, 1), (3, 2), (3, 4), (3, 5), (3, 6), (3, 7), (4, 1), (4, 2), (4, 5), (4, 6), (4, 7), (5, 1), (5, 2), (5, 6), (5, 7), (6, 1), (6, 2), (7, 1), (7, 2), (7, 6)]], [[(0, 5), (0, 6), (1, 3), (4, 1), (4, 2), (4, 3), (4, 6), (5, 1), (5, 2), (5, 3), (5, 4), (5, 6), (5, 7), (6, 1), (6, 2), (6, 3), (6, 7), (7, 1), (7, 2), (7, 3)], [(0, 5), (0, 6), (1, 0), (1, 5), (3, 2), (3, 4), (3, 6), (4, 1), (4, 5), (6, 2), (7, 1), (7, 5)], [(0, 1), (0, 5), (0, 6), (1, 4), (1, 5), (1, 7), (2, 3), (2, 4), (2, 6), (3, 1), (3, 4), (3, 6), (7, 4), (7, 5)], [(1, 0), (0, 4), (0, 5), (0, 6), (1, 3), (1, 4), (1, 5), (1, 6), (7, 1), (4, 2), (5, 2), (6, 2), (7, 2), (4, 3), (5, 3), (6, 3), (7, 3), (5, 4), (6, 4), (7, 4), (7, 5), (7, 6)], [(1, 0), (5, 0), (6, 0), (4, 1), (5, 1), (7, 1), (3, 2), (6, 2), (3, 4), (6, 3), (5, 4), (7, 5)], [(0, 1), (0, 2), (0, 3), (0, 4), (0, 5), (0, 6), (1, 3), (1, 4), (1, 5), (1, 6), (1, 7), (2, 1), (2, 3), (2, 4), (2, 5), (2, 6), (2, 7), (3, 4), (3, 5), (3, 6), (3, 7), (4, 5), (4, 6), (4, 7), (5, 7), (6, 5), (6, 7)]], [[(0, 1), (0, 4), (0, 5), (2, 3), (2, 4), (2, 5), (2, 6), (3, 0), (3, 1), (3, 5), (3, 7), (5, 1), (5, 4), (6, 0), (6, 4), (6, 5), (7, 1), (7, 5), (7, 6)], [(0, 1), (0, 5), (0, 6), (1, 2), (3, 2), (3, 7), (5, 1), (5, 7), (6, 4), (6, 7)], [(0, 1), (0, 6), (1, 3), (1, 5), (3, 2), (5, 7), (6, 4), (7, 3), (7, 6)], [(1, 0), (2, 0), (0, 3), (0, 4), (5, 0), (0, 6), (0, 7), (2, 1), (1, 3), (5, 1), (1, 7), (2, 3), (2, 4), (2, 6), (2, 7), (5, 3), (3, 6), (7, 3), (5, 4), (6, 4), (5, 6), (7, 6)], [(1, 0), (5, 0), (0, 6), (2, 1), (5, 1), (3, 2), (3, 7), (6, 4), (5, 7), (7, 6)], [(1, 0), (1, 2), (1, 3), (1, 5), (1, 6), (2, 0), (3, 0), (3, 2), (4, 0), (4, 1), (4, 2), (4, 6), (5, 0), (5, 2), (5, 3), (6, 0), (6, 2), (6, 3), (6, 5), (7, 1), (7, 2), (7, 3), (7, 4), (7, 5), (7, 6)]], [[(0, 3), (0, 5), (1, 0), (1, 3), (1, 5), (1, 6), (1, 7), (2, 0), (2, 3), (2, 6), (3, 5), (3, 6), (4, 0), (4, 2), (4, 3), (4, 6), (4, 7), (5, 6), (7, 0), (7, 2), (7, 3), (7, 5), (7, 6)], [(0, 3), (0, 7), (1, 6), (2, 3), (4, 2), (4, 3), (4, 7), (5, 1), (5, 3), (6, 7), (7, 2)], [(0, 7), (1, 6), (2, 3), (2, 4), (3, 0), (3, 4), (3, 5), (5, 1), (7, 4), (7, 6)], [(1, 0), (2, 0), (0, 3), (4, 0), (0, 7), (1, 3), (1, 5), (1, 6), (1, 7), (2, 3), (2, 4), (2, 5), (2, 6), (2, 7), (4, 3), (5, 3), (3, 6), (5, 4), (4, 6), (4, 7), (5, 6), (5, 7), (7, 6)], [(3, 0), (0, 7), (5, 1), (1, 6), (3, 2), (4, 2), (2, 7), (4, 3), (3, 5), (4, 7), (7, 6)], [(1, 0), (1, 3), (1, 6), (2, 0), (2, 1), (2, 3), (2, 6), (2, 7), (3, 0), (3, 6), (4, 0), (4, 2), (4, 3), (4, 6), (4, 7), (5, 0), (5, 1), (5, 2), (5, 3), (5, 4), (5, 6), (5, 7), (7, 0), (7, 3), (7, 6)]], [[(0, 1), (0, 2), (0, 4), (0, 7), (2, 1), (2, 4), (3, 0), (3, 1), (3, 4), (3, 5), (3, 7), (5, 0), (5, 1), (5, 2), (5, 6), (6, 0), (6, 1), (6, 4), (6, 7), (7, 1), (7, 4)], [(0, 3), (1, 3), (1, 6), (2, 0), (2, 4), (2, 5), (3, 7), (4, 1), (4, 6), (5, 0), (5, 6), (6, 7)], [(0, 2), (1, 3), (1, 4), (1, 6), (2, 4), (3, 0), (5, 0), (5, 2), (6, 4), (6, 5), (7, 3), (7, 6)], [(1, 0), (2, 0), (0, 3), (4, 0), (5, 0), (0, 6), (1, 3), (4, 1), (1, 6), (1, 7), (2, 3), (4, 2), (2, 6), (7, 2), (5, 3), (6, 3), (7, 3), (5, 4), (4, 6), (4, 7), (5, 6), (5, 7), (7, 6)], [(0, 2), (3, 0), (5, 0), (3, 1), (1, 4), (6, 1), (2, 4), (5, 2), (3, 7), (6, 4), (6, 5), (6, 7)], [(0, 1), (0, 2), (0, 3), (0, 4), (0, 6), (0, 7), (1, 6), (1, 7), (2, 6), (2, 7), (3, 1), (3, 6), (3, 7), (4, 1), (4, 2), (4, 6), (4, 7), (5, 0), (5, 1), (5, 2), (5, 3), (5, 4), (5, 6), (5, 7), (6, 7)]], [[(1, 0), (1, 3), (1, 7), (2, 0), (2, 3), (2, 4), (2, 5), (2, 6), (2, 7), (3, 0), (3, 7), (4, 0), (4, 1), (4, 3), (4, 7), (5, 0), (5, 1), (5, 3), (5, 4), (6, 0), (6, 1), (6, 3), (6, 4), (6, 7), (7, 0)], [(0, 5), (0, 7), (1, 5), (1, 6), (2, 5), (3, 7), (4, 1), (4, 5), (6, 2), (6, 7)], [(0, 5), (0, 7), (1, 4), (2, 3), (2, 5), (2, 6), (4, 7), (5, 1), (6, 1), (6, 7), (7, 3)], [(1, 0), (2, 0), (3, 0), (4, 0), (5, 0), (6, 0), (7, 0), (1, 2), (1, 3), (4, 1), (1, 5), (1, 6), (1, 7), (2, 5), (2, 6), (2, 7), (4, 3), (5, 3), (3, 6), (3, 7), (4, 5), (4, 6), (4, 7), (5, 6), (7, 6)], [(0, 5), (0, 7), (1, 4), (5, 1), (6, 1), (2, 5), (6, 2), (7, 3), (5, 4), (6, 7)], [(0, 1), (0, 2), (0, 5), (0, 6), (0, 7), (1, 2), (1, 5), (1, 6), (1, 7), (3, 0), (3, 1), (3, 2), (3, 5), (3, 6), (3, 7), (4, 0), (4, 1), (4, 2), (4, 3), (4, 5), (4, 6), (4, 7), (5, 2), (5, 6), (5, 7), (6, 2), (6, 7), (7, 2)]], [[(0, 4), (0, 5), (1, 2), (1, 3), (1, 4), (1, 5), (1, 7), (3, 0), (3, 2), (3, 5), (3, 7), (4, 2), (4, 5), (5, 2), (6, 0), (6, 4), (6, 5), (7, 0), (7, 4), (7, 5), (7, 6)], [(1, 2), (1, 4), (1, 7), (2, 3), (3, 5), (3, 7), (4, 5), (4, 6), (5, 7), (7, 6)], [(1, 2), (1, 4), (1, 7), (3, 0), (3, 2), (3, 5), (4, 2), (6, 0), (6, 4), (7, 5), (7, 6)], [(0, 1), (0, 4), (0, 6), (0, 7), (2, 1), (3, 1), (4, 1), (5, 1), (1, 7), (3, 2), (4, 2), (2, 5), (3, 4), (3, 5), (3, 7), (4, 6), (5, 6), (5, 7), (6, 7)], [(1, 2), (1, 4), (1, 7), (3, 2), (3, 5), (3, 7), (5, 4), (6, 4), (7, 5), (7, 6)], [(0, 2), (0, 6), (0, 7), (2, 1), (2, 4), (2, 6), (2, 7), (3, 0), (3, 1), (3, 2), (3, 4), (3, 5), (3, 6), (3, 7), (4, 1), (5, 0), (5, 1), (5, 2), (5, 4), (5, 6), (5, 7), (6, 1), (6, 4), (6, 7), (7, 1), (7, 4)]], [[(0, 1), (0, 3), (0, 4), (1, 4), (2, 0), (2, 1), (2, 3), (2, 4), (2, 6), (2, 7), (3, 4), (5, 0), (5, 1), (5, 3), (5, 4), (5, 6), (6, 0), (6, 3), (6, 4), (7, 1), (7, 3), (7, 5), (7, 6)], [(0, 3), (0, 6), (2, 3), (2, 6), (2, 7), (4, 1), (4, 5), (5, 3), (5, 6), (6, 7), (7, 3)], [(0, 3), (0, 6), (0, 7), (1, 2), (1, 4), (3, 2), (5, 3), (6, 5), (6, 7), (7, 2), (7, 3)], [(0, 1), (0, 2), (3, 0), (0, 5), (0, 6), (0, 7), (1, 2), (4, 1), (5, 1), (1, 6), (1, 7), (3, 2), (4, 2), (5, 2), (2, 7), (4, 3), (3, 5), (3, 6), (3, 7), (4, 5), (4, 6), (5, 6), (5, 7), (6, 7)], [(3, 0), (0, 6), (4, 1), (2, 3), (2, 6), (2, 7), (5, 3), (3, 7), (5, 4), (5, 6), (6, 7)], [(0, 2), (0, 3), (0, 5), (0, 6), (0, 7), (1, 0), (1, 2), (1, 3), (1, 4), (1, 5), (1, 7), (2, 3), (2, 5), (2, 6), (2, 7), (4, 0), (4, 2), (4, 3), (4, 6), (4, 7), (5, 3), (6, 5), (7, 3), (7, 6)]], [[(0, 1), (0, 2), (0, 3), (0, 4), (0, 6), (1, 2), (1, 3), (1, 4), (1, 5), (3, 2), (3, 7), (4, 2), (4, 3), (4, 5), (4, 7), (5, 2), (5, 3), (6, 2), (6, 4), (6, 5), (7, 2)], [(1, 0), (1, 3), (2, 0), (2, 7), (3, 5), (3, 6), (4, 0), (4, 1), (4, 7), (6, 0), (6, 2), (6, 5)], [(0, 1), (0, 2), (0, 4), (2, 7), (3, 1), (3, 5), (4, 1), (4, 7), (5, 6), (6, 0), (6, 2)], [(0, 1), (2, 0), (0, 3), (0, 4), (5, 0), (0, 7), (2, 1), (1, 3), (1, 4), (1, 6), (1, 7), (2, 3), (2, 4), (5, 2), (2, 6), (2, 7), (3, 4), (5, 3), (7, 3), (5, 4), (6, 4), (7, 4), (5, 6), (5, 7), (7, 6)], [(1, 0), (0, 2), (4, 0), (6, 0), (3, 1), (1, 4), (6, 2), (2, 7), (3, 5), (6, 3), (4, 7), (6, 5)], [(0, 1), (0, 4), (0, 5), (0, 6), (1, 4), (2, 0), (2, 1), (2, 3), (2, 4), (2, 5), (2, 6), (3, 0), (3, 1), (3, 4), (3, 5), (3, 6), (5, 1), (5, 4), (6, 1), (6, 4), (6, 5), (7, 0), (7, 1), (7, 2), (7, 3), (7, 4), (7, 5), (7, 6)]], [[(1, 0), (1, 2), (1, 3), (1, 4), (1, 5), (2, 0), (2, 3), (2, 4), (2, 7), (3, 0), (3, 5), (3, 7), (5, 0), (5, 4), (6, 0), (6, 2), (6, 3), (6, 4), (6, 5), (6, 7), (7, 0)], [(0, 6), (1, 3), (1, 4), (2, 3), (2, 4), (3, 6), (5, 0), (5, 6), (7, 0), (7, 3)], [(0, 5), (0, 6), (0, 7), (1, 4), (2, 3), (2, 4), (3, 1), (5, 6), (6, 7), (7, 3)], [(1, 0), (0, 2), (4, 0), (0, 5), (6, 0), (7, 0), (1, 2), (1, 3), (4, 1), (1, 5), (1, 7), (3, 2), (4, 2), (5, 2), (6, 2), (7, 2), (4, 3), (6, 3), (7, 3), (4, 7), (6, 5), (7, 5), (6, 7)], [(0, 5), (6, 0), (7, 0), (1, 3), (1, 4), (3, 2), (2, 4), (6, 3), (3, 7), (6, 5)], [(0, 1), (0, 2), (0, 3), (0, 4), (0, 6), (1, 2), (1, 3), (1, 4), (1, 6), (3, 2), (3, 6), (4, 2), (4, 3), (5, 0), (5, 1), (5, 2), (5, 3), (5, 4), (5, 6), (5, 7), (6, 2), (7, 0), (7, 1), (7, 2), (7, 3), (7, 4), (7, 6)]], [[(0, 3), (0, 4), (0, 7), (1, 0), (1, 3), (1, 4), (1, 6), (1, 7), (2, 0), (2, 1), (2, 3), (2, 4), (4, 3), (4, 7), (5, 0), (5, 1), (5, 3), (5, 4), (5, 6), (6, 0), (6, 3), (6, 4), (6, 7), (7, 3)], [(0, 1), (0, 3), (1, 7), (2, 0), (2, 3), (4, 7), (5, 3), (5, 4), (6, 1), (6, 4)], [(0, 1), (0, 2), (0, 3), (1, 6), (1, 7), (2, 3), (2, 6), (4, 5), (4, 6), (4, 7), (5, 3), (7, 6)], [(0, 1), (2, 0), (0, 3), (0, 4), (5, 0), (0, 6), (2, 1), (1, 3), (5, 1), (6, 1), (1, 7), (2, 3), (2, 4), (2, 7), (4, 3), (5, 3), (6, 3), (7, 3), (5, 4), (6, 4), (7, 4), (5, 6), (5, 7)], [(1, 0), (0, 2), (0, 3), (1, 6), (1, 7), (2, 3), (5, 3), (4, 5), (4, 6), (4, 7)], [(0, 1), (0, 3), (0, 5), (1, 3), (1, 5), (2, 0), (2, 1), (2, 3), (2, 4), (2, 5), (3, 5), (4, 0), (4, 1), (4, 5), (6, 0), (6, 1), (6, 2), (6, 3), (6, 4), (6, 5), (7, 0), (7, 1), (7, 2), (7, 3), (7, 4), (7, 5), (7, 6)]], [[(0, 1), (0, 2), (0, 3), (0, 4), (0, 5), (0, 7), (1, 2), (1, 3), (1, 5), (1, 6), (1, 7), (2, 3), (2, 4), (2, 5), (3, 5), (3, 6), (4, 3), (4, 5), (4, 6), (4, 7), (6, 5), (7, 3), (7, 5)], [(0, 1), (0, 5), (1, 6), (2, 4), (2, 5), (3, 4), (4, 0), (5, 6), (7, 0), (7, 5)], [(0, 1), (0, 4), (0, 5), (0, 7), (1, 6), (4, 2), (4, 3), (5, 2), (5, 4), (6, 5), (7, 5)], [(1, 0), (0, 2), (3, 0), (0, 4), (0, 5), (0, 7), (3, 1), (1, 4), (6, 1), (3, 2), (2, 4), (6, 2), (2, 7), (3, 4), (3, 5), (6, 3), (3, 7), (5, 4), (6, 4), (7, 4), (6, 5), (7, 5)], [(0, 1), (4, 0), (5, 0), (0, 7), (1, 6), (2, 4), (5, 2), (3, 4), (5, 6), (5, 7)], [(0, 1), (0, 4), (1, 4), (2, 0), (2, 3), (2, 4), (2, 5), (2, 6), (2, 7), (3, 0), (3, 1), (3, 4), (3, 6), (5, 0), (5, 3), (5, 4), (5, 6), (5, 7), (6, 0), (6, 1), (6, 4), (7, 0), (7, 3), (7, 4), (7, 6)]], [[(0, 2), (1, 0), (1, 2), (3, 1), (3, 2), (4, 0), (4, 1), (4, 2), (4, 6), (4, 7), (5, 0), (5, 2), (5, 3), (5, 6), (6, 0), (6, 1), (6, 2), (6, 3), (7, 0), (7, 1), (7, 2), (7, 3), (7, 5), (7, 6)], [(0, 2), (0, 7), (1, 3), (2, 1), (3, 7), (4, 0), (4, 7), (5, 3), (6, 3), (6, 7)], [(0, 2), (1, 2), (1, 3), (3, 5), (3, 6), (3, 7), (4, 0), (5, 6), (7, 4), (7, 6)], [(0, 2), (0, 3), (0, 4), (5, 0), (0, 7), (2, 1), (1, 3), (1, 4), (5, 1), (1, 6), (1, 7), (2, 3), (2, 4), (2, 6), (2, 7), (5, 3), (6, 3), (7, 3), (5, 4), (4, 6), (4, 7), (5, 6), (5, 7), (6, 7)], [(0, 2), (0, 4), (0, 7), (2, 1), (3, 1), (3, 5), (3, 6), (3, 7), (7, 4), (7, 6)], [(0, 4), (1, 0), (1, 2), (1, 3), (1, 4), (1, 6), (1, 7), (2, 0), (2, 3), (2, 4), (2, 6), (2, 7), (3, 0), (5, 0), (5, 1), (5, 2), (5, 3), (5, 4), (5, 6), (5, 7), (6, 0), (6, 3), (6, 4), (6, 7), (7, 0), (7, 3), (7, 4)]], [[(0, 4), (0, 5), (1, 0), (1, 2), (1, 4), (1, 5), (1, 6), (1, 7), (2, 3), (2, 4), (2, 5), (2, 6), (2, 7), (3, 0), (3, 4), (3, 5), (3, 6), (4, 5), (6, 5), (7, 0), (7, 3), (7, 5)], [(0, 1), (0, 3), (0, 4), (0, 7), (1, 2), (1, 5), (1, 6), (2, 5), (2, 7), (3, 6), (4, 5)], [(0, 1), (0, 3), (0, 4), (0, 7), (1, 6), (2, 4), (2, 5), (2, 7), (3, 6), (4, 5), (5, 1)], [(0, 1), (0, 2), (3, 0), (4, 0), (0, 5), (0, 6), (0, 7), (1, 2), (4, 1), (1, 5), (1, 6), (1, 7), (3, 2), (4, 2), (5, 2), (2, 6), (7, 2), (3, 5), (3, 6), (3, 7), (4, 5), (4, 7), (5, 6)], [(0, 1), (3, 0), (4, 0), (0, 7), (2, 1), (1, 5), (1, 6), (2, 5), (2, 7), (3, 6), (4, 5)], [(0, 1), (2, 0), (2, 1), (3, 0), (3, 1), (3, 2), (3, 7), (4, 0), (4, 1), (4, 2), (4, 3), (4, 5), (4, 6), (4, 7), (5, 0), (5, 1), (5, 2), (5, 3), (5, 7), (6, 0), (6, 1), (6, 3), (7, 0), (7, 1), (7, 2)]], [[(0, 1), (0, 4), (0, 6), (1, 2), (1, 3), (1, 4), (3, 2), (3, 4), (4, 2), (5, 0), (5, 1), (5, 2), (5, 4), (5, 6), (6, 2), (6, 3), (7, 0), (7, 1), (7, 2), (7, 3), (7, 4), (7, 6)], [(0, 1), (0, 5), (0, 6), (0, 7), (1, 2), (1, 3), (2, 4), (2, 5), (2, 6), (3, 6), (3, 7), (4, 5), (6, 7)], [(0, 1), (0, 5), (0, 6), (0, 7), (1, 2), (1, 5), (2, 4), (2, 5), (2, 6), (3, 1), (3, 6), (3, 7), (5, 4), (6, 7)], [(0, 1), (0, 3), (0, 5), (0, 6), (2, 1), (1, 3), (5, 1), (6, 1), (1, 7), (4, 2), (2, 5), (6, 2), (2, 7), (4, 3), (5, 3), (3, 7), (4, 6), (4, 7), (6, 5), (5, 7), (6, 7)], [(0, 1), (0, 5), (0, 6), (0, 7), (1, 2), (3, 1), (2, 4), (2, 5), (2, 6), (3, 6), (3, 7), (5, 4), (6, 7)], [(0, 1), (0, 2), (0, 3), (0, 4), (0, 5), (0, 6), (0, 7), (2, 1), (3, 1), (3, 2), (3, 6), (4, 1), (4, 2), (4, 3), (4, 5), (4, 6), (5, 1), (5, 2), (6, 2), (6, 5), (7, 1), (7, 2), (7, 3), (7, 4), (7, 5), (7, 6)]], [[(0, 3), (0, 6), (1, 2), (1, 3), (1, 4), (1, 5), (1, 6), (2, 0), (2, 3), (2, 4), (2, 6), (2, 7), (3, 6), (4, 3), (4, 5), (4, 6), (5, 0), (5, 3), (5, 6), (7, 3), (7, 4), (7, 5), (7, 6)], [(0, 3), (0, 5), (1, 5), (1, 6), (2, 0), (2, 4), (3, 6), (4, 6), (5, 4), (5, 7), (7, 4), (7, 6)], [(1, 5), (1, 6), (2, 0), (2, 4), (2, 7), (3, 0), (3, 6), (4, 5), (4, 6), (4, 7), (5, 0), (7, 5), (7, 6)], [(2, 0), (3, 0), (4, 0), (0, 5), (6, 0), (0, 7), (2, 1), (3, 1), (4, 1), (5, 1), (6, 1), (7, 1), (2, 4), (2, 5), (2, 6), (2, 7), (3, 4), (3, 6), (3, 7), (4, 5), (6, 4), (4, 7), (6, 5), (5, 7), (6, 7)], [(2, 0), (3, 0), (5, 0), (1, 5), (1, 6), (4, 2), (3, 6), (4, 5), (4, 6), (7, 4), (7, 5), (7, 6)], [(0, 3), (0, 4), (0, 5), (0, 6), (1, 3), (1, 4), (1, 6), (1, 7), (2, 0), (2, 1), (2, 3), (2, 4), (2, 5), (2, 6), (2, 7), (4, 3), (5, 1), (5, 3), (5, 6), (5, 7), (6, 3), (6, 4), (7, 3), (7, 4), (7, 6)]], [[(0, 1), (0, 2), (0, 3), (0, 5), (0, 7), (1, 3), (1, 4), (1, 5), (1, 6), (1, 7), (2, 5), (3, 2), (3, 5), (4, 2), (4, 3), (4, 6), (4, 7), (6, 2), (6, 3), (6, 5), (7, 2), (7, 3)], [(1, 0), (1, 4), (3, 0), (3, 2), (4, 2), (5, 1), (6, 3), (6, 4), (7, 1), (7, 4)], [(0, 3), (1, 0), (1, 4), (1, 5), (1, 6), (1, 7), (2, 3), (4, 2), (4, 3), (4, 6), (4, 7), (6, 3)], [(0, 1), (0, 2), (0, 3), (0, 5), (6, 0), (1, 2), (1, 3), (1, 4), (5, 1), (7, 1), (3, 2), (4, 2), (5, 2), (3, 4), (5, 3), (6, 3), (7, 3), (6, 4), (7, 4), (6, 5), (7, 5), (7, 6)], [(0, 1), (0, 3), (1, 4), (5, 1), (1, 7), (3, 2), (4, 2), (6, 3), (4, 6), (7, 4)], [(0, 1), (2, 0), (2, 1), (2, 3), (2, 4), (2, 5), (2, 6), (2, 7), (3, 0), (3, 1), (3, 4), (3, 5), (3, 6), (3, 7), (4, 0), (4, 1), (5, 0), (5, 1), (5, 4), (5, 6), (5, 7), (6, 0), (6, 1), (6, 4), (6, 7), (7, 1), (7, 4)]], [[(0, 1), (0, 2), (2, 1), (3, 0), (3, 1), (3, 2), (3, 4), (3, 6), (3, 7), (4, 0), (4, 2), (4, 5), (4, 6), (4, 7), (5, 1), (5, 7), (6, 0), (6, 2), (6, 7), (7, 0), (7, 1), (7, 2)], [(0, 1), (0, 3), (1, 2), (2, 3), (4, 3), (4, 5), (4, 7), (5, 1), (6, 7)], [(0, 1), (0, 3), (0, 4), (1, 2), (3, 2), (3, 4), (4, 5), (4, 7), (5, 1), (6, 7)], [(0, 1), (3, 0), (0, 4), (0, 5), (0, 7), (1, 2), (1, 4), (1, 5), (1, 6), (1, 7), (3, 2), (4, 2), (2, 5), (2, 7), (3, 4), (3, 5), (3, 6), (3, 7), (4, 5), (4, 7), (6, 5), (7, 5), (6, 7)], [(1, 0), (3, 0), (1, 2), (5, 1), (3, 2), (4, 3), (4, 5), (4, 7), (6, 7)], [(1, 0), (1, 2), (1, 3), (1, 4), (1, 6), (1, 7), (2, 0), (2, 3), (2, 4), (3, 0), (3, 4), (3, 7), (4, 0), (5, 0), (5, 1), (5, 2), (5, 3), (5, 4), (5, 6), (5, 7), (6, 0), (6, 2), (6, 3), (6, 4), (6, 7), (7, 0), (7, 4)]], [[(1, 0), (2, 0), (2, 1), (2, 6), (3, 0), (3, 1), (3, 2), (3, 4), (3, 7), (4, 1), (4, 6), (5, 0), (5, 1), (5, 2), (5, 6), (6, 0), (6, 1), (7, 0), (7, 2), (7, 5), (7, 6)], [(0, 2), (0, 3), (1, 2), (1, 3), (2, 7), (3, 2), (3, 4), (4, 6), (5, 2), (5, 6), (5, 7), (6, 7)], [(0, 2), (0, 3), (1, 3), (2, 1), (2, 3), (3, 4), (4, 6), (5, 1), (5, 2), (5, 6), (5, 7), (7, 2), (7, 6)], [(0, 2), (0, 3), (4, 0), (0, 5), (0, 7), (1, 2), (3, 1), (4, 1), (1, 5), (6, 1), (1, 7), (3, 2), (6, 2), (2, 7), (3, 5), (6, 3), (4, 5), (6, 4), (4, 7), (6, 5), (7, 5), (6, 7)], [(0, 2), (0, 3), (2, 1), (1, 3), (2, 3), (5, 2), (7, 2), (3, 4), (4, 6), (5, 6), (7, 5), (7, 6)], [(0, 2), (0, 3), (0, 5), (0, 7), (1, 0), (1, 2), (1, 3), (1, 5), (1, 7), (2, 7), (3, 2), (3, 5), (4, 0), (4, 1), (4, 3), (4, 5), (4, 6), (4, 7), (6, 0), (6, 1), (6, 2), (6, 5), (6, 7), (7, 5)]], [[(0, 2), (0, 3), (0, 4), (0, 5), (0, 6), (1, 0), (1, 3), (1, 4), (2, 5), (3, 6), (4, 2), (4, 5), (6, 2), (6, 4), (7, 0), (7, 2), (7, 3), (7, 4), (7, 5), (7, 6)], [(0, 4), (0, 5), (1, 5), (2, 4), (3, 0), (5, 2), (6, 3), (7, 0)], [(0, 2), (0, 3), (0, 4), (0, 5), (0, 7), (1, 4), (1, 7), (2, 4), (3, 6), (5, 2)], [(1, 0), (2, 0), (0, 3), (4, 0), (5, 0), (0, 6), (0, 7), (1, 2), (1, 5), (1, 6), (1, 7), (2, 3), (4, 2), (5, 2), (2, 6), (2, 7), (6, 3), (4, 5), (4, 6), (5, 7), (7, 6)], [(0, 3), (4, 0), (5, 0), (0, 7), (5, 1), (2, 4), (5, 2), (3, 6)], [(1, 0), (1, 3), (1, 4), (1, 5), (1, 7), (2, 0), (2, 1), (2, 3), (2, 4), (2, 5), (2, 7), (3, 0), (3, 4), (3, 7), (4, 0), (5, 0), (5, 3), (6, 0), (6, 1), (6, 2), (6, 3), (6, 4), (6, 5), (6, 7), (7, 0), (7, 4)]], [[(0, 2), (0, 3), (0, 4), (0, 6), (0, 7), (1, 2), (1, 3), (1, 6), (2, 3), (2, 5), (2, 6), (4, 1), (4, 2), (4, 3), (4, 5), (4, 6), (4, 7), (5, 3), (6, 3), (6, 5), (7, 1), (7, 2), (7, 5), (7, 6)], [(0, 2), (0, 3), (0, 4), (1, 3), (1, 4), (2, 3), (2, 7), (3, 5), (4, 7), (6, 2), (6, 5)], [(1, 2), (1, 3), (1, 4), (2, 3), (2, 6), (3, 0), (3, 5), (4, 0), (6, 0), (6, 5), (7, 2), (7, 4)], [(1, 0), (3, 0), (0, 4), (5, 0), (0, 6), (0, 7), (1, 2), (3, 1), (1, 4), (3, 2), (6, 2), (2, 7), (3, 4), (5, 3), (3, 6), (3, 7), (5, 4), (6, 4), (7, 4), (5, 6), (5, 7), (6, 7)], [(0, 2), (0, 3), (0, 4), (1, 3), (1, 4), (3, 2), (6, 2), (2, 7), (3, 5), (7, 4), (5, 6)], [(0, 2), (0, 3), (0, 6), (0, 7), (1, 2), (1, 3), (1, 6), (2, 6), (3, 2), (3, 6), (4, 0), (4, 1), (4, 2), (4, 3), (4, 6), (4, 7), (5, 0), (5, 1), (5, 2), (5, 3), (5, 4), (5, 6), (5, 7), (7, 1), (7, 2), (7, 3), (7, 6)]], [[(0, 3), (0, 4), (0, 5), (1, 0), (1, 2), (1, 3), (1, 4), (1, 5), (1, 6), (1, 7), (2, 0), (2, 3), (2, 5), (3, 4), (3, 5), (4, 5), (6, 2), (6, 3), (6, 4), (6, 5), (7, 0), (7, 2), (7, 4), (7, 5)], [(0, 2), (0, 3), (1, 5), (1, 6), (2, 5), (2, 6), (4, 0), (4, 2), (6, 5), (7, 4)], [(0, 2), (0, 3), (0, 4), (1, 5), (1, 6), (3, 1), (3, 2), (3, 6), (4, 7), (5, 2), (6, 2), (6, 4)], [(1, 0), (2, 0), (0, 3), (0, 4), (0, 7), (1, 3), (1, 4), (1, 5), (1, 6), (1, 7), (2, 3), (2, 4), (2, 5), (2, 6), (3, 4), (3, 5), (6, 3), (5, 4), (6, 4), (7, 4), (7, 6)], [(2, 0), (0, 3), (4, 0), (1, 5), (6, 1), (4, 2), (2, 5), (6, 2), (7, 4), (6, 5)], [(0, 4), (1, 0), (1, 2), (1, 3), (1, 4), (1, 5), (1, 6), (1, 7), (2, 0), (2, 4), (2, 5), (2, 6), (2, 7), (3, 0), (3, 2), (3, 4), (3, 5), (3, 6), (5, 4), (6, 4), (7, 0), (7, 4), (7, 6)]], [[(0, 2), (0, 3), (0, 4), (0, 5), (0, 6), (0, 7), (2, 3), (2, 5), (2, 6), (3, 1), (4, 1), (4, 3), (5, 3), (5, 4), (6, 1), (6, 3), (6, 7), (7, 1), (7, 3), (7, 5)], [(0, 1), (0, 2), (1, 6), (2, 5), (2, 6), (3, 1), (5, 3), (5, 4), (7, 1), (7, 6)], [(0, 1), (0, 2), (0, 4), (1, 3), (1, 6), (1, 7), (2, 5), (5, 3), (5, 4), (6, 2), (7, 6)], [(2, 0), (3, 0), (4, 0), (5, 0), (6, 0), (7, 0), (1, 3), (1, 5), (1, 6), (1, 7), (2, 3), (4, 2), (2, 5), (6, 2), (2, 7), (4, 3), (5, 3), (6, 3), (7, 3), (4, 5), (4, 6), (4, 7), (5, 7), (6, 7)], [(1, 0), (2, 0), (3, 1), (1, 6), (7, 1), (5, 2), (2, 6), (5, 3), (5, 4), (7, 6)], [(0, 1), (0, 3), (0, 5), (0, 6), (0, 7), (1, 3), (2, 0), (2, 1), (2, 5), (2, 6), (2, 7), (4, 0), (4, 1), (4, 2), (4, 3), (4, 5), (4, 7), (5, 1), (5, 3), (6, 3), (7, 1), (7, 3), (7, 5), (7, 6)]], [[(0, 2), (0, 5), (1, 0), (1, 2), (1, 3), (1, 4), (1, 5), (1, 7), (3, 0), (3, 2), (3, 6), (3, 7), (4, 0), (4, 2), (4, 5), (5, 2), (6, 0), (6, 2), (6, 4), (6, 5), (6, 7), (7, 2), (7, 4), (7, 5)], [(1, 3), (1, 4), (1, 5), (2, 5), (2, 6), (3, 6), (4, 0), (5, 7), (6, 4), (6, 7)], [(0, 5), (1, 4), (1, 7), (2, 5), (3, 1), (4, 0), (4, 7), (6, 2), (6, 3), (6, 4), (6, 5), (6, 7), (7, 5)], [(0, 1), (0, 2), (3, 0), (0, 4), (0, 5), (2, 1), (3, 1), (4, 1), (1, 7), (2, 4), (2, 5), (2, 6), (2, 7), (3, 4), (3, 5), (3, 6), (4, 6), (4, 7), (5, 6), (7, 5), (7, 6)], [(4, 0), (1, 3), (4, 1), (5, 1), (2, 5), (6, 2), (6, 3), (6, 4), (5, 7), (6, 7)], [(0, 1), (0, 2), (0, 3), (0, 4), (0, 5), (0, 6), (1, 2), (1, 5), (1, 7), (3, 1), (3, 2), (3, 4), (3, 6), (3, 7), (4, 1), (4, 2), (4, 5), (4, 7), (5, 2), (6, 1), (6, 2), (6, 4), (6, 5), (6, 7), (7, 2), (7, 5)]], [[(0, 1), (2, 0), (2, 1), (2, 5), (2, 6), (2, 7), (3, 0), (3, 1), (3, 5), (3, 6), (3, 7), (4, 0), (4, 1), (4, 7), (5, 1), (5, 4), (5, 6), (5, 7), (6, 4), (6, 7), (7, 0)], [(0, 4), (0, 5), (1, 0), (1, 2), (1, 4), (2, 6), (2, 7), (3, 5), (3, 7), (4, 7), (5, 6)], [(0, 1), (0, 4), (2, 1), (2, 7), (3, 2), (3, 5), (3, 7), (4, 1), (4, 7), (5, 0), (5, 4), (5, 6), (6, 2)], [(1, 0), (2, 0), (4, 0), (5, 0), (0, 7), (2, 1), (3, 1), (1, 4), (2, 4), (2, 5), (2, 6), (2, 7), (3, 4), (3, 5), (3, 6), (3, 7), (5, 4), (4, 6), (4, 7), (5, 6), (5, 7), (7, 6)], [(1, 0), (4, 0), (0, 5), (2, 1), (4, 1), (2, 6), (2, 7), (5, 3), (3, 7), (4, 7), (5, 6)], [(0, 1), (0, 2), (0, 3), (0, 4), (0, 5), (0, 6), (0, 7), (1, 2), (1, 3), (1, 4), (1, 6), (1, 7), (3, 2), (3, 5), (3, 7), (4, 3), (4, 5), (4, 7), (5, 2), (6, 2), (6, 3), (6, 5), (6, 7), (7, 2)]], [[(0, 1), (0, 3), (0, 5), (0, 6), (0, 7), (1, 2), (1, 5), (1, 7), (2, 5), (2, 7), (3, 1), (3, 2), (3, 4), (3, 5), (3, 6), (3, 7), (4, 1), (4, 5), (4, 7), (6, 1), (6, 2), (6, 7)], [(0, 3), (0, 6), (1, 0), (1, 5), (1, 6), (2, 3), (2, 5), (3, 5), (3, 6), (4, 3), (4, 5), (7, 1), (7, 2)], [(0, 3), (0, 6), (1, 0), (1, 5), (1, 6), (2, 3), (2, 5), (2, 7), (3, 4), (3, 6), (5, 3), (5, 4), (7, 1)], [(1, 0), (3, 0), (0, 4), (0, 5), (0, 6), (0, 7), (1, 2), (1, 4), (1, 5), (1, 6), (1, 7), (3, 2), (2, 4), (2, 5), (2, 6), (2, 7), (3, 4), (3, 5), (3, 6), (3, 7), (5, 4), (6, 4), (4, 7), (6, 7)], [(1, 0), (3, 0), (6, 0), (1, 5), (1, 6), (7, 1), (2, 3), (2, 5), (7, 2), (3, 4), (3, 5), (3, 6), (4, 5)], [(0, 1), (0, 2), (0, 3), (0, 5), (0, 6), (0, 7), (1, 5), (1, 7), (2, 1), (2, 3), (2, 4), (2, 5), (2, 6), (2, 7), (3, 1), (3, 5), (3, 7), (4, 1), (4, 3), (4, 5), (4, 6), (4, 7), (6, 1), (6, 3), (6, 7)]], [[(0, 4), (0, 7), (1, 0), (1, 2), (1, 4), (1, 5), (1, 6), (1, 7), (2, 0), (2, 3), (2, 4), (2, 6), (2, 7), (3, 0), (3, 7), (4, 7), (5, 0), (5, 3), (5, 6), (5, 7), (6, 3), (6, 4), (6, 7)], [(0, 1), (0, 3), (0, 4), (1, 6), (1, 7), (2, 3), (3, 6), (5, 4), (5, 6), (6, 7), (7, 4)], [(0, 1), (0, 3), (0, 4), (0, 7), (2, 1), (2, 3), (3, 6), (5, 4), (6, 1), (6, 4), (6, 5), (6, 7), (7, 4)], [(1, 0), (0, 2), (3, 0), (4, 0), (0, 5), (7, 0), (1, 2), (3, 1), (1, 5), (1, 6), (1, 7), (3, 2), (4, 2), (2, 5), (6, 2), (7, 2), (4, 3), (3, 6), (4, 5), (4, 6), (4, 7), (6, 5), (7, 5), (6, 7)], [(0, 1), (0, 3), (0, 4), (6, 1), (1, 7), (2, 3), (3, 6), (5, 4), (7, 4), (6, 5), (6, 7)], [(0, 2), (1, 0), (1, 2), (1, 6), (3, 0), (3, 1), (3, 2), (3, 4), (3, 6), (3, 7), (4, 0), (4, 1), (4, 2), (4, 6), (4, 7), (5, 0), (5, 2), (5, 3), (5, 4), (5, 6), (5, 7), (6, 2), (7, 0), (7, 1), (7, 2), (7, 6)]], [[(0, 1), (0, 3), (0, 4), (0, 5), (0, 6), (0, 7), (1, 5), (2, 1), (2, 3), (2, 4), (2, 5), (2, 7), (3, 1), (3, 5), (3, 7), (4, 1), (4, 7), (6, 2), (6, 3), (6, 5), (6, 7), (7, 1)], [(0, 7), (1, 2), (1, 4), (1, 7), (2, 3), (2, 4), (3, 6), (4, 7), (5, 2), (6, 0), (6, 7)], [(0, 7), (1, 2), (1, 5), (1, 6), (1, 7), (2, 3), (2, 4), (2, 5), (3, 6), (4, 7), (6, 0), (6, 7)], [(0, 1), (0, 3), (0, 4), (0, 5), (6, 0), (0, 7), (2, 1), (1, 3), (4, 1), (5, 1), (7, 1), (2, 4), (2, 5), (6, 2), (2, 7), (4, 3), (5, 3), (6, 3), (4, 5), (4, 7), (6, 5), (7, 5), (6, 7)], [(6, 0), (0, 7), (2, 1), (4, 1), (1, 7), (3, 2), (2, 4), (2, 5), (6, 3), (4, 7), (6, 7)], [(1, 0), (1, 2), (1, 6), (2, 0), (2, 6), (3, 0), (3, 1), (3, 2), (3, 6), (4, 0), (4, 1), (4, 2), (4, 3), (4, 6), (5, 0), (5, 1), (5, 2), (5, 3), (5, 4), (5, 6), (6, 0), (7, 0), (7, 1), (7, 4), (7, 6)]], [[(0, 3), (0, 4), (0, 5), (1, 0), (1, 3), (1, 4), (1, 5), (1, 6), (1, 7), (2, 0), (2, 4), (2, 5), (2, 7), (3, 5), (3, 6), (3, 7), (4, 5), (4, 6), (4, 7), (5, 7), (6, 5)], [(0, 3), (0, 7), (1, 3), (1, 4), (1, 5), (1, 7), (2, 0), (2, 4), (3, 5), (4, 5), (4, 7), (6, 5), (6, 7)], [(0, 2), (0, 3), (1, 4), (1, 5), (1, 7), (2, 4), (3, 1), (3, 5), (5, 6), (6, 7), (7, 4)], [(1, 0), (2, 0), (0, 3), (0, 4), (0, 6), (7, 0), (1, 3), (1, 4), (1, 5), (1, 6), (1, 7), (2, 3), (2, 5), (2, 6), (2, 7), (4, 3), (5, 3), (3, 6), (7, 3), (4, 5), (4, 6), (7, 4), (5, 6), (7, 5)], [(0, 2), (3, 0), (0, 7), (3, 1), (1, 4), (1, 5), (1, 7), (2, 4), (3, 5), (4, 5), (4, 7), (6, 5), (7, 6)], [(0, 1), (0, 2), (2, 1), (3, 0), (3, 1), (3, 2), (3, 4), (3, 5), (3, 6), (3, 7), (4, 0), (4, 1), (4, 2), (5, 0), (5, 1), (5, 2), (5, 4), (6, 0), (6, 1), (6, 2), (6, 4), (6, 5), (6, 7), (7, 0), (7, 1), (7, 2), (7, 4), (7, 5)]], [[(0, 1), (0, 7), (2, 0), (2, 1), (2, 4), (2, 5), (2, 6), (2, 7), (3, 0), (3, 4), (3, 7), (4, 1), (4, 7), (5, 0), (5, 1), (5, 3), (5, 4), (6, 0), (6, 1), (6, 3), (6, 4), (6, 7), (7, 1)], [(0, 1), (0, 6), (1, 6), (2, 0), (2, 6), (4, 3), (4, 6), (4, 7), (5, 3), (5, 4), (7, 3)], [(0, 1), (0, 2), (0, 3), (0, 6), (2, 6), (3, 5), (3, 7), (4, 3), (4, 5), (4, 7), (5, 1), (6, 1)], [(1, 0), (0, 2), (0, 3), (5, 0), (0, 6), (7, 0), (1, 2), (1, 4), (1, 6), (7, 1), (2, 3), (2, 4), (5, 2), (6, 2), (7, 2), (3, 4), (5, 3), (6, 3), (7, 3), (5, 4), (6, 4), (7, 4), (5, 6), (7, 5)], [(0, 1), (2, 0), (0, 6), (1, 6), (2, 6), (4, 3), (5, 3), (3, 7), (5, 4), (6, 4), (4, 7)], [(0, 4), (0, 6), (1, 0), (1, 4), (1, 6), (2, 0), (2, 1), (2, 4), (2, 6), (3, 1), (3, 2), (3, 4), (3, 6), (4, 6), (5, 0), (5, 1), (5, 2), (5, 3), (5, 4), (5, 6), (7, 0), (7, 1), (7, 2), (7, 3), (7, 4), (7, 5), (7, 6)]]]

