# Here follows a command on how to create 
# the CIM_4 polytope in polymake. After 
# creating the polytope the command 
# "print $p4->GRAPH->EDGES;" prints all 
# edges. This edgelist is created via 
# the "try_all_dags(4)" command and then
# deleting replicas, always removing the 
# later, and finally appending a "1" in the 
# beginning. Running "print $p4->GRAPH->EDGES;"
# should not take more than a second. 

$p4 =  new Polytope(VERTICES => [[1, 0, 0, 0, 0, 0, 0, 0, 0, 0, 0, 0], [1, 0, 0, 0, 0, 0, 0, 0, 1, 0, 0, 0], [1, 0, 0, 0, 0, 0, 1, 0, 0, 0, 0, 0], [1, 0, 0, 0, 0, 0, 1, 0, 1, 0, 1, 0], [1, 0, 0, 0, 0, 1, 0, 0, 0, 0, 0, 0], [1, 0, 0, 0, 0, 1, 0, 0, 1, 1, 0, 0], [1, 0, 0, 0, 0, 1, 1, 1, 0, 0, 0, 0], [1, 0, 0, 0, 0, 1, 1, 1, 1, 1, 1, 1], [1, 0, 0, 0, 0, 0, 1, 0, 1, 0, 0, 0], [1, 0, 0, 0, 0, 1, 0, 0, 1, 0, 0, 0], [1, 0, 0, 0, 0, 1, 1, 1, 1, 0, 0, 0], [1, 0, 0, 1, 0, 0, 0, 0, 0, 0, 0, 0], [1, 0, 0, 1, 0, 0, 0, 0, 1, 0, 0, 0], [1, 0, 0, 1, 0, 0, 1, 0, 0, 0, 0, 0], [1, 0, 0, 1, 0, 0, 1, 0, 1, 0, 1, 0], [1, 0, 0, 1, 0, 1, 0, 0, 0, 0, 0, 0], [1, 0, 0, 1, 0, 1, 0, 0, 1, 1, 0, 0], [1, 0, 0, 1, 0, 1, 1, 1, 0, 0, 0, 0], [1, 0, 0, 1, 0, 1, 1, 1, 1, 1, 1, 1], [1, 0, 0, 1, 0, 0, 0, 0, 1, 0, 1, 0], [1, 0, 0, 1, 0, 1, 0, 0, 1, 0, 1, 0], [1, 0, 0, 1, 0, 1, 1, 1, 1, 0, 1, 0], [1, 0, 1, 0, 0, 0, 0, 0, 0, 0, 0, 0], [1, 0, 1, 0, 0, 0, 0, 0, 1, 0, 0, 0], [1, 0, 1, 0, 0, 0, 1, 0, 0, 0, 0, 0], [1, 0, 1, 0, 0, 0, 1, 0, 1, 0, 1, 0], [1, 0, 1, 0, 0, 1, 0, 0, 0, 0, 0, 0], [1, 0, 1, 0, 0, 1, 0, 0, 1, 1, 0, 0], [1, 0, 1, 0, 0, 1, 1, 1, 0, 0, 0, 0], [1, 0, 1, 0, 0, 1, 1, 1, 1, 1, 1, 1], [1, 0, 1, 0, 0, 0, 0, 0, 1, 1, 0, 0], [1, 0, 1, 0, 0, 0, 1, 0, 1, 1, 0, 0], [1, 0, 1, 0, 0, 1, 1, 1, 1, 1, 0, 0], [1, 0, 1, 1, 1, 0, 0, 0, 0, 0, 0, 0], [1, 0, 1, 1, 1, 0, 0, 0, 1, 0, 0, 0], [1, 0, 1, 1, 1, 0, 1, 0, 0, 0, 0, 0], [1, 0, 1, 1, 1, 0, 1, 0, 1, 0, 1, 0], [1, 0, 1, 1, 1, 1, 0, 0, 0, 0, 0, 0], [1, 0, 1, 1, 1, 1, 0, 0, 1, 1, 0, 0], [1, 0, 1, 1, 1, 1, 1, 1, 0, 0, 0, 0], [1, 0, 1, 1, 1, 1, 1, 1, 1, 1, 1, 1], [1, 0, 1, 1, 1, 0, 0, 0, 1, 1, 1, 1], [1, 0, 1, 1, 1, 0, 1, 0, 1, 1, 1, 1], [1, 0, 1, 1, 1, 1, 0, 0, 1, 1, 1, 1], [1, 0, 0, 0, 0, 1, 1, 0, 0, 0, 0, 0], [1, 0, 0, 0, 0, 1, 1, 0, 1, 1, 0, 0], [1, 0, 0, 0, 0, 1, 1, 0, 1, 0, 0, 0], [1, 0, 0, 1, 0, 1, 1, 0, 0, 0, 0, 0], [1, 0, 0, 1, 0, 1, 1, 0, 1, 0, 1, 0], [1, 0, 1, 0, 0, 0, 1, 0, 1, 0, 0, 0], [1, 0, 1, 0, 0, 1, 1, 0, 0, 0, 0, 0], [1, 0, 1, 0, 0, 1, 1, 0, 1, 1, 0, 0], [1, 0, 1, 1, 1, 1, 1, 0, 0, 0, 0, 0], [1, 0, 1, 1, 1, 1, 1, 0, 1, 1, 1, 1], [1, 0, 0, 1, 0, 1, 0, 0, 1, 0, 0, 0], [1, 0, 1, 1, 0, 0, 0, 0, 0, 0, 0, 0], [1, 0, 1, 1, 0, 0, 0, 0, 1, 0, 0, 0], [1, 0, 1, 1, 0, 0, 1, 0, 0, 0, 0, 0], [1, 0, 1, 1, 0, 0, 1, 0, 1, 0, 1, 0], [1, 0, 1, 1, 0, 1, 0, 0, 0, 0, 0, 0], [1, 0, 1, 1, 0, 1, 0, 0, 1, 1, 0, 0], [1, 0, 1, 1, 0, 1, 1, 1, 0, 0, 0, 0], [1, 0, 1, 1, 0, 1, 1, 1, 1, 1, 1, 1], [1, 0, 1, 1, 0, 0, 0, 0, 1, 1, 0, 0], [1, 0, 0, 1, 0, 0, 1, 0, 0, 0, 1, 0], [1, 0, 0, 1, 0, 1, 1, 0, 0, 0, 1, 0], [1, 0, 0, 1, 0, 1, 1, 0, 1, 1, 1, 0], [1, 0, 1, 1, 0, 0, 1, 0, 0, 0, 1, 0], [1, 0, 1, 1, 0, 1, 1, 0, 0, 0, 1, 0], [1, 0, 1, 1, 0, 1, 1, 0, 1, 1, 1, 0], [1, 0, 1, 1, 0, 0, 1, 0, 1, 1, 1, 0], [1, 1, 0, 0, 0, 0, 0, 0, 0, 0, 0, 0], [1, 1, 0, 0, 0, 0, 0, 0, 1, 0, 0, 0], [1, 1, 0, 0, 0, 0, 1, 0, 0, 0, 0, 0], [1, 1, 0, 0, 0, 0, 1, 0, 1, 0, 1, 0], [1, 1, 0, 0, 0, 1, 0, 0, 0, 0, 0, 0], [1, 1, 0, 0, 0, 1, 0, 0, 1, 1, 0, 0], [1, 1, 0, 0, 0, 1, 1, 1, 0, 0, 0, 0], [1, 1, 0, 0, 0, 1, 1, 1, 1, 1, 1, 1], [1, 1, 0, 0, 0, 0, 1, 0, 1, 0, 0, 0], [1, 1, 0, 0, 0, 1, 0, 0, 1, 0, 0, 0], [1, 1, 0, 0, 0, 1, 1, 1, 1, 0, 0, 0], [1, 1, 0, 1, 0, 0, 0, 0, 0, 0, 0, 0], [1, 1, 0, 1, 0, 0, 0, 0, 1, 0, 0, 0], [1, 1, 0, 1, 0, 0, 1, 0, 0, 0, 0, 0], [1, 1, 0, 1, 0, 0, 1, 0, 1, 0, 1, 0], [1, 1, 0, 1, 0, 1, 0, 0, 0, 0, 0, 0], [1, 1, 0, 1, 0, 1, 0, 0, 1, 1, 0, 0], [1, 1, 0, 1, 0, 1, 1, 1, 0, 0, 0, 0], [1, 1, 0, 1, 0, 1, 1, 1, 1, 1, 1, 1], [1, 1, 0, 1, 0, 0, 0, 0, 1, 0, 1, 0], [1, 1, 0, 1, 0, 1, 0, 0, 1, 0, 1, 0], [1, 1, 0, 1, 0, 1, 1, 1, 1, 0, 1, 0], [1, 1, 1, 0, 0, 0, 0, 0, 0, 0, 0, 0], [1, 1, 1, 0, 0, 0, 0, 0, 1, 0, 0, 0], [1, 1, 1, 0, 0, 0, 1, 0, 0, 0, 0, 0], [1, 1, 1, 0, 0, 0, 1, 0, 1, 0, 1, 0], [1, 1, 1, 0, 0, 1, 0, 0, 0, 0, 0, 0], [1, 1, 1, 0, 0, 1, 0, 0, 1, 1, 0, 0], [1, 1, 1, 0, 0, 1, 1, 1, 0, 0, 0, 0], [1, 1, 1, 0, 0, 1, 1, 1, 1, 1, 1, 1], [1, 1, 1, 0, 0, 0, 0, 0, 1, 1, 0, 0], [1, 1, 1, 0, 0, 0, 1, 0, 1, 1, 0, 0], [1, 1, 1, 0, 0, 1, 1, 1, 1, 1, 0, 0], [1, 1, 1, 1, 1, 0, 0, 0, 0, 0, 0, 0], [1, 1, 1, 1, 1, 0, 0, 0, 1, 0, 0, 0], [1, 1, 1, 1, 1, 0, 1, 0, 0, 0, 0, 0], [1, 1, 1, 1, 1, 0, 1, 0, 1, 0, 1, 0], [1, 1, 1, 1, 1, 1, 0, 0, 0, 0, 0, 0], [1, 1, 1, 1, 1, 1, 0, 0, 1, 1, 0, 0], [1, 1, 1, 1, 1, 1, 1, 1, 0, 0, 0, 0], [1, 1, 1, 1, 1, 1, 1, 1, 1, 1, 1, 1], [1, 1, 1, 1, 1, 0, 0, 0, 1, 1, 1, 1], [1, 1, 1, 1, 1, 0, 1, 0, 1, 1, 1, 1], [1, 1, 1, 1, 1, 1, 0, 0, 1, 1, 1, 1], [1, 1, 0, 0, 0, 0, 1, 1, 0, 0, 0, 0], [1, 1, 0, 0, 0, 0, 1, 1, 1, 0, 0, 0], [1, 1, 0, 0, 0, 1, 1, 1, 1, 1, 0, 0], [1, 1, 0, 1, 0, 0, 1, 1, 0, 0, 0, 0], [1, 1, 0, 1, 0, 0, 1, 1, 1, 0, 1, 0], [1, 1, 1, 0, 0, 0, 1, 1, 0, 0, 0, 0], [1, 1, 1, 0, 0, 0, 1, 1, 1, 0, 0, 0], [1, 1, 1, 0, 0, 0, 1, 1, 1, 1, 0, 0], [1, 1, 1, 1, 1, 0, 1, 1, 0, 0, 0, 0], [1, 1, 1, 1, 1, 0, 1, 1, 1, 1, 1, 1], [1, 1, 0, 1, 1, 0, 0, 0, 0, 0, 0, 0], [1, 1, 0, 1, 1, 0, 0, 0, 1, 0, 0, 0], [1, 1, 0, 1, 1, 0, 1, 0, 0, 0, 0, 0], [1, 1, 0, 1, 1, 0, 1, 0, 1, 0, 1, 0], [1, 1, 0, 1, 1, 1, 0, 0, 0, 0, 0, 0], [1, 1, 0, 1, 1, 1, 0, 0, 1, 1, 0, 0], [1, 1, 0, 1, 1, 1, 1, 1, 0, 0, 0, 0], [1, 1, 0, 1, 1, 1, 1, 1, 1, 1, 1, 1], [1, 1, 0, 1, 1, 1, 0, 0, 1, 0, 0, 0], [1, 1, 1, 1, 1, 0, 0, 0, 1, 1, 0, 0], [1, 1, 0, 1, 1, 0, 1, 1, 0, 0, 1, 1], [1, 1, 0, 1, 1, 0, 1, 1, 1, 0, 1, 1], [1, 1, 0, 1, 1, 1, 1, 1, 0, 0, 1, 1], [1, 1, 0, 1, 1, 1, 1, 1, 1, 0, 1, 1], [1, 1, 1, 1, 1, 0, 1, 1, 0, 0, 1, 1], [1, 1, 1, 1, 1, 0, 1, 1, 1, 0, 1, 1], [1, 1, 1, 1, 1, 1, 1, 1, 0, 0, 1, 1], [1, 0, 0, 0, 0, 1, 1, 0, 1, 0, 1, 0], [1, 0, 1, 1, 0, 0, 0, 0, 1, 0, 1, 0], [1, 0, 1, 0, 0, 1, 0, 0, 0, 1, 0, 0], [1, 0, 1, 0, 0, 1, 1, 0, 0, 1, 0, 0], [1, 0, 1, 0, 0, 1, 1, 0, 1, 1, 1, 0], [1, 0, 1, 1, 0, 1, 0, 0, 0, 1, 0, 0], [1, 0, 1, 1, 0, 1, 1, 0, 0, 1, 0, 0], [1, 0, 1, 1, 0, 1, 0, 0, 1, 1, 1, 0], [1, 0, 1, 1, 0, 1, 1, 0, 0, 1, 1, 0], [1, 1, 1, 0, 0, 1, 0, 0, 0, 1, 0, 0], [1, 1, 1, 0, 0, 1, 1, 1, 0, 1, 0, 0], [1, 1, 1, 1, 1, 1, 0, 0, 0, 1, 0, 0], [1, 1, 1, 1, 1, 1, 1, 1, 0, 1, 1, 1], [1, 1, 0, 1, 0, 0, 1, 0, 0, 0, 1, 0], [1, 1, 0, 0, 0, 1, 0, 1, 0, 0, 0, 0], [1, 1, 0, 0, 0, 1, 0, 1, 1, 0, 0, 0], [1, 1, 0, 0, 0, 1, 1, 1, 1, 0, 1, 0], [1, 1, 0, 1, 0, 1, 0, 1, 0, 0, 0, 0], [1, 1, 0, 1, 0, 1, 0, 1, 1, 0, 0, 0], [1, 1, 0, 1, 0, 1, 0, 1, 1, 0, 1, 0], [1, 1, 1, 0, 0, 1, 0, 1, 0, 0, 0, 0], [1, 1, 1, 0, 0, 1, 0, 1, 1, 1, 0, 0], [1, 1, 1, 1, 1, 1, 0, 1, 0, 0, 0, 0], [1, 1, 1, 1, 1, 1, 0, 1, 1, 1, 1, 1], [1, 1, 0, 1, 0, 1, 1, 1, 0, 0, 1, 0], [1, 1, 1, 0, 1, 0, 0, 0, 0, 0, 0, 0], [1, 1, 1, 0, 1, 0, 0, 0, 1, 0, 0, 0], [1, 1, 1, 0, 1, 0, 1, 0, 0, 0, 0, 0], [1, 1, 1, 0, 1, 0, 1, 0, 1, 0, 1, 0], [1, 1, 1, 0, 1, 1, 0, 0, 0, 0, 0, 0], [1, 1, 1, 0, 1, 1, 0, 0, 1, 1, 0, 0], [1, 1, 1, 0, 1, 1, 1, 1, 0, 0, 0, 0], [1, 1, 1, 0, 1, 1, 1, 1, 1, 1, 1, 1], [1, 1, 1, 0, 1, 0, 1, 0, 1, 0, 0, 0], [1, 1, 1, 1, 1, 0, 0, 0, 1, 0, 1, 0], [1, 1, 1, 1, 1, 0, 1, 0, 0, 0, 1, 0], [1, 1, 1, 0, 1, 1, 0, 1, 0, 1, 0, 1], [1, 1, 1, 0, 1, 1, 0, 1, 1, 1, 0, 1], [1, 1, 1, 0, 1, 1, 1, 1, 0, 1, 0, 1], [1, 1, 1, 0, 1, 1, 1, 1, 1, 1, 0, 1], [1, 1, 1, 1, 1, 1, 0, 1, 0, 1, 0, 1], [1, 1, 1, 1, 1, 1, 0, 1, 1, 1, 0, 1], [1, 1, 1, 1, 1, 1, 1, 1, 0, 1, 0, 1]]);
