Number of nodes=8
Number of samples=10000
Cut of limit used=0.01
total_score_gis=-81754.00768292496

score_vector_gis=[-3995.3641579784303, -4123.777956716213, -4113.177527305721, -4151.6348260466, -4130.558203303377, -4082.3666372142898, -3965.904299758748, -4099.255319959983, -4065.946482995785, -4159.6747593778455, -4188.194001816568, -4141.287127208643, -4145.622369787709, -4048.781013509567, -3968.6222908410414, -4133.839470652758, -4097.317998018775, -4067.0739354274483, -4022.872047873067, -4052.7372571324026]
step_vector_gis=[35, 34, 40, 35, 37, 32, 33, 31, 41, 38, 31, 35, 34, 37, 38, 33, 38, 32, 32, 43]

return_dags_vector=[['gis'], [[(0, 2), (0, 3), (5, 0), (1, 3), (1, 4), (1, 5), (6, 1), (1, 7), (2, 3), (6, 2), (5, 3), (6, 3), (4, 5), (4, 7), (6, 7)]], [[(1, 0), (3, 0), (4, 0), (6, 0), (0, 7), (1, 2), (4, 1), (1, 5), (1, 6), (1, 7), (2, 3), (2, 6), (4, 3), (3, 6), (4, 6), (6, 5), (5, 7), (6, 7)]], [[(0, 1), (0, 2), (0, 3), (0, 5), (2, 1), (3, 1), (5, 1), (4, 2), (5, 2), (2, 7), (6, 3), (6, 4), (4, 7), (6, 5)]], [[(1, 0), (2, 0), (0, 3), (0, 5), (0, 6), (7, 0), (1, 4), (1, 5), (1, 6), (7, 1), (2, 3), (2, 4), (2, 5), (2, 6), (4, 3), (7, 3), (6, 4), (7, 4), (6, 5)]], [[(0, 2), (3, 0), (0, 4), (5, 0), (6, 0), (0, 7), (3, 1), (1, 4), (5, 1), (1, 7), (6, 2), (7, 2), (3, 5), (3, 7), (6, 4), (7, 4), (6, 5), (5, 7), (6, 7)]], [[(0, 3), (0, 4), (0, 6), (0, 7), (1, 4), (5, 1), (1, 7), (3, 2), (4, 2), (5, 2), (6, 2), (7, 2), (3, 4), (5, 3), (3, 6), (3, 7), (5, 4), (4, 6), (5, 6), (5, 7)]], [[(1, 0), (0, 2), (3, 0), (0, 4), (0, 5), (0, 7), (1, 2), (1, 7), (3, 2), (2, 4), (2, 5), (6, 2), (2, 7), (3, 4), (3, 5), (3, 7), (4, 5), (4, 7), (6, 5), (7, 5), (6, 7)]], [[(2, 0), (0, 3), (0, 6), (2, 1), (3, 1), (4, 1), (1, 5), (1, 6), (2, 3), (4, 2), (2, 5), (2, 6), (2, 7), (4, 3), (3, 5), (3, 6), (3, 7), (5, 7), (7, 6)]], [[(2, 0), (0, 4), (0, 5), (0, 7), (2, 1), (7, 1), (2, 3), (2, 4), (2, 5), (6, 2), (5, 3), (6, 3), (7, 3), (5, 4), (6, 5), (7, 5), (6, 7)]], [[(0, 1), (0, 2), (0, 4), (0, 6), (7, 0), (1, 3), (1, 4), (1, 5), (1, 6), (3, 2), (2, 6), (7, 2), (4, 3), (5, 3), (3, 6), (4, 5), (7, 4), (5, 6), (7, 5), (7, 6)]], [[(1, 0), (0, 3), (4, 0), (0, 5), (0, 6), (0, 7), (2, 1), (1, 3), (1, 5), (2, 3), (4, 2), (2, 5), (2, 6), (2, 7), (5, 3), (6, 3), (7, 3), (4, 5), (4, 6), (4, 7), (6, 5), (5, 7), (6, 7)]], [[(0, 1), (0, 4), (0, 5), (0, 6), (0, 7), (3, 1), (1, 4), (1, 5), (6, 1), (7, 1), (3, 2), (2, 4), (2, 5), (2, 6), (7, 2), (3, 4), (3, 5), (3, 7), (4, 5), (7, 4), (6, 5), (7, 5), (7, 6)]], [[(1, 0), (0, 4), (0, 6), (0, 7), (1, 2), (3, 1), (1, 4), (1, 5), (1, 6), (1, 7), (3, 2), (2, 6), (7, 2), (3, 4), (3, 6), (3, 7), (5, 4), (6, 4), (7, 4), (6, 5), (7, 5), (7, 6)]], [[(0, 1), (0, 2), (0, 3), (0, 4), (2, 1), (1, 4), (1, 6), (7, 1), (2, 3), (2, 4), (7, 2), (3, 4), (5, 3), (3, 6), (7, 3), (5, 4), (7, 4), (7, 5), (7, 6)]], [[(3, 0), (5, 0), (1, 2), (1, 3), (5, 1), (3, 2), (2, 4), (5, 2), (2, 6), (3, 4), (3, 6), (3, 7), (6, 4), (5, 6), (5, 7), (6, 7)]], [[(0, 1), (0, 6), (0, 7), (1, 2), (1, 3), (4, 1), (5, 1), (1, 6), (2, 3), (4, 2), (5, 2), (2, 6), (2, 7), (4, 3), (6, 3), (3, 7), (5, 4), (4, 7), (5, 6), (5, 7), (6, 7)]], [[(0, 1), (0, 2), (0, 5), (0, 7), (1, 2), (4, 1), (1, 6), (1, 7), (3, 2), (4, 2), (2, 5), (6, 2), (7, 2), (4, 3), (3, 5), (6, 3), (3, 7), (4, 5), (6, 7)]], [[(0, 1), (2, 0), (3, 0), (6, 0), (2, 1), (3, 1), (4, 1), (5, 1), (4, 2), (2, 5), (2, 6), (2, 7), (4, 3), (3, 5), (3, 7), (4, 5), (5, 6), (5, 7), (6, 7)]], [[(1, 0), (3, 0), (0, 4), (5, 0), (0, 7), (2, 1), (3, 1), (5, 1), (1, 6), (1, 7), (3, 2), (2, 4), (2, 6), (3, 4), (5, 3), (3, 6), (5, 4), (4, 6), (4, 7), (5, 6), (5, 7), (6, 7)]], [[(1, 0), (0, 4), (0, 6), (1, 3), (1, 4), (1, 6), (3, 2), (4, 2), (7, 2), (4, 3), (7, 3), (5, 4), (4, 7), (5, 6), (6, 7)]]]

