Number of nodes=8
Number of samples=1000
Cut of limit used=0.0001
total_score_ges=-8103.208013014597
total_score_pc=-9239.236442885533
total_score_mmhc=-8807.864061447786
total_score_greedySP=-8295.650764797141
total_score_gis=-8116.932324397644
total_score_gies=-8103.208013014597
total_score_ske=-8784.806550090405
total_score_gis_rec_phased_b=-8103.208013014598
total_score_true=-8107.636399398168
shd dist ges to true=[18, 22]
shd dist pc to true=[20, 19]
shd dist mmhc to true=[17, 19]
shd dist greedySP to true=[20, 24]
shd dist gis to true=[21, 25]
shd dist gies to true=[18, 22]
shd dist ske to true=[19, 20]
shd dist gis_rec_phased_b to true=[18, 22]

score_vector_ges=[-4084.9480375108415, -4018.259975503756]

score_vector_pc=[-4445.616643536268, -4793.619799349265]

score_vector_mmhc=[-4547.690605127338, -4260.173456320448]

score_vector_greedySP=[-4107.803661470429, -4187.847103326713]

score_vector_gis=[-4089.267115225217, -4027.6652091724272]

score_vector_gies=[-4084.9480375108415, -4018.259975503756]

score_vector_ske=[-4377.227553211159, -4407.578996879245]

score_vector_gis_rec_phased_b=[-4084.948037510842, -4018.259975503756]

score_vector_true=[-4091.112024906765, -4016.524374491403]
step_vector_greedySP=[]

step_vector_gis=[37, 30]

step_vector_ske=[1, 4]

step_vector_gis_rec_phased_b=[23, 21]

skeleton_result_vector=[0, 0]

return_dags_vector=[['ges', 'pc', 'mmhc', 'greedySP', 'gis', 'gies', 'ske', 'gis_rec_phased_b', 'true'], [[(0, 2), (0, 4), (0, 5), (1, 0), (1, 2), (1, 4), (1, 5), (3, 0), (3, 2), (3, 4), (3, 5), (3, 7), (4, 2), (4, 5), (6, 0), (6, 1), (6, 2), (6, 5), (7, 0), (7, 1), (7, 4)], [(0, 5), (0, 6), (0, 7), (1, 2), (1, 6), (1, 7), (2, 3), (2, 4), (3, 5), (4, 3), (5, 6)], [(0, 1), (0, 5), (0, 6), (0, 7), (1, 6), (1, 7), (2, 3), (2, 4), (4, 3), (5, 3), (5, 6)], [(0, 2), (0, 5), (0, 7), (1, 0), (1, 4), (1, 5), (1, 7), (3, 0), (3, 2), (3, 4), (3, 5), (3, 7), (4, 2), (4, 5), (4, 7), (6, 0), (6, 1), (6, 2), (6, 4), (6, 5)], [(2, 0), (3, 0), (0, 4), (0, 5), (0, 6), (0, 7), (1, 2), (1, 4), (1, 6), (1, 7), (3, 2), (2, 4), (2, 6), (2, 7), (3, 4), (3, 5), (3, 6), (3, 7), (5, 4), (4, 7), (5, 6), (6, 7)], [(0, 2), (0, 4), (0, 5), (1, 0), (1, 2), (1, 4), (1, 5), (3, 0), (3, 2), (3, 4), (3, 5), (3, 7), (4, 2), (4, 5), (6, 0), (6, 1), (6, 2), (6, 5), (7, 0), (7, 1), (7, 4)], [(0, 5), (0, 6), (0, 7), (1, 2), (1, 6), (1, 7), (3, 2), (2, 4), (3, 4), (3, 5), (5, 6)], [(1, 0), (0, 2), (3, 0), (0, 4), (0, 5), (6, 0), (7, 0), (1, 2), (1, 4), (1, 5), (6, 1), (7, 1), (3, 2), (4, 2), (6, 2), (3, 4), (3, 5), (7, 3), (4, 5), (7, 4), (6, 5)], [(0, 3), (0, 4), (0, 5), (1, 0), (1, 2), (1, 4), (1, 5), (1, 6), (1, 7), (2, 3), (2, 4), (2, 5), (3, 4), (5, 3), (6, 0), (6, 3), (6, 5), (6, 7), (7, 0), (7, 3), (7, 4), (7, 5)]], [[(0, 2), (0, 3), (0, 5), (1, 0), (1, 2), (1, 3), (1, 5), (1, 6), (1, 7), (4, 2), (4, 3), (4, 5), (4, 6), (4, 7), (6, 0), (6, 2), (6, 3), (6, 7), (7, 2), (7, 3), (7, 5)], [(0, 2), (0, 3), (0, 5), (1, 2), (1, 3), (1, 5), (3, 4), (4, 5), (6, 2), (6, 4), (7, 4), (7, 5)], [(0, 2), (0, 3), (0, 5), (1, 2), (1, 3), (1, 5), (1, 6), (4, 3), (4, 5), (4, 6), (4, 7), (5, 7), (6, 2)], [(0, 2), (0, 3), (0, 5), (1, 2), (1, 3), (1, 5), (1, 7), (4, 2), (4, 3), (4, 5), (4, 7), (6, 1), (6, 2), (6, 3), (6, 4), (7, 2), (7, 3), (7, 5)], [(0, 1), (0, 2), (0, 3), (4, 0), (0, 5), (0, 7), (2, 1), (3, 1), (5, 1), (6, 1), (7, 1), (2, 3), (4, 2), (2, 5), (6, 2), (2, 7), (4, 3), (5, 3), (7, 3), (4, 5), (6, 4), (4, 7), (5, 7), (6, 7)], [(0, 2), (0, 3), (0, 5), (1, 0), (1, 2), (1, 3), (1, 5), (1, 6), (1, 7), (4, 2), (4, 3), (4, 5), (4, 6), (4, 7), (6, 0), (6, 2), (6, 3), (6, 7), (7, 2), (7, 3), (7, 5)], [(0, 2), (0, 3), (0, 5), (1, 2), (1, 3), (1, 5), (2, 6), (4, 3), (4, 5), (6, 4), (4, 7), (5, 7)], [(1, 0), (0, 2), (0, 3), (0, 5), (6, 0), (1, 2), (1, 3), (1, 5), (1, 6), (1, 7), (4, 2), (6, 2), (7, 2), (4, 3), (6, 3), (7, 3), (4, 5), (4, 6), (4, 7), (7, 5), (7, 6)], [(0, 4), (1, 0), (1, 2), (1, 3), (1, 4), (1, 5), (1, 6), (2, 0), (2, 4), (2, 5), (2, 6), (3, 0), (3, 4), (3, 6), (4, 6), (5, 0), (5, 4), (5, 7), (7, 0), (7, 4), (7, 6)]]]

