Number of nodes=8
Number of samples=10000
Cut of limit used=0.01
total_score_gis=-82071.72317866317

score_vector_gis=[-4180.943683526961, -4082.0531483526693, -4062.478506242485, -4138.940107891015, -4177.015851423999, -4025.1897092790678, -4143.56684996198, -3971.270791943237, -4115.109344984228, -4083.724158169737, -4027.529306752197, -4068.5123313097206, -4091.358472598662, -4180.579824057655, -4091.738299768488, -4136.440744694279, -4063.4131256628807, -4098.129147491303, -4225.145133215165, -4108.584641337446]
step_vector_gis=[40, 29, 26, 35, 37, 29, 42, 41, 36, 34, 34, 39, 37, 36, 40, 31, 35, 41, 34, 33]

return_dags_vector=[['gis'], [[(4, 0), (0, 5), (0, 7), (4, 1), (6, 1), (3, 2), (6, 2), (7, 2), (4, 3), (3, 7), (6, 4), (4, 7), (7, 5), (6, 7)]], [[(0, 2), (0, 4), (0, 5), (0, 6), (0, 7), (3, 1), (4, 1), (1, 5), (6, 1), (1, 7), (3, 2), (2, 4), (2, 5), (2, 6), (2, 7), (3, 5), (3, 6), (4, 6), (4, 7), (7, 5), (6, 7)]], [[(0, 1), (2, 0), (0, 3), (0, 4), (0, 5), (0, 7), (1, 3), (4, 1), (5, 1), (7, 1), (6, 2), (2, 7), (5, 3), (7, 3), (7, 5), (6, 7)]], [[(0, 1), (0, 3), (0, 4), (0, 5), (0, 6), (0, 7), (2, 1), (3, 1), (1, 5), (6, 1), (1, 7), (2, 5), (2, 6), (3, 4), (3, 5), (6, 3), (3, 7), (5, 4), (7, 4), (6, 5), (6, 7)]], [[(1, 0), (2, 0), (3, 0), (0, 5), (0, 6), (1, 2), (1, 4), (1, 5), (1, 6), (1, 7), (3, 2), (2, 5), (2, 6), (3, 4), (3, 6), (3, 7), (5, 4), (5, 6), (5, 7)]], [[(0, 1), (0, 3), (0, 4), (1, 2), (1, 3), (1, 4), (5, 1), (6, 1), (7, 1), (2, 3), (5, 3), (6, 3), (6, 5), (7, 5), (7, 6)]], [[(2, 0), (6, 0), (7, 0), (1, 4), (6, 1), (1, 7), (5, 2), (2, 7), (6, 3), (7, 3), (4, 7), (6, 5), (5, 7)]], [[(1, 0), (3, 0), (4, 0), (5, 0), (1, 2), (1, 6), (3, 2), (4, 2), (6, 2), (5, 3), (7, 3), (4, 6), (5, 6), (7, 5), (7, 6)]], [[(0, 2), (0, 3), (0, 5), (0, 7), (2, 1), (1, 3), (1, 4), (1, 5), (6, 1), (1, 7), (2, 4), (2, 5), (6, 2), (2, 7), (5, 3), (6, 3), (3, 7), (6, 4), (7, 4), (6, 5)]], [[(0, 1), (0, 2), (3, 0), (0, 6), (0, 7), (2, 1), (3, 1), (1, 4), (1, 6), (1, 7), (2, 6), (2, 7), (3, 5), (3, 6), (5, 4), (6, 4), (7, 4), (6, 5), (7, 5), (7, 6)]], [[(0, 1), (0, 3), (0, 4), (5, 0), (1, 3), (1, 4), (1, 6), (1, 7), (3, 2), (5, 2), (4, 3), (5, 3), (6, 3), (7, 3), (5, 4), (4, 6), (5, 6), (5, 7), (7, 6)]], [[(0, 1), (2, 0), (3, 0), (5, 0), (0, 6), (0, 7), (2, 1), (3, 1), (1, 6), (1, 7), (4, 2), (2, 6), (5, 3), (3, 6), (5, 4), (5, 6), (5, 7)]], [[(3, 0), (0, 5), (1, 2), (1, 3), (1, 5), (4, 2), (2, 6), (7, 2), (3, 5), (4, 6), (7, 4), (7, 5), (7, 6)]], [[(0, 1), (0, 3), (0, 4), (0, 6), (1, 3), (4, 1), (1, 5), (7, 1), (2, 3), (4, 2), (2, 5), (6, 2), (7, 2), (4, 3), (5, 3), (6, 3), (7, 3), (4, 5), (6, 4), (6, 5), (7, 6)]], [[(0, 1), (0, 2), (0, 4), (0, 6), (3, 1), (1, 6), (3, 2), (2, 4), (2, 6), (2, 7), (3, 4), (5, 3), (3, 6), (5, 4), (4, 6), (5, 6), (5, 7), (7, 6)]], [[(2, 0), (4, 0), (0, 5), (0, 6), (7, 0), (1, 2), (1, 3), (4, 1), (1, 5), (1, 6), (1, 7), (2, 3), (2, 5), (2, 7), (4, 3), (3, 5), (3, 6), (7, 3), (4, 5), (4, 6), (4, 7), (5, 6), (7, 6)]], [[(0, 1), (0, 2), (0, 4), (6, 0), (0, 7), (2, 1), (1, 3), (4, 1), (1, 5), (1, 7), (2, 5), (6, 2), (4, 3), (6, 3), (4, 5), (6, 5), (6, 7)]], [[(1, 0), (0, 2), (3, 0), (4, 0), (0, 7), (1, 2), (1, 3), (1, 5), (1, 6), (1, 7), (3, 2), (5, 2), (2, 6), (4, 3), (3, 6), (4, 5), (4, 6), (4, 7), (5, 6), (5, 7), (6, 7)]], [[(1, 0), (0, 2), (0, 3), (0, 4), (0, 7), (1, 3), (1, 4), (5, 1), (1, 6), (1, 7), (3, 2), (2, 4), (5, 2), (2, 6), (2, 7), (5, 3), (3, 6), (3, 7), (5, 4), (6, 4), (7, 4), (5, 7), (7, 6)]], [[(0, 1), (0, 2), (3, 0), (0, 7), (4, 1), (1, 7), (3, 2), (4, 2), (5, 2), (7, 2), (4, 3), (5, 3), (3, 7), (5, 4), (4, 7), (5, 6), (5, 7)]]]

