Number of nodes=8
Number of samples=10000
Cut of limit used=0.01
total_score_gis=-81522.48232042108

score_vector_gis=[-4110.835484692629, -4022.229735867052, -4100.195900652925, -4050.696581693198, -3911.603895805982, -4212.834731956194, -4122.696896530142, -4106.638285886862, -4162.6193838016125, -4104.449688693234, -4087.748123043403, -3991.115680308136, -4094.5952133335672, -4094.630762951224, -4146.750201539798, -3994.7738496714655, -4007.981319892248, -4097.988339825149, -4181.96552760074, -3920.1327166755145]
step_vector_gis=[31, 32, 38, 26, 37, 37, 38, 33, 29, 38, 28, 38, 36, 33, 36, 38, 43, 27, 33, 36]

return_dags_vector=[['gis'], [[(2, 0), (3, 0), (0, 4), (0, 5), (6, 0), (7, 0), (2, 1), (3, 1), (1, 5), (6, 1), (7, 1), (2, 3), (7, 2), (3, 4), (6, 3), (7, 3), (4, 5), (7, 6)]], [[(0, 1), (3, 0), (0, 4), (0, 5), (6, 0), (0, 7), (2, 1), (1, 4), (1, 7), (2, 4), (2, 5), (2, 6), (2, 7), (3, 5), (3, 6), (3, 7), (5, 4), (6, 5), (5, 7), (6, 7)]], [[(2, 0), (0, 3), (0, 5), (0, 7), (3, 1), (4, 1), (5, 1), (6, 1), (2, 3), (4, 2), (2, 5), (6, 2), (2, 7), (4, 3), (5, 3), (7, 3), (6, 4), (4, 7), (6, 5), (6, 7)]], [[(1, 0), (3, 0), (0, 5), (7, 0), (3, 1), (1, 4), (1, 7), (6, 2), (3, 4), (3, 5), (6, 3), (3, 7), (4, 5), (6, 4), (4, 7), (7, 5)]], [[(2, 0), (4, 0), (0, 7), (2, 1), (4, 1), (1, 5), (2, 3), (2, 5), (2, 6), (2, 7), (6, 3), (7, 3), (4, 6), (4, 7), (6, 5), (7, 5), (6, 7)]], [[(2, 0), (3, 0), (0, 4), (0, 5), (0, 6), (7, 0), (1, 2), (1, 4), (1, 5), (1, 6), (1, 7), (3, 2), (2, 4), (2, 6), (3, 6), (3, 7), (4, 5), (4, 6), (7, 5), (7, 6)]], [[(0, 2), (0, 4), (0, 5), (0, 7), (5, 1), (7, 1), (3, 2), (4, 2), (5, 2), (3, 4), (3, 5), (3, 6), (3, 7), (4, 7), (5, 6), (5, 7)]], [[(0, 1), (0, 2), (0, 5), (0, 7), (1, 2), (1, 3), (4, 1), (1, 5), (1, 6), (1, 7), (3, 2), (4, 2), (5, 2), (6, 2), (7, 2), (4, 3), (6, 3), (3, 7), (4, 7), (6, 5), (5, 7)]], [[(0, 1), (0, 2), (0, 5), (0, 6), (0, 7), (3, 1), (1, 4), (1, 5), (1, 6), (1, 7), (4, 2), (2, 5), (2, 6), (3, 7), (4, 5), (5, 7), (7, 6)]], [[(0, 1), (0, 2), (0, 3), (0, 6), (0, 7), (2, 1), (3, 1), (4, 1), (6, 1), (7, 1), (2, 4), (2, 7), (3, 4), (5, 3), (6, 3), (7, 3), (5, 4), (6, 4), (7, 4), (5, 6), (6, 7)]], [[(2, 0), (0, 3), (6, 0), (7, 0), (2, 1), (1, 3), (1, 4), (5, 1), (1, 6), (1, 7), (2, 4), (2, 6), (2, 7), (3, 4), (6, 3), (7, 3), (6, 4), (7, 4), (7, 6)]], [[(0, 1), (0, 2), (0, 4), (0, 5), (0, 7), (3, 1), (4, 1), (2, 3), (4, 2), (2, 5), (2, 7), (4, 3), (3, 5), (6, 3), (4, 5), (6, 4), (6, 5), (5, 7)]], [[(1, 0), (3, 0), (4, 0), (0, 5), (6, 0), (0, 7), (1, 2), (1, 5), (1, 7), (3, 2), (4, 2), (2, 5), (6, 2), (3, 5), (3, 7), (4, 5), (6, 4), (4, 7), (6, 5), (7, 5)]], [[(1, 0), (0, 2), (3, 0), (0, 4), (0, 5), (0, 7), (1, 2), (3, 1), (1, 4), (1, 5), (6, 1), (3, 2), (4, 2), (5, 2), (6, 2), (3, 5), (3, 7), (5, 4), (7, 4), (6, 5), (7, 5), (6, 7)]], [[(2, 0), (4, 0), (0, 5), (6, 0), (7, 0), (1, 4), (2, 4), (3, 5), (6, 3), (7, 3), (4, 7), (6, 7)]], [[(0, 1), (0, 2), (0, 3), (0, 4), (0, 7), (2, 1), (3, 1), (1, 4), (2, 3), (5, 2), (2, 7), (3, 4), (5, 4), (6, 4), (4, 7), (6, 5)]], [[(2, 0), (3, 0), (4, 0), (5, 0), (1, 4), (5, 1), (5, 2), (2, 6), (2, 7), (4, 3), (3, 6), (3, 7), (4, 6), (4, 7), (5, 6), (5, 7), (7, 6)]], [[(5, 0), (4, 1), (5, 1), (1, 6), (1, 7), (4, 3), (3, 6), (3, 7), (5, 4), (4, 6), (4, 7), (5, 6), (5, 7)]], [[(1, 0), (2, 0), (3, 0), (0, 4), (5, 0), (1, 2), (1, 3), (1, 4), (1, 5), (6, 1), (1, 7), (2, 3), (2, 5), (2, 7), (3, 5), (6, 3), (7, 3), (6, 4), (7, 4), (7, 5), (6, 7)]], [[(0, 1), (0, 6), (0, 7), (3, 1), (4, 1), (1, 6), (3, 2), (2, 5), (2, 6), (2, 7), (3, 4), (3, 6), (3, 7), (4, 5), (5, 6)]]]

