Number of nodes=8
Number of samples=10000
Cut of limit used=0.001
total_score_pc=-426581.0660434456
total_score_mmhc=-417575.3577685972
total_score_greedySP=-409736.1779910725
total_score_ske=-417317.9353666347
total_score_true=-405512.49508746195
shd dist pc to true=[0, 2, 2, 8, 3, 1, 2, 9, 0, 4, 5, 4, 7, 2, 9, 3, 6, 7, 11, 12, 7, 6, 7, 3, 7, 8, 3, 5, 8, 6, 11, 14, 9, 1, 2, 0, 7, 6, 10, 7, 8, 7, 5, 8, 11, 4, 0, 4, 11, 3, 7, 1, 4, 1, 3, 2, 9, 4, 8, 11, 4, 5, 8, 9, 3, 12, 3, 4, 2, 10, 5, 3, 5, 7, 0, 6, 8, 7, 7, 7, 0, 2, 8, 3, 14, 8, 5, 6, 12, 11, 0, 0, 3, 3, 0, 10, 9, 9, 4, 5]
shd dist mmhc to true=[0, 0, 6, 12, 0, 5, 5, 5, 4, 0, 5, 8, 6, 3, 5, 2, 5, 2, 7, 4, 6, 8, 0, 5, 6, 8, 7, 5, 1, 10, 9, 13, 9, 6, 0, 0, 2, 6, 7, 7, 0, 9, 4, 8, 15, 4, 0, 0, 11, 3, 1, 1, 8, 7, 4, 8, 7, 4, 6, 5, 6, 7, 5, 9, 4, 10, 6, 0, 0, 10, 2, 0, 6, 4, 4, 8, 8, 12, 0, 6, 0, 1, 0, 3, 10, 5, 5, 2, 13, 10, 2, 0, 0, 3, 0, 3, 13, 5, 0, 4]
shd dist greedySP to true=[0, 0, 0, 8, 0, 0, 5, 12, 7, 4, 10, 4, 0, 4, 6, 5, 7, 7, 8, 15, 0, 6, 6, 4, 13, 13, 6, 5, 3, 4, 8, 15, 6, 4, 6, 0, 3, 8, 5, 0, 9, 9, 8, 6, 16, 11, 2, 6, 14, 5, 2, 1, 13, 7, 5, 1, 8, 2, 5, 5, 11, 7, 5, 9, 9, 5, 3, 4, 3, 3, 0, 0, 9, 8, 4, 7, 16, 14, 0, 10, 0, 0, 2, 0, 10, 6, 0, 1, 12, 14, 3, 0, 0, 0, 4, 11, 14, 9, 5, 4]
shd dist ske to true=[0, 0, 0, 2, 0, 1, 0, 9, 0, 0, 5, 9, 6, 2, 5, 0, 3, 0, 12, 8, 6, 5, 7, 7, 5, 8, 5, 9, 13, 8, 10, 11, 7, 2, 2, 0, 0, 2, 3, 7, 7, 11, 2, 8, 15, 4, 0, 5, 11, 3, 4, 1, 6, 1, 3, 8, 9, 5, 8, 6, 3, 6, 5, 7, 6, 12, 3, 0, 0, 11, 2, 3, 6, 9, 0, 3, 11, 12, 4, 5, 0, 0, 0, 3, 14, 4, 5, 0, 13, 10, 0, 0, 0, 3, 0, 10, 10, 9, 0, 4]

score_vector_pc=[-3991.347800808399, -4039.386332258602, -4015.851462674785, -4490.029726518629, -4162.42160736318, -4080.730813530443, -4087.8234841315634, -4239.028464732822, -3983.2341202942757, -4033.2232910820794, -4406.074109131923, -4301.695300200159, -4094.235748757235, -4153.46039004068, -4576.900557217725, -4199.4907666857425, -4458.374296039346, -4070.2119601505865, -4867.929294700916, -4482.481076149955, -4340.182289733894, -4200.579394788145, -4146.9283993533145, -4241.797790508522, -4569.122705141204, -4316.419472122986, -4056.5831487177993, -4265.604890983496, -4506.512290297869, -4610.81828733834, -5147.6817759370215, -4627.402893965448, -4462.831746496896, -4129.305019269014, -4095.13239098177, -4009.216720481304, -4014.542218344073, -4334.537597261298, -4069.8701012240463, -4037.0236980225195, -4245.120446949487, -4585.090937709708, -4264.190892782299, -4206.186705477087, -5214.87247150317, -4339.533143711424, -4091.815304595585, -4265.008838966069, -4317.9749664466635, -4095.991669652452, -4173.234783403388, -4088.8287243331497, -4519.04348793811, -4101.754117688467, -4016.310482242734, -4106.64366270516, -4385.016530756044, -4305.348509087739, -4255.4844561594255, -4189.607333472466, -4465.750140804745, -4146.524652462454, -4418.294683983086, -4058.960279319439, -4451.650845581289, -4243.340579907535, -4149.203146559402, -4246.658997047457, -4045.626368174118, -4346.181640277796, -4090.447469172048, -4089.3758880633577, -4447.522082924284, -4353.372347257327, -3966.2933387682606, -4331.855444553188, -4417.4646780225385, -5122.97369529685, -4177.227066980142, -4267.885694788944, -4063.860883693344, -4099.380769784154, -4196.732892583445, -4238.560961206424, -4300.975135483493, -4152.662397703153, -3966.9582304753703, -4130.592831903832, -4453.069158223561, -4390.178999549048, -4132.345419539388, -4154.178679674879, -4006.8050826751532, -4247.07609948505, -4004.3083821003074, -4304.959163940808, -4543.08505143034, -4467.897442579235, -4099.110002720407, -4108.638519731213]

score_vector_mmhc=[-3991.347800808399, -4035.2460085982616, -4064.950578385282, -4471.89910013333, -4041.7591806626433, -4170.6992366931345, -4097.909960836679, -4200.770989948639, -4044.837612867499, -4005.9291753119483, -4156.415395915534, -4229.32496272523, -4028.4448991439313, -4123.896194077181, -4424.319269945497, -4140.566955270258, -4360.471533431402, -4028.029948328736, -4408.653770249422, -4307.117964567112, -4244.642467910761, -4169.51762819416, -4101.293924298538, -4225.697078896665, -4472.201587412224, -4128.63131967755, -4066.864370420701, -4137.726151620355, -4123.737110190898, -4340.778516194172, -4753.056221224427, -4264.492466486853, -4485.531528141745, -4177.916534681293, -4032.9986321605907, -4009.2167204813045, -3987.44813229607, -4016.3927849361003, -4056.480238191146, -4037.0236980225186, -4077.158716150054, -4366.526665771522, -4316.074342238187, -4232.995233976671, -4460.099598545466, -4280.88746446505, -4091.815304595585, -4067.571567241478, -4311.121510340872, -4095.991669652452, -4181.188303200367, -4088.8287243331492, -4369.996014988399, -4078.828217226316, -4029.095284458778, -4130.390227977736, -4123.543578506553, -4216.126146433966, -4159.342232145121, -4004.7343575747072, -4294.991130463035, -4104.907224900897, -4011.4119142153177, -4048.4226893035484, -4113.883530309123, -4346.849423285548, -4160.333129836568, -4091.368187476607, -4014.264266558146, -4333.085373945345, -4040.0914467809994, -4087.1103365733934, -4303.73993072027, -4173.278655595257, -3993.46510150311, -4255.025971039688, -4329.184879377032, -4907.877830620729, -4090.843110677371, -4264.247320077936, -4063.860883693344, -4056.8205239587123, -4082.5459509879383, -4135.590566406369, -4238.857660389198, -4092.1945003814394, -3966.9582304753703, -4086.7397658935793, -4015.5767649183745, -4274.244893233513, -4149.714436463302, -4154.178679674879, -3994.845371862075, -4246.855495929533, -4004.3083821003074, -4279.914242343582, -4558.207358758281, -4221.839331449829, -4080.1695775161593, -4061.0008897408875]

score_vector_greedySP=[-3991.347800808399, -4035.246008598261, -3993.810400895133, -4235.043259866145, -4041.7591806626433, -4056.213884174884, -4097.909960836679, -4090.264269972083, -3996.533546362919, -4059.179844161456, -4035.6380954202377, -4258.619775110117, -3974.6198029529664, -4087.7666289591452, -4183.025078900653, -4143.056841164767, -4199.2739798257935, -3976.9125085788055, -4000.4926087532695, -4130.785896711259, -4090.3322416232804, -4070.772191744989, -4106.810198240217, -4137.7236922379025, -4140.131537750869, -4193.9770453347, -4039.466655855365, -4155.851641285651, -4139.6913822827955, -4140.902206611429, -4115.457878472296, -4342.754767835082, -4242.775608604023, -4095.0535557752137, -4233.837559779259, -4009.216720481304, -3943.194929305894, -4043.465855467525, -4026.4923165926216, -4018.966195780406, -4111.173962858033, -4214.7452317225925, -4192.06138768665, -4097.776842757342, -4281.660115058333, -4070.765735692781, -4137.1351948350175, -4072.797639589142, -4138.864794035077, -4193.372162728006, -4159.120869467895, -4088.8287243331497, -4162.960711089926, -4068.4089672186374, -3984.5192919828432, -4063.362751757456, -4038.2172184716537, -4123.168405477393, -3941.85579303502, -3950.365142532923, -4185.793066965251, -4091.2830632144683, -4040.9821929046816, -4045.2238166966276, -4012.531368273823, -4005.736521856319, -4089.5533248187744, -4270.397560819732, -4017.623650334412, -4062.8099803076516, -4017.4166802864097, -4087.1103365733934, -4237.106808800352, -4088.918390498503, -3993.46510150311, -4162.111031886, -4148.536308875855, -4117.895836871631, -4090.843110677371, -4221.765328354979, -4063.860883693344, -4057.3824593970094, -4168.200088688205, -4005.8554129582653, -4250.209071889108, -4140.363305363802, -3959.234497592009, -4126.098616637541, -3971.685648895834, -4030.721015321585, -4206.476998925578, -4154.178679674879, -3994.845371862075, -4090.1502137282, -4120.215052390445, -4044.068113056339, -4181.049561468079, -4008.704384044653, -4118.322456967271, -4091.918181892574]

score_vector_ske=[-3991.347800808399, -4035.246008598261, -3993.810400895133, -4148.489032414857, -4041.7591806626433, -4080.730813530443, -4071.883286439497, -4239.028464732822, -3983.2341202942757, -4005.9291753119487, -4156.415395915534, -4283.514993748858, -4028.4448991439313, -4153.46039004068, -4339.190826456692, -4128.795490279212, -4370.422235937416, -3971.3455744963285, -4663.587355218563, -4443.961655443684, -4244.642467910761, -4104.516611683018, -4146.9283993533145, -4153.379744962262, -4330.090828054703, -4134.361472924054, -4046.527813878922, -4092.800126574832, -4201.176981675308, -4394.99972182996, -4669.974329313283, -4617.166732242356, -4259.3369465958895, -4118.172479192786, -4095.13239098177, -4009.216720481304, -3936.336964357388, -4138.5034213288, -4055.593928268527, -4037.0236980225195, -4120.087422106012, -4415.07276963887, -4230.759330826964, -4206.186705477087, -4649.285930761881, -4280.88746446505, -4091.815304595585, -4125.964276178793, -4311.121510340872, -4095.991669652452, -4168.363579891265, -4088.8287243331497, -4300.831883652349, -4101.754117688467, -4016.310482242734, -4130.390227977736, -4084.8477174861555, -4297.412499239871, -4137.885719086197, -3976.532936891402, -4359.329874000184, -4105.448140090213, -4011.4119142153177, -4050.5488424314212, -4236.95531465309, -4117.773992407824, -4149.203146559402, -4091.368187476607, -4014.2642665581466, -4284.747465230274, -4036.6881614064296, -4089.3758880633577, -4309.938037657856, -4156.602280972655, -3966.2933387682606, -4205.599560504176, -4282.669973368842, -4882.323791480513, -4127.322046454179, -4265.100470536444, -4063.860883693344, -4057.3824593970094, -4082.545950987938, -4135.590566406368, -4300.975135483493, -4097.175600806067, -3966.958230475371, -4035.5016055256106, -4035.5770438747877, -4314.667963927973, -4132.345419539388, -4154.178679674879, -3994.845371862075, -4247.07609948505, -4004.3083821003074, -4304.959163940808, -4529.688751122744, -4229.353745705466, -4080.16957751616, -4061.0008897408875]

score_vector_true=[-3991.3478008083994, -4035.2460085982616, -3993.810400895133, -4056.0830221177316, -4041.7591806626433, -4056.213884174884, -4071.883286439497, -4080.6268369778304, -3983.2341202942753, -4005.929175311948, -4035.3013460992624, -4114.204880335766, -3974.619802952966, -4086.0395273442964, -4154.824766174235, -4128.795490279212, -4133.281071393167, -3971.345574496329, -3986.985067808096, -4110.428363681977, -4090.332241623281, -4031.931436328037, -4101.293924298538, -3991.8266469392365, -4081.7992829924697, -4026.045493155092, -3983.1765005218267, -4055.6166959035277, -4098.852196536033, -4135.3477001297415, -4119.442114356352, -4138.87590647924, -4141.789275786075, -4095.3818282169386, -4032.9986321605907, -4009.2167204813045, -3936.336964357388, -4014.4497246797737, -4016.6927743194738, -4018.966195780406, -4077.158716150054, -4156.05609682784, -4175.057717225496, -4090.1708242799527, -4075.90907750071, -4053.566878424324, -4091.815304595585, -4067.571567241478, -4097.551906019327, -4038.129242222149, -4075.0340266238936, -4085.1532173079813, -4144.645612978339, -4037.2846023468924, -3976.5085201914826, -4061.1398098414525, -4028.078484509595, -4112.288345862252, -3941.652267683823, -3935.39525813436, -4041.64233859486, -4091.6492018979607, -3989.939348253539, -4038.2265651071502, -4003.4996138080787, -3996.951048888598, -4084.073715312651, -4091.368187476607, -4014.2642665581466, -4061.7581732724057, -4017.41668028641, -4087.1103365733934, -4142.444733939168, -4079.4363066112396, -3966.2933387682606, -3977.588986541399, -4068.1063761222404, -4104.264895926881, -4090.8431106773705, -4087.766958111572, -4063.860883693344, -4057.3824593970094, -4082.5459509879383, -4005.855412958265, -4071.5390207646597, -4087.556785475168, -3959.234497592009, -4035.5016055256106, -3962.3431510104056, -4017.134226047198, -4132.345419539388, -4154.178679674879, -3994.845371862075, -4090.1502137282, -4004.3083821003074, -4027.7252056808925, -4141.756096912234, -4006.296384408808, -4080.1695775161593, -4050.6222420012937]
step_vector_greedySP=[]

step_vector_ske=[3, 2, 4, 7, 4, 1, 2, 4, 3, 3, 2, 3, 2, 3, 5, 2, 4, 5, 3, 2, 4, 4, 3, 2, 7, 3, 6, 1, 4, 5, 7, 1, 4, 5, 3, 2, 6, 2, 3, 1, 3, 4, 8, 3, 1, 4, 1, 4, 3, 2, 6, 0, 2, 2, 2, 7, 5, 2, 3, 5, 4, 1, 2, 5, 3, 3, 0, 3, 4, 5, 2, 2, 2, 4, 1, 2, 3, 3, 3, 1, 3, 3, 6, 1, 4, 1, 6, 4, 6, 2, 3, 0, 1, 2, 1, 5, 3, 10, 4, 3]

skeleton_result_vector=[1, 1, 1, 0, 1, 0, 1, 0, 1, 1, 0, 0, 0, 0, 0, 1, 0, 1, 0, 0, 0, 0, 0, 0, 0, 0, 0, 1, 0, 0, 0, 0, 0, 0, 0, 1, 1, 0, 0, 1, 0, 0, 0, 0, 0, 0, 1, 0, 0, 0, 0, 0, 0, 0, 0, 1, 0, 0, 0, 0, 0, 0, 0, 0, 0, 0, 0, 1, 1, 0, 0, 0, 0, 0, 1, 0, 0, 0, 0, 0, 1, 1, 1, 0, 0, 0, 0, 1, 0, 0, 1, 1, 1, 1, 1, 0, 0, 0, 1, 0]

return_dags_vector=[['pc', 'mmhc', 'greedySP', 'ske', 'true'], [[(0, 1), (1, 5), (2, 6), (3, 1), (6, 1), (6, 3), (6, 5), (7, 5)], [(0, 1), (1, 5), (3, 1), (6, 1), (6, 2), (6, 3), (6, 5), (7, 5)], [(0, 1), (1, 5), (3, 1), (6, 1), (6, 2), (6, 3), (6, 5), (7, 5)], [(0, 1), (3, 1), (1, 5), (6, 1), (6, 2), (6, 3), (6, 5), (7, 5)], [(0, 1), (1, 5), (3, 1), (3, 6), (6, 1), (6, 2), (6, 5), (7, 5)]], [[(0, 5), (1, 2), (1, 5), (3, 2), (6, 4), (7, 2), (7, 4), (7, 6)], [(1, 2), (1, 5), (3, 2), (5, 0), (6, 4), (6, 7), (7, 2), (7, 4)], [(1, 2), (3, 2), (5, 0), (5, 1), (6, 4), (7, 2), (7, 4), (7, 6)], [(5, 0), (1, 2), (5, 1), (3, 2), (7, 2), (6, 4), (7, 4), (7, 6)], [(0, 5), (1, 2), (3, 2), (4, 7), (5, 1), (6, 4), (6, 7), (7, 2)]], [[(2, 1), (2, 5), (2, 6), (3, 1), (3, 5), (4, 0), (4, 3), (4, 6), (5, 0)], [(0, 4), (1, 2), (1, 3), (2, 5), (2, 6), (4, 3), (4, 6), (5, 0), (5, 3)], [(2, 1), (2, 6), (3, 1), (3, 4), (4, 0), (4, 6), (5, 0), (5, 2), (5, 3)], [(4, 0), (5, 0), (2, 1), (3, 1), (5, 2), (2, 6), (3, 4), (5, 3), (4, 6)], [(2, 1), (2, 6), (3, 1), (3, 4), (3, 5), (4, 0), (4, 6), (5, 0), (5, 2)]], [[(0, 2), (1, 0), (1, 4), (1, 5), (3, 0), (4, 6), (5, 6), (5, 7), (6, 2), (7, 0), (7, 3)], [(0, 1), (0, 2), (0, 3), (0, 7), (1, 4), (4, 6), (5, 1), (5, 6), (5, 7), (6, 2), (7, 3)], [(0, 3), (1, 0), (1, 4), (1, 5), (1, 6), (2, 0), (2, 6), (6, 4), (6, 5), (7, 0), (7, 1), (7, 3), (7, 4), (7, 5)], [(1, 0), (2, 0), (3, 0), (7, 0), (4, 1), (1, 5), (6, 2), (7, 3), (6, 4), (6, 5), (7, 5)], [(1, 0), (1, 5), (2, 0), (3, 0), (4, 1), (6, 2), (6, 4), (6, 5), (7, 0), (7, 1), (7, 3), (7, 5)]], [[(0, 1), (0, 3), (3, 5), (4, 3), (5, 1), (6, 1), (6, 5), (7, 0), (7, 3)], [(0, 1), (0, 3), (0, 7), (1, 6), (4, 3), (5, 1), (5, 3), (5, 6), (7, 3)], [(0, 1), (0, 3), (1, 6), (4, 3), (5, 1), (5, 3), (5, 6), (7, 0), (7, 3)], [(0, 1), (0, 3), (7, 0), (5, 1), (1, 6), (4, 3), (5, 3), (7, 3), (5, 6)], [(0, 1), (0, 3), (0, 7), (1, 6), (4, 3), (5, 1), (5, 3), (5, 6), (7, 3)]], [[(1, 0), (2, 3), (2, 4), (4, 3), (6, 1), (6, 4), (7, 5), (7, 6)], [(1, 0), (1, 6), (3, 2), (3, 4), (4, 1), (4, 2), (4, 6), (6, 7), (7, 5)], [(1, 0), (1, 4), (2, 3), (2, 4), (4, 3), (6, 1), (6, 4), (7, 5), (7, 6)], [(1, 0), (6, 1), (2, 3), (2, 4), (4, 3), (6, 4), (7, 5), (7, 6)], [(0, 1), (1, 4), (1, 6), (2, 3), (2, 4), (4, 3), (6, 4), (6, 7), (7, 5)]], [[(0, 7), (1, 0), (1, 2), (3, 2), (4, 0), (6, 5), (6, 7), (7, 5)], [(0, 1), (0, 4), (1, 2), (3, 2), (5, 6), (5, 7), (6, 7), (7, 0)], [(0, 1), (0, 4), (1, 2), (3, 2), (6, 5), (7, 0), (7, 5), (7, 6)], [(1, 0), (4, 0), (0, 7), (1, 2), (3, 2), (6, 5), (7, 5), (7, 6)], [(0, 7), (1, 0), (1, 2), (3, 2), (4, 0), (6, 5), (7, 5), (7, 6)]], [[(0, 2), (1, 6), (2, 1), (3, 0), (3, 5), (4, 2), (7, 0), (7, 5)], [(0, 7), (1, 2), (1, 6), (2, 0), (2, 4), (2, 5), (3, 5), (7, 5)], [(0, 2), (0, 4), (1, 6), (2, 1), (2, 3), (2, 4), (5, 0), (5, 2), (5, 3), (7, 0), (7, 3), (7, 4), (7, 5)], [(0, 2), (3, 0), (7, 0), (2, 1), (1, 6), (4, 2), (3, 5), (7, 5)], [(1, 6), (2, 0), (2, 1), (2, 4), (2, 5), (2, 7), (3, 5), (4, 0), (5, 0), (7, 0), (7, 5)]], [[(1, 0), (3, 0), (4, 0), (4, 3), (6, 0), (7, 5)], [(0, 1), (0, 3), (0, 4), (0, 6), (3, 4), (5, 7)], [(0, 1), (0, 3), (0, 4), (1, 4), (3, 4), (6, 0), (6, 4), (7, 5)], [(1, 0), (3, 0), (4, 0), (6, 0), (4, 3), (7, 5)], [(1, 0), (3, 0), (3, 4), (4, 0), (6, 0), (7, 5)]], [[(0, 7), (1, 2), (2, 5), (3, 5), (4, 5), (5, 7), (6, 2)], [(0, 7), (1, 2), (2, 5), (2, 6), (3, 5), (4, 5), (7, 5)], [(2, 1), (2, 4), (2, 5), (3, 4), (5, 3), (5, 4), (6, 2), (7, 0), (7, 5)], [(7, 0), (2, 1), (2, 5), (6, 2), (3, 5), (4, 5), (7, 5)], [(0, 7), (2, 1), (2, 5), (2, 6), (3, 5), (4, 5), (7, 5)]], [[(0, 4), (0, 6), (1, 3), (2, 3), (2, 4), (4, 5), (5, 6), (7, 6)], [(0, 4), (0, 6), (1, 3), (2, 3), (4, 2), (5, 4), (5, 6), (6, 7)], [(0, 5), (2, 1), (2, 3), (2, 7), (3, 1), (4, 0), (4, 2), (6, 0), (6, 2), (6, 5), (6, 7)], [(0, 4), (0, 6), (1, 3), (2, 3), (4, 2), (5, 4), (5, 6), (6, 7)], [(0, 4), (0, 6), (1, 3), (2, 0), (2, 3), (2, 4), (2, 7), (5, 6), (6, 4), (6, 7)]], [[(2, 1), (2, 5), (2, 6), (4, 0), (4, 3), (4, 5), (4, 7), (5, 7), (6, 1), (6, 7)], [(1, 2), (1, 3), (1, 6), (2, 5), (2, 6), (4, 0), (4, 3), (4, 6), (4, 7), (6, 7), (7, 5)], [(2, 1), (2, 5), (3, 4), (4, 0), (4, 5), (4, 7), (5, 7), (6, 1), (6, 2), (6, 3), (6, 7)], [(4, 0), (2, 1), (6, 1), (5, 2), (6, 2), (4, 3), (5, 4), (7, 4), (5, 7), (6, 7)], [(0, 4), (2, 1), (2, 5), (2, 6), (3, 1), (3, 6), (4, 3), (4, 5), (4, 7), (5, 7), (6, 1), (6, 7)]], [[(0, 3), (0, 4), (0, 7), (1, 4), (1, 7), (2, 3), (2, 5), (4, 5), (5, 7), (6, 1), (6, 2)], [(0, 3), (0, 4), (0, 7), (1, 4), (1, 6), (1, 7), (2, 3), (2, 5), (4, 5), (6, 2), (7, 5)], [(0, 3), (2, 3), (2, 5), (4, 0), (4, 1), (4, 5), (6, 1), (6, 2), (6, 4), (7, 0), (7, 1), (7, 5)], [(0, 3), (0, 4), (0, 7), (1, 4), (1, 6), (1, 7), (2, 3), (2, 5), (6, 2), (4, 5), (7, 5)], [(0, 3), (2, 3), (2, 5), (4, 0), (4, 1), (4, 5), (4, 6), (6, 1), (6, 2), (7, 0), (7, 1), (7, 5)]], [[(0, 3), (0, 6), (1, 3), (2, 4), (2, 5), (3, 5), (7, 0), (7, 3)], [(0, 3), (0, 6), (0, 7), (1, 3), (2, 4), (2, 5), (3, 5), (7, 3), (7, 4)], [(0, 2), (0, 3), (0, 4), (0, 6), (1, 3), (2, 4), (2, 5), (3, 5), (7, 0), (7, 3), (7, 4)], [(0, 3), (0, 6), (7, 0), (1, 3), (2, 4), (2, 5), (3, 5), (7, 3)], [(0, 2), (0, 3), (0, 6), (0, 7), (1, 3), (2, 5), (3, 5), (4, 2), (7, 3)]], [[(0, 3), (0, 4), (0, 6), (1, 2), (1, 5), (1, 6), (2, 6), (2, 7), (3, 5), (3, 6), (3, 7), (4, 7)], [(0, 3), (0, 4), (1, 2), (1, 5), (1, 6), (3, 5), (3, 6), (3, 7), (4, 7), (6, 2), (7, 2)], [(1, 0), (1, 2), (1, 6), (3, 0), (3, 5), (3, 6), (4, 0), (5, 1), (5, 2), (6, 2), (6, 4), (7, 2), (7, 3), (7, 4), (7, 6)], [(3, 0), (4, 0), (0, 6), (1, 2), (1, 5), (6, 1), (6, 2), (7, 2), (3, 5), (3, 6), (3, 7), (4, 7)], [(1, 0), (1, 2), (1, 5), (1, 6), (3, 0), (3, 5), (3, 6), (3, 7), (4, 0), (4, 6), (4, 7), (5, 2), (6, 2), (7, 2)]], [[(0, 4), (1, 4), (1, 7), (3, 6), (4, 6), (5, 1), (6, 7)], [(0, 4), (1, 4), (1, 5), (1, 7), (3, 6), (4, 6), (7, 6)], [(1, 0), (1, 5), (3, 6), (4, 0), (4, 1), (4, 6), (7, 1), (7, 5), (7, 6)], [(0, 4), (1, 4), (5, 1), (7, 1), (3, 6), (4, 6), (7, 6)], [(0, 4), (1, 4), (3, 6), (4, 6), (5, 1), (7, 1), (7, 6)]], [[(0, 1), (0, 7), (2, 1), (3, 7), (5, 3), (6, 1), (6, 3), (7, 2)], [(0, 1), (1, 5), (1, 6), (2, 1), (2, 7), (3, 5), (3, 6), (7, 0), (7, 3)], [(0, 1), (0, 7), (2, 1), (3, 5), (3, 7), (5, 1), (5, 7), (6, 0), (6, 1), (6, 3), (7, 2)], [(0, 1), (7, 0), (2, 1), (1, 6), (7, 2), (5, 3), (3, 6), (7, 3)], [(0, 1), (0, 6), (0, 7), (2, 1), (3, 6), (5, 1), (5, 3), (6, 1), (7, 2), (7, 3)]], [[(0, 5), (0, 6), (0, 7), (1, 3), (3, 6), (3, 7), (4, 2), (5, 2), (7, 5)], [(0, 6), (0, 7), (1, 3), (2, 4), (2, 5), (5, 0), (5, 7), (6, 3), (7, 3)], [(0, 5), (1, 3), (1, 6), (4, 2), (5, 2), (6, 0), (6, 3), (7, 0), (7, 3), (7, 5), (7, 6)], [(0, 5), (0, 6), (7, 0), (1, 3), (4, 2), (5, 2), (6, 3), (7, 3), (7, 5)], [(0, 5), (0, 6), (0, 7), (1, 3), (4, 2), (5, 2), (6, 3), (7, 3), (7, 5)]], [[(0, 1), (0, 5), (2, 0), (2, 5), (4, 3), (4, 5), (6, 5), (7, 1)], [(0, 1), (0, 5), (3, 1), (3, 4), (4, 2), (4, 5), (5, 1), (5, 2), (5, 6), (7, 1)], [(1, 6), (3, 1), (3, 6), (4, 0), (4, 2), (4, 3), (4, 5), (4, 6), (5, 0), (5, 1), (5, 2), (5, 6), (6, 0), (7, 1), (7, 3), (7, 5)], [(0, 1), (2, 0), (0, 5), (7, 1), (2, 5), (4, 3), (4, 5), (5, 6)], [(0, 5), (3, 1), (4, 2), (4, 3), (4, 5), (4, 6), (5, 1), (5, 2), (6, 1), (6, 5), (7, 1), (7, 3), (7, 6)]], [[(0, 4), (0, 5), (1, 0), (1, 2), (2, 4), (2, 5), (3, 6), (4, 3), (5, 7)], [(0, 5), (1, 0), (1, 2), (3, 1), (3, 4), (3, 6), (4, 0), (4, 2), (5, 2), (5, 7)], [(0, 1), (0, 4), (0, 5), (1, 2), (1, 3), (1, 4), (4, 2), (4, 3), (4, 7), (5, 1), (5, 2), (5, 7), (6, 1), (6, 3), (6, 4), (6, 5)], [(1, 0), (4, 0), (0, 5), (2, 1), (4, 2), (2, 5), (4, 3), (3, 6), (5, 7)], [(1, 0), (1, 2), (3, 1), (3, 4), (3, 6), (4, 0), (4, 2), (4, 5), (5, 0), (5, 2), (6, 0), (7, 5)]], [[(1, 0), (2, 0), (3, 1), (3, 5), (6, 0), (6, 5), (7, 2), (7, 4), (7, 6)], [(0, 1), (0, 2), (0, 6), (2, 7), (3, 1), (3, 5), (6, 5), (6, 7), (7, 4)], [(0, 1), (0, 2), (3, 1), (3, 5), (6, 0), (6, 5), (7, 0), (7, 1), (7, 2), (7, 4), (7, 5), (7, 6)], [(0, 1), (0, 2), (6, 0), (3, 1), (2, 7), (3, 5), (7, 4), (6, 5), (6, 7)], [(0, 1), (0, 2), (0, 6), (3, 1), (3, 5), (6, 5), (7, 0), (7, 1), (7, 2), (7, 4), (7, 5), (7, 6)]], [[(0, 7), (1, 3), (2, 0), (4, 7), (5, 1), (5, 2), (5, 7), (6, 3)], [(1, 3), (1, 5), (2, 0), (4, 7), (5, 2), (5, 7), (6, 3), (7, 0)], [(0, 2), (0, 7), (3, 1), (5, 1), (5, 2), (5, 4), (5, 7), (6, 1), (6, 3), (7, 2), (7, 4)], [(2, 0), (7, 0), (3, 1), (5, 1), (5, 2), (6, 3), (4, 7), (5, 7)], [(0, 2), (0, 4), (0, 7), (2, 5), (2, 7), (3, 1), (4, 7), (5, 1), (5, 7), (6, 1), (6, 3)]], [[(0, 1), (0, 2), (0, 6), (1, 3), (1, 5), (3, 5), (3, 7), (4, 3), (4, 5)], [(0, 1), (0, 2), (0, 6), (3, 1), (3, 7), (4, 1), (4, 3), (4, 5), (5, 1), (5, 3)], [(0, 1), (0, 2), (0, 5), (1, 4), (1, 5), (3, 1), (3, 4), (3, 5), (4, 5), (6, 0), (7, 3)], [(1, 0), (0, 2), (0, 6), (1, 3), (1, 5), (4, 3), (3, 5), (3, 7), (4, 5)], [(0, 1), (0, 2), (0, 6), (3, 1), (3, 7), (4, 1), (4, 3), (4, 5), (5, 1), (5, 3)]], [[(0, 2), (0, 6), (1, 7), (3, 7), (5, 7), (6, 3), (6, 7)], [(0, 2), (3, 6), (3, 7), (5, 1), (5, 7), (6, 0), (6, 7), (7, 1)], [(0, 2), (1, 7), (3, 7), (5, 7), (6, 0), (6, 1), (6, 3), (6, 7), (7, 0)], [(0, 2), (6, 0), (1, 7), (3, 6), (3, 7), (5, 7), (7, 6)], [(0, 2), (0, 7), (1, 7), (3, 1), (3, 7), (5, 7), (6, 0), (6, 1), (6, 3), (6, 7)]], [[(0, 1), (0, 7), (1, 3), (1, 5), (2, 1), (2, 5), (3, 7), (4, 0), (4, 1), (6, 3), (6, 5)], [(0, 1), (0, 4), (0, 7), (1, 2), (1, 5), (2, 5), (3, 1), (4, 1), (6, 3), (6, 5), (7, 3)], [(0, 7), (1, 0), (1, 2), (2, 0), (2, 7), (3, 1), (3, 7), (4, 0), (4, 1), (4, 7), (5, 0), (5, 1), (5, 2), (6, 0), (6, 1), (6, 2), (6, 3), (6, 5), (6, 7)], [(0, 1), (4, 0), (7, 0), (1, 2), (3, 1), (4, 1), (5, 1), (5, 2), (6, 3), (7, 3), (6, 5)], [(0, 1), (2, 0), (2, 1), (2, 5), (3, 1), (4, 0), (4, 1), (5, 1), (6, 1), (6, 3), (6, 5), (7, 0), (7, 3)]], [[(0, 1), (1, 4), (2, 7), (3, 1), (3, 2), (4, 7), (5, 1), (5, 3), (6, 3)], [(0, 1), (0, 3), (1, 3), (1, 4), (2, 7), (3, 2), (3, 6), (5, 1), (5, 3), (7, 4)], [(1, 0), (1, 3), (1, 4), (1, 5), (1, 7), (2, 3), (2, 7), (3, 4), (3, 5), (3, 6), (3, 7), (4, 7), (5, 0)], [(0, 1), (1, 3), (1, 4), (5, 1), (3, 2), (2, 7), (5, 3), (3, 6), (7, 4)], [(0, 1), (1, 4), (2, 4), (2, 7), (3, 0), (3, 1), (3, 2), (3, 4), (3, 5), (3, 6), (5, 1), (7, 4)]], [[(1, 7), (2, 0), (2, 5), (3, 6), (4, 0), (4, 5), (6, 5), (6, 7), (7, 5)], [(0, 2), (0, 4), (1, 7), (2, 5), (3, 1), (3, 6), (4, 1), (4, 5), (6, 5), (7, 5), (7, 6)], [(2, 0), (2, 5), (4, 0), (4, 1), (4, 5), (6, 1), (6, 3), (6, 5), (7, 1), (7, 5), (7, 6)], [(2, 0), (4, 0), (7, 1), (2, 5), (3, 6), (4, 5), (6, 5), (7, 5), (7, 6)], [(1, 4), (1, 7), (2, 0), (2, 5), (4, 0), (4, 5), (6, 3), (6, 5), (6, 7), (7, 3), (7, 5)]], [[(2, 1), (2, 3), (3, 0), (3, 1), (4, 1), (5, 0), (6, 4), (7, 1), (7, 3)], [(0, 3), (0, 5), (1, 2), (1, 4), (1, 7), (3, 1), (3, 2), (3, 7), (4, 6)], [(0, 5), (1, 3), (1, 4), (2, 1), (2, 3), (3, 0), (4, 6), (7, 1), (7, 3)], [(3, 0), (0, 5), (2, 1), (3, 1), (1, 4), (7, 1), (3, 2), (7, 3), (4, 6)], [(0, 5), (1, 2), (1, 3), (1, 4), (2, 3), (3, 0), (4, 6), (7, 1), (7, 3)]], [[(0, 2), (0, 4), (1, 0), (1, 6), (2, 6), (4, 6), (5, 2), (5, 6), (6, 3), (7, 4), (7, 6)], [(0, 1), (0, 2), (0, 4), (1, 4), (1, 6), (5, 2), (6, 2), (6, 3), (6, 4), (6, 5), (6, 7), (7, 4)], [(0, 1), (0, 2), (0, 4), (1, 4), (5, 2), (6, 1), (6, 2), (6, 3), (6, 4), (6, 5), (7, 4), (7, 6)], [(1, 0), (2, 0), (4, 0), (1, 6), (2, 5), (2, 6), (6, 3), (4, 6), (4, 7), (6, 5), (6, 7)], [(0, 2), (0, 4), (1, 0), (1, 4), (5, 2), (6, 1), (6, 2), (6, 3), (6, 4), (6, 5), (6, 7), (7, 4), (7, 5)]], [[(0, 1), (0, 3), (0, 6), (1, 3), (1, 7), (2, 6), (2, 7), (3, 5), (4, 3), (6, 1), (7, 5)], [(0, 1), (0, 3), (0, 6), (1, 6), (2, 4), (3, 2), (3, 4), (3, 5), (5, 7), (6, 2), (7, 1), (7, 2)], [(0, 1), (0, 3), (2, 3), (2, 6), (3, 5), (4, 0), (4, 1), (4, 3), (6, 0), (6, 1), (7, 1), (7, 2), (7, 5)], [(0, 1), (0, 3), (0, 6), (1, 3), (1, 6), (7, 1), (6, 2), (7, 2), (3, 4), (3, 5), (7, 5)], [(0, 1), (0, 6), (2, 3), (2, 6), (3, 0), (3, 5), (4, 1), (4, 3), (6, 1), (7, 1), (7, 2), (7, 5)]], [[(0, 1), (0, 6), (1, 2), (2, 7), (3, 4), (3, 7), (4, 5), (5, 2), (5, 6), (6, 7)], [(1, 2), (1, 7), (2, 5), (2, 7), (4, 3), (5, 4), (5, 6), (6, 0), (7, 3), (7, 6)], [(2, 1), (4, 0), (4, 3), (5, 1), (5, 2), (5, 4), (6, 0), (6, 1), (6, 5), (7, 2), (7, 3), (7, 5), (7, 6)], [(0, 1), (6, 0), (2, 1), (5, 2), (7, 2), (4, 3), (7, 3), (5, 4), (6, 5), (7, 6)], [(1, 2), (1, 6), (4, 0), (4, 3), (4, 5), (5, 1), (5, 2), (5, 6), (5, 7), (6, 0), (6, 2), (7, 2), (7, 3), (7, 6)]], [[(0, 5), (0, 6), (0, 7), (1, 7), (2, 1), (2, 3), (2, 6), (3, 7), (4, 5), (4, 7), (6, 3)], [(0, 5), (0, 7), (1, 2), (1, 5), (1, 7), (2, 3), (2, 5), (3, 6), (3, 7), (4, 5), (4, 7), (6, 0)], [(0, 6), (0, 7), (1, 0), (1, 7), (2, 0), (2, 1), (2, 3), (2, 6), (4, 0), (4, 3), (4, 7), (5, 0), (5, 2), (5, 4), (6, 3), (7, 3), (7, 6)], [(0, 5), (6, 0), (0, 7), (2, 1), (1, 7), (3, 2), (6, 2), (6, 3), (3, 7), (4, 5), (4, 7)], [(1, 0), (2, 0), (2, 1), (3, 2), (3, 7), (4, 0), (4, 5), (4, 7), (5, 0), (5, 1), (6, 0), (6, 1), (6, 2), (6, 3), (6, 5), (7, 0), (7, 1)]], [[(0, 5), (1, 7), (2, 0), (3, 1), (4, 0), (5, 3), (5, 7), (6, 4), (6, 7)], [(0, 4), (0, 6), (1, 3), (1, 7), (2, 0), (3, 5), (4, 6), (5, 0), (5, 7), (6, 7)], [(0, 2), (0, 4), (2, 4), (3, 1), (4, 1), (5, 0), (5, 3), (6, 0), (6, 4), (7, 1), (7, 5), (7, 6)], [(2, 0), (4, 0), (0, 5), (3, 1), (7, 1), (5, 3), (6, 4), (7, 5), (7, 6)], [(2, 0), (3, 1), (4, 0), (4, 1), (4, 5), (4, 6), (4, 7), (5, 0), (5, 3), (5, 7), (6, 0), (7, 1), (7, 6)]], [[(1, 4), (1, 6), (3, 0), (3, 4), (4, 2), (5, 2), (5, 6), (7, 2), (7, 4)], [(1, 3), (1, 6), (2, 4), (2, 5), (2, 7), (3, 0), (4, 1), (4, 3), (5, 6), (7, 4)], [(1, 4), (1, 6), (3, 0), (4, 2), (4, 3), (5, 2), (5, 6), (7, 2), (7, 3), (7, 4)], [(3, 0), (4, 1), (1, 6), (4, 2), (5, 2), (7, 2), (3, 4), (7, 4), (5, 6)], [(1, 4), (1, 6), (3, 0), (3, 1), (3, 4), (4, 2), (5, 2), (5, 6), (7, 2), (7, 4)]], [[(0, 2), (1, 6), (2, 3), (2, 6), (4, 0), (4, 1), (5, 6), (7, 2), (7, 5)], [(0, 2), (0, 4), (1, 6), (2, 3), (2, 6), (4, 1), (4, 5), (5, 6), (7, 2), (7, 5)], [(1, 6), (2, 0), (2, 3), (2, 6), (4, 0), (4, 1), (5, 4), (5, 6), (7, 2), (7, 5)], [(0, 2), (4, 0), (4, 1), (1, 6), (2, 3), (2, 6), (7, 2), (5, 6), (7, 5)], [(0, 2), (1, 6), (2, 3), (2, 6), (4, 0), (4, 1), (4, 5), (5, 6), (7, 2), (7, 5)]], [[(1, 7), (3, 1), (3, 7), (4, 2), (5, 0), (6, 7)], [(0, 5), (1, 3), (1, 7), (2, 4), (3, 7), (6, 7)], [(1, 7), (3, 1), (3, 7), (4, 2), (5, 0), (6, 7)], [(5, 0), (3, 1), (1, 7), (4, 2), (3, 7), (6, 7)], [(1, 3), (1, 7), (3, 7), (4, 2), (5, 0), (6, 7)]], [[(0, 3), (0, 5), (1, 3), (2, 5), (5, 6), (7, 1), (7, 2)], [(1, 3), (1, 7), (3, 0), (5, 0), (5, 2), (5, 6), (7, 2)], [(0, 3), (3, 1), (5, 0), (5, 1), (5, 2), (6, 5), (7, 1), (7, 2)], [(3, 0), (5, 0), (3, 1), (7, 1), (5, 2), (7, 2), (6, 5)], [(3, 0), (3, 1), (5, 0), (5, 2), (5, 6), (7, 1), (7, 2)]], [[(0, 2), (0, 3), (1, 0), (1, 5), (2, 5), (2, 7), (3, 5), (3, 6), (4, 7), (6, 7)], [(0, 1), (0, 2), (0, 3), (0, 4), (0, 5), (1, 5), (2, 7), (3, 6), (4, 7), (5, 2), (5, 3), (6, 2), (6, 7)], [(0, 1), (0, 2), (0, 3), (0, 4), (2, 3), (2, 7), (4, 7), (5, 0), (5, 1), (5, 2), (5, 3), (6, 2), (6, 3), (6, 7)], [(1, 0), (0, 2), (3, 0), (1, 5), (5, 2), (2, 7), (3, 5), (6, 3), (4, 7), (6, 7)], [(0, 2), (0, 4), (1, 0), (1, 5), (2, 7), (3, 0), (3, 5), (3, 6), (4, 7), (5, 2), (6, 2), (6, 7)]], [[(0, 1), (0, 2), (1, 4), (1, 5), (3, 5), (3, 6), (4, 2), (4, 6), (7, 0), (7, 3)], [(0, 1), (0, 2), (0, 7), (1, 4), (1, 5), (3, 5), (4, 2), (4, 6), (6, 3), (7, 3)], [(0, 1), (0, 2), (1, 5), (3, 5), (4, 1), (4, 2), (4, 6), (6, 3), (7, 0), (7, 3), (7, 4)], [(0, 1), (0, 2), (7, 0), (4, 1), (1, 5), (2, 4), (3, 5), (6, 3), (7, 3), (4, 6)], [(0, 1), (0, 7), (1, 5), (2, 0), (2, 4), (3, 5), (4, 1), (4, 5), (4, 6), (4, 7), (6, 3), (7, 3)]], [[(0, 2), (0, 5), (0, 6), (1, 2), (1, 6), (2, 3), (5, 4)], [(0, 2), (0, 6), (1, 2), (1, 6), (2, 3), (4, 5), (5, 0)], [(0, 5), (2, 0), (2, 1), (2, 3), (5, 4), (6, 0), (6, 1)], [(0, 2), (0, 5), (0, 6), (1, 2), (1, 6), (2, 3), (5, 4)], [(0, 5), (2, 0), (2, 1), (2, 3), (5, 4), (6, 0), (6, 1)]], [[(0, 6), (1, 2), (1, 5), (2, 5), (4, 2), (4, 3), (6, 3), (6, 5), (7, 6)], [(1, 2), (3, 4), (3, 6), (4, 2), (4, 6), (5, 1), (5, 2), (6, 0), (6, 5), (6, 7)], [(1, 4), (2, 1), (2, 4), (3, 6), (4, 3), (4, 6), (5, 1), (5, 2), (5, 6), (6, 0), (6, 7)], [(6, 0), (1, 2), (1, 5), (4, 2), (2, 5), (4, 3), (3, 6), (5, 6), (6, 7)], [(1, 2), (4, 2), (4, 3), (5, 1), (5, 2), (5, 6), (6, 0), (6, 3), (6, 4), (6, 7)]], [[(0, 1), (0, 2), (1, 5), (1, 7), (2, 7), (4, 3), (4, 7), (6, 1), (6, 7), (7, 3)], [(0, 1), (0, 2), (1, 5), (4, 3), (4, 7), (5, 2), (6, 7), (7, 1), (7, 2), (7, 3)], [(0, 1), (0, 2), (1, 4), (1, 5), (4, 3), (4, 6), (5, 2), (7, 1), (7, 2), (7, 3), (7, 4), (7, 5), (7, 6)], [(1, 0), (2, 0), (1, 5), (6, 1), (1, 7), (7, 2), (4, 3), (7, 3), (4, 7), (6, 7)], [(0, 1), (0, 5), (1, 5), (1, 7), (2, 0), (2, 1), (2, 5), (2, 7), (4, 1), (4, 3), (4, 6), (4, 7), (7, 3), (7, 6)]], [[(0, 2), (1, 2), (1, 3), (4, 2), (4, 3), (6, 2), (7, 1), (7, 2)], [(0, 2), (1, 7), (2, 1), (2, 7), (3, 1), (3, 2), (3, 4), (4, 2), (6, 2)], [(0, 2), (0, 3), (1, 0), (1, 2), (1, 3), (1, 4), (2, 3), (4, 2), (4, 3), (6, 2), (6, 3), (7, 1), (7, 2)], [(0, 2), (1, 2), (3, 1), (7, 1), (4, 2), (6, 2), (7, 2), (4, 3)], [(0, 1), (0, 2), (1, 2), (3, 1), (3, 2), (4, 2), (4, 3), (6, 2), (7, 1), (7, 2)]], [[(0, 5), (2, 7), (3, 1), (3, 2), (3, 4), (3, 5), (6, 1), (6, 2)], [(0, 5), (1, 3), (1, 6), (2, 7), (3, 2), (3, 4), (3, 5), (6, 2)], [(0, 5), (1, 6), (2, 0), (2, 1), (2, 3), (2, 6), (3, 1), (3, 4), (3, 5), (4, 6), (7, 2)], [(0, 5), (3, 1), (6, 1), (3, 2), (6, 2), (2, 7), (3, 4), (3, 5)], [(0, 2), (0, 5), (1, 2), (1, 3), (1, 6), (2, 3), (2, 6), (2, 7), (3, 4), (3, 5), (4, 6)]], [[(0, 4), (0, 7), (2, 4), (2, 7), (3, 5), (3, 7), (5, 1), (6, 1), (7, 4)], [(0, 4), (1, 0), (1, 6), (2, 4), (3, 5), (3, 7), (5, 1), (7, 0), (7, 2), (7, 4)], [(0, 2), (1, 0), (1, 2), (4, 0), (4, 2), (4, 7), (5, 0), (5, 1), (5, 3), (5, 4), (5, 7), (6, 1), (6, 2), (6, 4), (7, 0), (7, 2), (7, 3)], [(0, 4), (7, 0), (5, 1), (1, 6), (2, 4), (7, 2), (3, 5), (7, 3), (7, 4)], [(0, 1), (0, 7), (1, 7), (2, 4), (2, 7), (4, 0), (4, 1), (4, 5), (4, 7), (5, 1), (5, 3), (6, 1), (6, 5), (6, 7), (7, 3)]], [[(0, 1), (0, 3), (1, 7), (2, 7), (4, 0), (4, 5), (5, 7), (6, 5), (7, 3)], [(0, 1), (0, 3), (0, 4), (1, 7), (2, 7), (4, 5), (5, 6), (7, 3), (7, 5)], [(0, 1), (0, 3), (2, 0), (2, 1), (2, 4), (2, 5), (4, 0), (5, 4), (6, 0), (6, 4), (6, 5), (7, 0), (7, 1), (7, 2), (7, 3), (7, 4), (7, 5)], [(1, 0), (0, 3), (0, 4), (1, 7), (2, 7), (7, 3), (4, 5), (5, 6), (7, 5)], [(0, 3), (0, 4), (1, 0), (1, 7), (2, 5), (2, 7), (4, 5), (6, 4), (6, 5), (7, 3), (7, 5)]], [[(0, 5), (1, 4), (1, 6), (2, 3), (3, 5), (6, 2), (7, 1)], [(0, 5), (1, 4), (1, 7), (2, 3), (2, 6), (3, 5), (6, 1)], [(1, 4), (1, 6), (2, 3), (3, 5), (5, 0), (6, 2), (7, 1)], [(0, 5), (1, 4), (1, 6), (7, 1), (2, 3), (6, 2), (3, 5)], [(0, 5), (1, 4), (1, 7), (2, 3), (3, 5), (6, 1), (6, 2)]], [[(0, 1), (1, 5), (2, 0), (2, 5), (3, 7), (4, 6), (4, 7), (7, 1)], [(0, 1), (0, 2), (0, 7), (2, 5), (4, 6), (4, 7), (5, 1), (7, 1), (7, 3)], [(0, 1), (0, 4), (1, 7), (2, 0), (4, 6), (5, 1), (5, 2), (5, 7), (7, 3), (7, 4)], [(1, 0), (2, 0), (5, 1), (7, 1), (5, 2), (7, 3), (4, 6), (7, 4)], [(0, 1), (0, 2), (0, 7), (2, 5), (4, 6), (4, 7), (5, 1), (7, 1), (7, 3)]], [[(0, 2), (1, 2), (1, 5), (1, 7), (2, 3), (2, 4), (4, 7), (5, 7), (6, 0), (6, 5)], [(0, 2), (0, 6), (1, 2), (1, 5), (1, 7), (2, 3), (2, 4), (4, 7), (6, 5), (7, 5)], [(0, 5), (0, 7), (1, 0), (1, 2), (1, 5), (1, 7), (2, 0), (2, 4), (2, 5), (3, 1), (3, 2), (4, 7), (6, 0), (6, 2), (6, 3), (6, 5)], [(0, 2), (0, 6), (1, 2), (1, 5), (1, 7), (2, 3), (2, 4), (4, 7), (6, 5), (7, 5)], [(0, 1), (0, 5), (0, 6), (1, 5), (2, 0), (2, 1), (2, 4), (2, 5), (3, 2), (3, 5), (4, 1), (6, 5), (7, 1), (7, 4)]], [[(1, 2), (2, 3), (4, 3), (5, 1), (6, 0), (6, 5), (7, 2)], [(0, 6), (1, 2), (2, 3), (4, 3), (5, 1), (6, 5), (7, 2)], [(1, 4), (1, 5), (2, 1), (2, 3), (4, 3), (5, 6), (6, 0), (7, 2)], [(6, 0), (1, 2), (5, 1), (2, 3), (7, 2), (4, 3), (6, 5)], [(0, 6), (1, 2), (2, 3), (4, 1), (4, 3), (5, 0), (5, 1), (5, 6), (7, 2)]], [[(0, 2), (0, 5), (2, 4), (2, 7), (3, 1), (4, 3), (5, 1), (6, 4), (6, 7)], [(0, 2), (0, 5), (3, 1), (3, 4), (4, 2), (4, 6), (5, 1), (6, 7), (7, 2)], [(0, 2), (0, 5), (2, 7), (3, 1), (4, 2), (4, 3), (5, 1), (6, 2), (6, 4), (6, 7)], [(0, 2), (5, 0), (3, 1), (5, 1), (2, 4), (7, 2), (4, 3), (6, 4), (7, 6)], [(0, 2), (3, 1), (4, 2), (4, 3), (5, 0), (5, 1), (6, 2), (6, 4), (6, 7), (7, 2)]], [[(0, 1), (1, 3), (1, 5), (5, 2), (5, 3), (6, 4), (7, 0)], [(0, 1), (0, 7), (1, 3), (1, 5), (3, 5), (4, 6), (5, 2)], [(0, 1), (1, 3), (1, 5), (5, 2), (5, 3), (6, 4), (7, 0)], [(0, 1), (7, 0), (1, 3), (1, 5), (5, 2), (5, 3), (6, 4)], [(1, 0), (1, 3), (1, 5), (5, 2), (5, 3), (6, 4), (7, 0), (7, 1)]], [[(0, 6), (1, 0), (2, 0), (2, 3), (4, 1), (5, 0), (5, 6), (7, 4), (7, 6)], [(0, 1), (0, 2), (0, 5), (0, 6), (1, 4), (1, 5), (2, 3), (4, 7), (6, 5), (7, 6)], [(0, 2), (0, 6), (0, 7), (1, 0), (1, 2), (1, 5), (1, 6), (2, 3), (4, 1), (4, 5), (4, 6), (4, 7), (5, 2), (6, 5), (6, 7)], [(1, 0), (2, 0), (0, 5), (0, 6), (4, 1), (2, 3), (7, 4), (6, 5), (7, 6)], [(0, 6), (1, 0), (1, 4), (1, 6), (2, 0), (2, 3), (4, 7), (5, 0), (5, 1), (5, 6), (5, 7), (7, 6)]], [[(0, 2), (1, 2), (2, 5), (3, 5), (6, 1), (6, 4), (7, 0), (7, 5)], [(1, 2), (2, 0), (3, 5), (3, 7), (4, 6), (5, 2), (5, 7), (6, 1), (7, 0)], [(1, 2), (2, 0), (3, 2), (5, 2), (5, 3), (6, 1), (6, 4), (7, 0), (7, 5)], [(0, 2), (7, 0), (1, 2), (6, 1), (2, 5), (3, 5), (6, 4), (7, 5)], [(0, 2), (0, 7), (1, 2), (1, 5), (2, 5), (3, 5), (6, 1), (6, 4), (7, 5)]], [[(0, 1), (1, 3), (1, 4), (2, 3), (4, 7), (6, 4), (7, 3)], [(1, 0), (1, 3), (2, 3), (3, 7), (4, 1), (4, 3), (4, 6), (4, 7)], [(1, 0), (1, 2), (1, 3), (1, 4), (3, 0), (3, 2), (3, 7), (4, 3), (4, 7), (6, 4)], [(1, 0), (1, 3), (1, 4), (2, 3), (7, 3), (6, 4), (4, 7)], [(0, 1), (0, 3), (1, 3), (1, 4), (2, 3), (3, 4), (3, 7), (4, 7), (6, 4)]], [[(0, 3), (0, 4), (1, 7), (2, 6), (3, 6), (4, 1), (4, 6), (6, 5)], [(0, 3), (0, 4), (1, 7), (4, 1), (5, 6), (6, 2), (6, 3), (6, 4)], [(1, 4), (2, 6), (3, 0), (3, 2), (3, 6), (4, 0), (4, 6), (6, 5), (7, 1)], [(0, 3), (0, 4), (4, 1), (1, 7), (6, 2), (6, 3), (6, 4), (6, 5)], [(1, 7), (2, 6), (3, 0), (3, 6), (4, 0), (4, 1), (4, 6), (6, 5)]], [[(0, 3), (0, 7), (1, 3), (1, 4), (2, 3), (2, 4), (3, 6), (4, 6), (4, 7), (5, 1), (5, 2)], [(0, 7), (1, 2), (1, 3), (1, 4), (1, 5), (2, 3), (2, 4), (2, 5), (3, 0), (4, 7), (6, 3), (6, 4)], [(0, 6), (0, 7), (2, 5), (2, 7), (3, 0), (3, 1), (3, 2), (3, 6), (4, 1), (4, 2), (4, 3), (4, 6), (4, 7), (5, 1)], [(0, 3), (0, 7), (3, 1), (4, 1), (5, 1), (3, 2), (4, 2), (2, 5), (3, 6), (4, 6), (4, 7)], [(2, 3), (2, 4), (2, 7), (3, 0), (3, 1), (4, 1), (4, 7), (5, 1), (5, 2), (6, 0), (6, 3), (6, 4), (7, 0)]], [[(0, 3), (0, 6), (1, 6), (2, 7), (4, 3), (4, 6), (4, 7), (5, 1)], [(0, 6), (2, 7), (3, 0), (3, 4), (4, 6), (4, 7), (5, 1), (6, 1)], [(0, 3), (0, 6), (0, 7), (1, 5), (2, 7), (4, 1), (4, 3), (4, 6), (4, 7), (6, 1), (6, 5)], [(0, 3), (6, 0), (1, 5), (1, 6), (2, 7), (4, 3), (4, 6), (4, 7)], [(0, 3), (0, 6), (0, 7), (2, 7), (4, 1), (4, 3), (4, 6), (4, 7), (5, 1), (6, 1)]], [[(0, 1), (2, 3), (3, 0), (4, 0), (4, 3), (5, 1), (7, 1), (7, 2)], [(0, 1), (0, 3), (0, 4), (1, 7), (3, 2), (3, 4), (5, 1), (7, 2)], [(0, 1), (0, 2), (0, 3), (0, 7), (2, 3), (2, 7), (4, 0), (4, 3), (4, 7), (5, 1), (7, 1)], [(0, 1), (3, 0), (4, 0), (5, 1), (1, 7), (2, 3), (2, 7), (4, 3)], [(0, 1), (0, 3), (0, 7), (2, 7), (3, 2), (4, 0), (4, 2), (4, 3), (4, 7), (5, 1), (7, 1)]], [[(0, 5), (0, 7), (1, 2), (1, 3), (2, 4), (3, 4), (3, 5), (3, 7), (4, 0), (6, 1), (6, 3)], [(0, 4), (0, 5), (0, 7), (1, 3), (1, 6), (3, 5), (3, 6), (4, 2), (4, 3), (7, 3)], [(0, 1), (0, 4), (0, 5), (1, 6), (3, 1), (3, 5), (3, 6), (4, 1), (4, 2), (4, 3), (6, 2), (7, 0), (7, 1), (7, 3)], [(0, 4), (0, 5), (7, 0), (2, 1), (1, 3), (1, 6), (4, 2), (4, 3), (3, 5), (3, 6), (7, 3)], [(0, 1), (0, 4), (0, 5), (1, 3), (3, 5), (4, 2), (4, 3), (6, 1), (6, 2), (6, 3), (7, 0), (7, 3)]], [[(0, 2), (0, 7), (1, 7), (3, 1), (4, 7), (5, 1), (7, 6)], [(0, 2), (2, 1), (3, 1), (5, 1), (6, 4), (6, 7), (7, 0), (7, 1), (7, 4)], [(0, 4), (1, 2), (2, 0), (3, 1), (5, 0), (5, 1), (5, 4), (7, 0), (7, 1), (7, 2), (7, 4), (7, 5), (7, 6)], [(0, 2), (0, 7), (3, 1), (5, 1), (7, 1), (4, 7), (7, 6)], [(0, 7), (2, 0), (2, 1), (3, 1), (4, 7), (5, 1), (5, 6), (5, 7), (7, 1), (7, 6)]], [[(0, 1), (1, 2), (1, 5), (4, 1), (4, 5), (7, 2)], [(0, 1), (1, 4), (1, 5), (2, 1), (2, 7), (4, 5), (7, 0)], [(0, 1), (1, 4), (1, 5), (1, 7), (2, 1), (2, 7), (5, 4)], [(0, 1), (2, 1), (1, 4), (1, 5), (7, 2), (5, 4)], [(1, 0), (1, 2), (2, 0), (4, 1), (4, 5), (5, 1), (7, 2)]], [[(0, 1), (0, 4), (1, 2), (1, 5), (2, 7), (3, 4), (3, 5), (3, 7), (4, 5), (5, 6), (6, 7)], [(0, 1), (0, 4), (1, 2), (1, 5), (3, 4), (3, 5), (3, 7), (4, 5), (6, 5), (6, 7), (7, 2)], [(0, 1), (1, 2), (1, 5), (3, 5), (3, 7), (4, 0), (4, 3), (4, 5), (4, 7), (6, 5), (6, 7), (7, 2)], [(0, 1), (0, 4), (1, 2), (1, 5), (7, 2), (3, 4), (3, 5), (3, 7), (4, 5), (6, 5), (6, 7)], [(0, 1), (0, 3), (0, 4), (1, 2), (1, 5), (3, 5), (4, 3), (4, 5), (6, 5), (7, 2), (7, 3), (7, 6)]], [[(0, 5), (1, 2), (1, 6), (3, 6), (5, 1), (5, 3), (5, 4), (7, 0), (7, 3)], [(0, 3), (0, 5), (0, 7), (1, 2), (1, 6), (3, 5), (3, 6), (5, 1), (5, 4), (7, 3)], [(1, 2), (1, 6), (3, 6), (5, 0), (5, 1), (5, 3), (5, 4), (7, 0), (7, 1), (7, 3), (7, 5)], [(0, 5), (7, 0), (1, 2), (5, 1), (1, 6), (3, 5), (3, 6), (7, 3), (5, 4)], [(1, 2), (1, 5), (1, 6), (3, 5), (3, 7), (5, 0), (5, 4), (6, 3), (7, 0), (7, 5)]], [[(0, 3), (2, 1), (2, 4), (3, 4), (3, 7), (5, 7), (6, 4), (6, 5), (7, 1)], [(0, 4), (1, 2), (1, 7), (2, 4), (2, 6), (3, 0), (3, 4), (5, 6), (6, 4), (7, 3), (7, 5)], [(0, 6), (2, 0), (2, 1), (2, 4), (2, 5), (3, 0), (3, 4), (3, 6), (3, 7), (4, 0), (4, 6), (5, 7), (6, 5), (7, 1)], [(0, 3), (2, 1), (7, 1), (4, 2), (4, 3), (3, 7), (4, 6), (5, 6), (5, 7)], [(0, 4), (2, 1), (2, 4), (2, 6), (3, 0), (3, 4), (3, 7), (5, 6), (5, 7), (6, 4), (7, 1)]], [[(0, 1), (1, 6), (2, 0), (3, 0), (3, 6), (4, 5), (4, 6), (5, 0), (5, 2), (5, 6), (7, 0), (7, 3)], [(0, 3), (0, 7), (1, 0), (1, 5), (1, 6), (2, 0), (2, 5), (3, 6), (4, 6), (5, 0), (5, 6), (7, 3)], [(0, 1), (0, 2), (0, 5), (1, 2), (1, 5), (1, 6), (3, 0), (3, 1), (3, 2), (3, 5), (3, 6), (4, 5), (4, 6), (5, 2), (5, 6), (7, 0), (7, 3)], [(0, 1), (2, 0), (3, 0), (0, 5), (0, 7), (1, 6), (2, 5), (3, 6), (3, 7), (4, 5), (4, 6), (5, 6)], [(0, 1), (0, 2), (0, 3), (0, 5), (0, 6), (0, 7), (1, 2), (1, 5), (1, 6), (3, 2), (3, 6), (3, 7), (4, 6), (5, 2), (6, 5)]], [[(0, 7), (1, 4), (1, 7), (2, 4), (3, 0), (3, 4), (3, 5), (5, 7), (6, 1)], [(0, 3), (0, 7), (1, 4), (1, 6), (1, 7), (2, 4), (3, 4), (5, 3), (5, 6), (7, 5)], [(0, 6), (0, 7), (1, 2), (1, 4), (1, 6), (1, 7), (3, 0), (3, 2), (3, 4), (4, 2), (5, 3), (5, 7), (7, 6)], [(3, 0), (0, 7), (1, 4), (1, 6), (1, 7), (2, 4), (3, 4), (5, 3), (5, 7)], [(0, 6), (0, 7), (1, 4), (1, 6), (1, 7), (2, 4), (3, 0), (3, 4), (5, 3), (5, 7), (7, 6)]], [[(1, 0), (1, 3), (2, 3), (2, 4), (2, 5), (3, 6), (4, 6), (6, 0), (7, 6)], [(1, 0), (1, 3), (2, 3), (2, 4), (2, 5), (6, 0), (6, 3), (6, 4), (6, 7)], [(0, 1), (1, 3), (2, 4), (2, 5), (3, 2), (6, 0), (6, 3), (6, 4), (7, 6)], [(1, 0), (6, 0), (1, 3), (2, 3), (2, 4), (5, 2), (6, 3), (6, 4), (7, 6)], [(1, 0), (1, 3), (2, 3), (2, 4), (2, 5), (6, 0), (6, 3), (6, 4), (6, 7)]], [[(0, 4), (0, 5), (1, 4), (2, 3), (3, 1), (3, 4), (4, 6), (7, 5), (7, 6)], [(0, 4), (0, 5), (1, 3), (1, 4), (3, 2), (3, 4), (6, 4), (6, 7), (7, 5)], [(0, 4), (0, 5), (1, 3), (1, 4), (3, 2), (3, 4), (6, 3), (6, 4), (7, 5), (7, 6)], [(0, 4), (0, 5), (3, 1), (1, 4), (3, 2), (3, 4), (6, 4), (7, 5), (7, 6)], [(0, 4), (0, 5), (1, 4), (2, 3), (3, 1), (3, 4), (6, 4), (7, 5), (7, 6)]], [[(0, 2), (0, 5), (0, 6), (1, 3), (1, 6), (2, 1), (2, 4), (4, 5), (4, 7), (5, 7), (6, 7)], [(0, 5), (0, 6), (1, 2), (1, 3), (1, 6), (2, 0), (2, 4), (4, 5), (4, 7), (7, 5), (7, 6)], [(0, 2), (0, 5), (0, 6), (0, 7), (1, 3), (1, 6), (2, 1), (2, 7), (4, 2), (4, 5), (5, 7), (7, 1), (7, 3), (7, 6)], [(0, 2), (5, 0), (6, 0), (2, 1), (1, 3), (6, 1), (4, 2), (5, 4), (7, 4), (5, 7), (6, 7)], [(0, 2), (0, 5), (0, 6), (0, 7), (1, 6), (2, 1), (2, 3), (2, 7), (3, 1), (4, 2), (4, 5), (5, 7), (7, 1), (7, 6)]], [[(0, 2), (0, 6), (0, 7), (1, 5), (2, 3), (2, 4), (3, 4), (3, 5), (4, 6), (5, 7)], [(0, 2), (0, 6), (0, 7), (2, 3), (2, 4), (3, 1), (3, 4), (3, 5), (4, 6), (5, 1), (7, 5)], [(0, 6), (2, 0), (2, 3), (3, 1), (3, 5), (4, 2), (4, 3), (4, 6), (5, 1), (7, 0), (7, 5)], [(2, 0), (0, 6), (7, 0), (1, 5), (2, 3), (4, 2), (4, 3), (3, 5), (4, 6), (7, 5)], [(0, 6), (2, 0), (2, 4), (3, 1), (3, 2), (3, 4), (3, 5), (4, 6), (5, 1), (7, 0), (7, 5)]], [[(0, 5), (2, 1), (2, 7), (5, 7), (6, 3), (6, 5)], [(0, 5), (1, 2), (2, 7), (3, 6), (5, 7), (6, 0), (6, 5)], [(2, 1), (2, 7), (5, 0), (5, 6), (5, 7), (6, 0), (6, 3)], [(0, 5), (2, 1), (2, 7), (6, 3), (6, 5), (5, 7)], [(0, 5), (0, 6), (1, 2), (2, 7), (5, 6), (5, 7), (6, 3)]], [[(0, 3), (1, 3), (1, 6), (2, 5), (2, 6), (3, 6), (4, 0), (4, 6), (7, 4), (7, 5)], [(0, 3), (0, 4), (0, 7), (1, 3), (1, 6), (2, 5), (3, 6), (4, 6), (4, 7), (6, 2), (7, 5)], [(0, 7), (1, 3), (1, 6), (2, 3), (2, 5), (2, 6), (2, 7), (3, 0), (3, 6), (4, 0), (4, 3), (4, 6), (4, 7), (7, 5)], [(0, 3), (4, 0), (1, 3), (1, 6), (2, 5), (6, 2), (3, 6), (4, 6), (7, 4), (7, 5)], [(0, 3), (0, 4), (1, 3), (1, 6), (2, 0), (2, 3), (2, 4), (2, 5), (2, 6), (3, 6), (4, 6), (7, 0), (7, 4), (7, 5)]], [[(0, 4), (0, 7), (1, 0), (1, 4), (1, 7), (2, 4), (2, 6), (3, 0), (3, 4), (4, 6), (5, 4), (6, 7)], [(0, 4), (1, 0), (1, 4), (1, 7), (2, 4), (2, 7), (3, 0), (3, 4), (4, 5), (4, 6), (7, 0), (7, 6)], [(0, 7), (1, 0), (1, 3), (1, 7), (2, 0), (2, 3), (2, 7), (3, 5), (3, 6), (3, 7), (4, 0), (4, 1), (4, 2), (4, 3), (4, 5), (4, 6), (7, 6)], [(1, 0), (3, 0), (0, 4), (7, 0), (1, 4), (7, 1), (2, 4), (6, 2), (3, 4), (4, 5), (6, 4), (7, 6)], [(0, 4), (0, 7), (1, 0), (1, 4), (1, 7), (2, 4), (2, 7), (3, 0), (3, 4), (3, 5), (3, 6), (3, 7), (4, 5), (4, 6), (7, 6)]], [[(2, 3), (2, 4), (2, 5), (4, 1), (5, 3), (7, 0), (7, 5)], [(2, 3), (2, 4), (2, 5), (3, 5), (4, 1), (5, 7), (7, 0)], [(2, 3), (2, 4), (4, 1), (5, 2), (5, 3), (7, 0), (7, 5)], [(7, 0), (4, 1), (2, 3), (2, 4), (2, 5), (5, 3), (7, 5)], [(1, 4), (2, 3), (2, 5), (4, 2), (5, 3), (7, 0), (7, 5)]], [[(0, 2), (0, 7), (1, 0), (1, 6), (2, 7), (3, 7), (4, 2), (4, 6), (5, 4), (6, 0)], [(0, 1), (0, 2), (0, 6), (2, 1), (2, 4), (2, 7), (3, 7), (4, 6), (5, 4), (6, 1)], [(0, 1), (0, 2), (0, 3), (0, 6), (1, 2), (1, 6), (2, 7), (4, 0), (4, 2), (4, 5), (4, 6), (4, 7), (7, 3)], [(0, 1), (0, 2), (0, 6), (0, 7), (1, 6), (2, 4), (7, 2), (3, 7), (5, 4), (4, 6)], [(0, 2), (0, 4), (0, 6), (0, 7), (1, 0), (1, 2), (1, 6), (3, 7), (4, 2), (4, 6), (5, 4), (7, 2)]], [[(0, 1), (0, 2), (0, 7), (1, 4), (1, 6), (2, 3), (3, 6), (4, 2), (5, 4), (5, 7), (6, 7)], [(0, 1), (0, 2), (0, 7), (1, 4), (1, 6), (2, 3), (4, 2), (5, 4), (5, 7), (6, 3), (6, 7)], [(1, 0), (1, 2), (1, 4), (1, 6), (2, 0), (2, 3), (2, 4), (2, 5), (5, 3), (5, 4), (6, 0), (6, 3), (6, 5), (7, 0), (7, 2), (7, 5), (7, 6)], [(1, 0), (2, 0), (7, 0), (1, 4), (6, 1), (2, 3), (2, 4), (6, 3), (4, 5), (5, 7), (6, 7)], [(0, 1), (0, 2), (0, 7), (1, 6), (1, 7), (2, 3), (3, 7), (4, 1), (4, 2), (5, 1), (5, 3), (5, 4), (5, 7), (6, 3), (6, 7)]], [[(0, 1), (0, 2), (0, 3), (0, 6), (1, 5), (2, 7), (4, 3), (5, 7), (6, 7)], [(0, 2), (0, 3), (0, 6), (1, 2), (1, 5), (2, 7), (3, 4), (4, 1), (5, 7), (7, 6)], [(0, 1), (0, 3), (0, 6), (1, 4), (2, 0), (2, 1), (2, 6), (4, 3), (5, 1), (5, 2), (5, 3), (5, 6), (6, 1), (7, 1), (7, 2), (7, 3), (7, 5), (7, 6)], [(1, 0), (2, 0), (0, 3), (0, 6), (5, 1), (2, 7), (3, 4), (5, 7), (7, 6)], [(0, 2), (0, 3), (0, 5), (0, 6), (1, 0), (1, 2), (1, 4), (1, 5), (1, 7), (2, 7), (4, 3), (5, 3), (5, 6), (5, 7), (6, 7), (7, 3)]], [[(0, 2), (1, 5), (2, 3), (4, 1), (5, 3), (7, 5)], [(0, 2), (3, 2), (3, 5), (4, 1), (5, 1), (5, 2), (5, 7)], [(0, 2), (3, 2), (4, 1), (5, 1), (5, 2), (5, 3), (7, 5)], [(2, 0), (4, 1), (5, 1), (2, 3), (5, 3), (7, 5)], [(0, 2), (3, 2), (4, 1), (5, 1), (5, 2), (5, 3), (5, 7)]], [[(0, 1), (0, 2), (0, 6), (2, 5), (2, 6), (3, 4), (4, 5), (4, 6), (5, 7), (6, 7)], [(0, 1), (0, 2), (0, 6), (2, 5), (2, 6), (3, 2), (3, 4), (4, 5), (4, 6), (5, 7), (7, 6)], [(0, 1), (0, 2), (0, 4), (0, 6), (4, 3), (5, 2), (5, 6), (5, 7), (6, 2), (6, 4), (6, 7), (7, 2), (7, 4)], [(0, 1), (0, 2), (0, 6), (2, 5), (6, 2), (4, 3), (4, 5), (4, 6), (5, 7), (6, 7)], [(0, 1), (0, 2), (0, 5), (0, 6), (2, 5), (3, 4), (4, 6), (6, 2), (6, 5), (7, 5), (7, 6)]], [[(0, 5), (2, 1), (2, 7), (3, 5), (3, 7), (6, 7)], [(0, 5), (1, 2), (2, 7), (3, 5), (3, 7), (6, 7)], [(0, 5), (2, 1), (2, 7), (3, 5), (3, 7), (6, 7)], [(0, 5), (2, 1), (2, 7), (3, 5), (3, 7), (6, 7)], [(0, 5), (2, 1), (2, 7), (3, 5), (3, 7), (6, 7)]], [[(0, 7), (2, 5), (2, 6), (2, 7), (3, 1), (3, 5), (4, 6), (7, 6)], [(0, 7), (1, 3), (2, 5), (2, 6), (3, 0), (3, 5), (4, 6), (7, 2), (7, 6)], [(2, 5), (2, 6), (3, 1), (3, 5), (4, 6), (7, 0), (7, 2), (7, 6)], [(7, 0), (3, 1), (2, 5), (2, 6), (7, 2), (3, 5), (4, 6), (7, 6)], [(0, 7), (1, 3), (2, 5), (2, 6), (3, 5), (4, 6), (7, 2), (7, 6)]], [[(0, 2), (0, 3), (1, 4), (2, 6), (3, 5), (3, 7), (4, 5), (4, 7), (7, 6)], [(0, 2), (0, 3), (1, 4), (4, 5), (5, 3), (6, 2), (6, 7), (7, 3), (7, 4)], [(0, 2), (0, 3), (4, 1), (5, 3), (5, 4), (6, 2), (7, 3), (7, 4), (7, 6)], [(0, 2), (0, 3), (1, 4), (6, 2), (5, 3), (7, 3), (4, 5), (7, 4), (7, 6)], [(0, 2), (0, 3), (1, 4), (4, 5), (5, 3), (6, 2), (6, 7), (7, 3), (7, 4)]], [[(0, 6), (1, 6), (3, 0), (4, 2), (5, 3), (5, 6), (7, 6)], [(0, 3), (0, 6), (2, 4), (3, 5), (5, 6), (6, 1), (6, 7)], [(0, 6), (1, 6), (3, 0), (3, 1), (3, 7), (4, 2), (5, 3), (5, 6), (6, 7)], [(3, 0), (0, 6), (6, 1), (4, 2), (5, 3), (5, 6), (6, 7)], [(0, 6), (1, 3), (1, 6), (3, 0), (3, 5), (3, 7), (4, 2), (5, 6), (6, 7)]], [[(0, 3), (0, 4), (1, 3), (3, 6), (4, 5), (6, 2), (6, 7), (7, 5)], [(0, 1), (0, 3), (0, 4), (0, 5), (1, 3), (2, 6), (3, 6), (4, 5), (4, 6), (5, 6), (7, 5)], [(0, 3), (0, 5), (0, 6), (2, 7), (3, 1), (3, 6), (4, 0), (4, 5), (4, 6), (4, 7), (5, 7), (6, 2), (6, 5)], [(0, 3), (0, 4), (1, 3), (6, 2), (3, 6), (4, 5), (7, 5), (6, 7)], [(0, 1), (2, 6), (2, 7), (3, 0), (3, 1), (4, 0), (4, 5), (4, 6), (4, 7), (5, 0), (5, 6), (5, 7), (6, 3)]], [[(1, 6), (2, 1), (3, 4), (3, 6), (5, 0), (6, 5), (7, 3), (7, 4)], [(0, 5), (2, 1), (3, 4), (3, 7), (4, 7), (5, 6), (6, 1), (6, 3), (6, 7)], [(1, 2), (3, 4), (3, 6), (5, 0), (6, 1), (6, 5), (7, 3), (7, 4)], [(5, 0), (2, 1), (6, 1), (3, 4), (3, 6), (7, 3), (7, 4), (6, 5)], [(2, 1), (4, 3), (5, 0), (6, 1), (6, 3), (6, 5), (7, 3), (7, 4), (7, 6)]], [[(0, 2), (0, 4), (1, 5), (2, 5), (3, 4), (5, 4), (5, 6), (6, 4)], [(0, 2), (0, 4), (1, 5), (2, 5), (3, 4), (5, 4), (5, 6), (6, 4)], [(0, 2), (0, 4), (2, 1), (3, 4), (5, 1), (5, 2), (5, 4), (6, 4), (6, 5)], [(2, 0), (0, 4), (1, 5), (2, 5), (3, 4), (5, 4), (6, 4), (5, 6)], [(0, 2), (0, 4), (2, 1), (3, 4), (5, 1), (5, 2), (5, 4), (6, 4), (6, 5)]], [[(0, 2), (1, 2), (1, 5), (2, 4), (2, 5), (3, 4), (3, 5), (5, 6)], [(0, 2), (1, 2), (3, 4), (3, 5), (4, 2), (5, 1), (5, 2), (5, 6)], [(1, 2), (2, 0), (4, 2), (4, 3), (5, 1), (5, 2), (5, 3), (6, 5)], [(0, 2), (1, 2), (5, 1), (4, 2), (5, 2), (4, 3), (5, 3), (6, 5)], [(0, 2), (1, 2), (1, 5), (4, 2), (4, 3), (5, 2), (5, 3), (5, 6)]], [[(1, 0), (2, 0), (3, 4), (3, 5), (5, 0), (6, 2), (6, 4), (6, 5), (7, 1), (7, 2)], [(0, 2), (1, 0), (1, 7), (2, 7), (3, 4), (3, 5), (4, 5), (4, 6), (4, 7), (5, 0), (5, 6), (6, 2)], [(1, 0), (2, 1), (2, 7), (4, 3), (4, 7), (5, 0), (5, 3), (5, 4), (5, 7), (6, 2), (6, 4), (6, 5), (7, 0), (7, 1)], [(1, 0), (0, 2), (5, 0), (1, 7), (6, 2), (2, 7), (4, 3), (3, 5), (6, 4), (6, 5)], [(1, 0), (2, 1), (2, 5), (2, 6), (4, 3), (4, 6), (5, 0), (5, 3), (5, 4), (5, 6), (7, 0), (7, 1), (7, 2), (7, 4)]], [[(1, 0), (1, 6), (1, 7), (2, 3), (2, 5), (3, 4), (3, 7), (5, 6), (7, 6)], [(0, 1), (1, 6), (1, 7), (2, 3), (2, 5), (3, 4), (5, 6), (7, 3), (7, 4), (7, 6)], [(1, 0), (1, 2), (1, 5), (3, 2), (3, 4), (4, 1), (4, 5), (6, 1), (6, 2), (6, 3), (6, 5), (7, 1), (7, 3), (7, 4), (7, 6)], [(1, 0), (1, 6), (7, 1), (2, 3), (5, 2), (3, 4), (7, 3), (5, 6), (7, 6)], [(1, 0), (1, 5), (1, 6), (1, 7), (2, 3), (2, 4), (2, 6), (4, 3), (4, 5), (4, 6), (4, 7), (6, 5), (7, 3), (7, 6)]], [[(3, 0), (4, 0), (4, 2), (6, 1), (6, 2), (7, 2), (7, 4)], [(0, 3), (0, 4), (1, 6), (4, 2), (4, 7), (6, 2), (7, 2)], [(2, 4), (2, 6), (3, 0), (4, 0), (6, 1), (7, 2), (7, 4)], [(3, 0), (4, 0), (6, 1), (4, 2), (6, 2), (7, 2), (7, 4)], [(3, 0), (4, 0), (4, 2), (4, 7), (6, 1), (6, 2), (7, 2)]], [[(7, 1)], [(1, 7)], [(7, 1)], [(7, 1)], [(1, 7)]], [[(0, 3), (0, 5), (0, 6), (1, 2), (4, 6), (6, 1), (7, 2)], [(0, 3), (0, 5), (1, 2), (1, 6), (6, 0), (6, 4), (7, 2)], [(0, 3), (0, 5), (1, 2), (6, 0), (6, 1), (6, 4), (7, 2)], [(0, 3), (0, 5), (6, 0), (1, 2), (6, 1), (7, 2), (6, 4)], [(0, 3), (0, 5), (1, 2), (4, 6), (6, 0), (6, 1), (7, 2)]], [[(2, 5), (2, 7), (3, 1), (3, 5), (3, 7), (4, 0), (4, 7), (6, 1), (6, 4)], [(0, 4), (2, 3), (2, 5), (2, 7), (3, 1), (3, 5), (3, 7), (4, 6), (4, 7), (6, 1)], [(3, 1), (3, 5), (3, 7), (4, 0), (4, 6), (4, 7), (5, 2), (6, 1), (7, 2)], [(4, 0), (3, 1), (6, 1), (2, 5), (2, 7), (3, 5), (3, 7), (4, 6), (4, 7)], [(3, 1), (3, 5), (3, 7), (4, 0), (4, 6), (4, 7), (5, 2), (6, 1), (7, 2)]], [[(0, 7), (1, 6), (2, 6), (3, 6), (4, 7), (5, 2), (5, 3)], [(0, 7), (1, 6), (2, 6), (3, 5), (3, 6), (4, 7), (5, 2)], [(1, 6), (2, 5), (2, 6), (3, 5), (3, 6), (7, 0), (7, 4)], [(0, 7), (1, 6), (5, 2), (2, 6), (5, 3), (3, 6), (4, 7)], [(0, 7), (1, 6), (2, 6), (3, 5), (3, 6), (4, 7), (5, 2)]], [[(0, 1), (0, 2), (0, 4), (1, 6), (4, 6), (5, 3), (5, 4), (5, 6), (6, 3), (7, 0), (7, 2), (7, 4)], [(0, 1), (0, 2), (0, 4), (0, 7), (3, 4), (3, 5), (3, 6), (5, 4), (5, 6), (6, 1), (6, 4), (7, 2), (7, 4)], [(0, 2), (1, 0), (1, 4), (1, 5), (1, 6), (3, 4), (3, 5), (4, 0), (5, 0), (6, 3), (6, 4), (6, 5), (7, 0), (7, 1), (7, 2), (7, 4)], [(0, 1), (0, 2), (0, 4), (7, 0), (1, 6), (7, 2), (5, 3), (6, 3), (5, 4), (4, 6), (7, 4), (5, 6)], [(0, 1), (0, 4), (0, 7), (1, 4), (2, 0), (2, 7), (3, 4), (3, 6), (5, 1), (5, 3), (5, 6), (6, 1), (6, 4), (7, 4)]], [[(0, 1), (0, 5), (2, 3), (2, 4), (2, 5), (4, 3), (5, 3), (6, 3), (6, 5), (7, 2)], [(0, 1), (2, 1), (2, 3), (2, 4), (2, 7), (3, 5), (4, 3), (5, 0), (6, 3), (6, 5)], [(1, 0), (1, 2), (1, 4), (1, 5), (2, 0), (2, 5), (3, 0), (3, 1), (3, 2), (3, 4), (3, 5), (3, 6), (4, 2), (5, 0), (6, 2), (6, 5), (7, 2), (7, 3), (7, 4), (7, 5)], [(0, 1), (0, 5), (2, 3), (2, 4), (5, 2), (2, 7), (4, 3), (5, 3), (6, 3), (6, 5)], [(0, 1), (0, 3), (0, 4), (0, 5), (1, 2), (1, 3), (1, 4), (2, 3), (2, 5), (4, 2), (4, 3), (5, 3), (6, 3), (6, 5), (7, 2), (7, 3), (7, 4)]], [[(0, 2), (1, 3), (2, 3), (2, 7), (4, 1), (4, 7), (5, 0), (5, 7), (6, 3), (6, 5)], [(0, 2), (1, 3), (1, 4), (3, 2), (4, 7), (5, 0), (6, 3), (6, 5), (7, 2), (7, 5), (7, 6)], [(2, 0), (2, 3), (2, 7), (3, 1), (4, 1), (5, 0), (6, 1), (6, 3), (6, 5), (6, 7), (7, 0), (7, 4), (7, 5)], [(0, 2), (5, 0), (1, 3), (4, 1), (3, 2), (7, 2), (6, 3), (7, 4), (6, 5), (7, 5)], [(0, 2), (2, 3), (3, 1), (4, 1), (5, 0), (5, 2), (5, 6), (6, 1), (6, 3), (7, 2), (7, 4), (7, 5), (7, 6)]], [[(0, 3), (0, 6), (1, 5), (2, 0), (2, 5), (4, 1), (4, 3), (4, 5), (4, 6), (6, 3), (7, 2)], [(0, 3), (1, 4), (1, 5), (2, 0), (2, 5), (2, 7), (4, 3), (4, 5), (4, 6), (6, 0), (6, 3)], [(0, 3), (0, 6), (1, 5), (2, 0), (2, 5), (3, 4), (4, 1), (4, 5), (6, 3), (6, 4), (7, 2)], [(2, 0), (0, 3), (6, 0), (4, 1), (1, 5), (2, 5), (7, 2), (4, 3), (6, 3), (4, 5), (6, 4)], [(0, 3), (1, 5), (2, 0), (2, 5), (2, 7), (4, 1), (4, 3), (4, 5), (4, 6), (6, 0), (6, 3)]], [[(0, 1), (0, 2), (1, 3), (3, 7), (5, 3), (5, 4), (6, 7)], [(0, 1), (0, 2), (3, 1), (3, 7), (4, 5), (5, 3), (6, 7)], [(0, 1), (2, 0), (3, 1), (3, 5), (5, 4), (7, 3), (7, 6)], [(0, 1), (2, 0), (3, 1), (3, 5), (3, 7), (5, 4), (6, 7)], [(0, 1), (2, 0), (3, 1), (3, 6), (5, 3), (5, 4), (7, 3), (7, 6)]]]

