Number of nodes=8
Number of samples=10000
Cut of limit used=0.001
total_score_pc=-408207.4388656927
total_score_mmhc=-406940.8754962495
total_score_greedySP=-406179.61189623043
total_score_ske=-406219.55711249687
total_score_true=-403920.12058143463
shd dist pc to true=[7, 2, 0, 0, 0, 0, 0, 0, 0, 0, 0, 0, 3, 5, 0, 4, 0, 6, 3, 2, 6, 5, 9, 4, 4, 4, 5, 5, 0, 0, 3, 0, 4, 0, 4, 6, 0, 8, 0, 2, 0, 6, 5, 0, 1, 0, 0, 0, 0, 0, 5, 0, 0, 0, 5, 0, 4, 5, 1, 4, 4, 0, 6, 0, 0, 2, 4, 0, 0, 0, 0, 0, 0, 0, 0, 0, 4, 2, 3, 0, 7, 3, 4, 2, 0, 1, 1, 0, 3, 0, 6, 0, 0, 0, 1, 6, 2, 3, 6, 4]
shd dist mmhc to true=[0, 2, 1, 0, 0, 0, 2, 1, 0, 0, 2, 0, 3, 0, 0, 2, 2, 1, 2, 4, 11, 7, 5, 0, 5, 0, 0, 1, 3, 2, 3, 0, 0, 0, 7, 4, 4, 1, 0, 0, 0, 0, 7, 0, 4, 6, 0, 2, 1, 4, 3, 0, 0, 2, 4, 0, 5, 0, 0, 0, 2, 0, 1, 0, 0, 5, 0, 0, 0, 0, 0, 0, 1, 0, 0, 2, 6, 0, 3, 0, 0, 0, 4, 2, 0, 3, 3, 0, 0, 0, 4, 0, 0, 0, 4, 8, 0, 2, 7, 0]
shd dist greedySP to true=[7, 5, 0, 0, 0, 0, 2, 0, 4, 0, 5, 0, 2, 0, 0, 4, 0, 4, 2, 4, 6, 3, 7, 2, 2, 0, 2, 5, 0, 3, 0, 0, 5, 0, 0, 8, 2, 3, 0, 0, 5, 0, 5, 0, 7, 1, 2, 0, 0, 0, 0, 0, 2, 0, 8, 0, 0, 1, 0, 0, 2, 0, 9, 0, 0, 4, 4, 4, 5, 0, 0, 0, 0, 2, 0, 2, 6, 0, 2, 2, 0, 0, 5, 1, 0, 4, 0, 0, 0, 0, 4, 5, 0, 0, 6, 9, 2, 0, 8, 0]
shd dist ske to true=[9, 0, 0, 0, 0, 0, 0, 0, 0, 0, 0, 0, 3, 0, 0, 2, 0, 7, 2, 2, 10, 0, 9, 0, 0, 4, 0, 1, 0, 0, 1, 0, 0, 0, 4, 4, 0, 3, 0, 0, 0, 9, 7, 0, 4, 0, 0, 0, 0, 0, 0, 0, 0, 0, 4, 0, 0, 5, 0, 0, 0, 0, 1, 0, 0, 5, 5, 0, 0, 0, 0, 0, 0, 0, 0, 2, 6, 0, 3, 0, 0, 0, 1, 2, 0, 3, 0, 0, 0, 0, 4, 0, 0, 0, 5, 5, 0, 0, 8, 0]

score_vector_pc=[-4097.931039243064, -4081.4155576847234, -4021.9366237011905, -3959.2812676667063, -4071.674195615339, -4022.9091198652945, -4114.797867582675, -3981.808417763769, -4115.3347802429535, -4098.865287620494, -4065.9685961202604, -4030.810427014053, -4068.422880542413, -4047.306065197641, -4091.775165733818, -4097.187424683262, -4017.726631599712, -4201.031306379151, -4086.0821156830943, -4056.3606182772487, -4002.678234081585, -4073.2574537038604, -4079.9029513472733, -4106.824737287569, -4132.999895439169, -3977.3200374989788, -4118.112240861924, -4268.86654183568, -4142.692414641653, -4003.341180866271, -4036.814383946394, -4101.797576838755, -3996.835473754285, -4071.4144460089974, -4181.074506476564, -4210.687673908366, -4016.2177269376257, -4367.551928311053, -3973.3394784908355, -4051.3799381925537, -3998.8973429135267, -4088.6413949596986, -4194.067068856043, -3971.8409857319966, -4172.916395991454, -3971.833272270117, -3928.5235539635114, -3908.4646036368367, -4044.675094218046, -3975.9989019744694, -4091.24943755295, -4057.640201969357, -3976.004353273822, -4124.00714058922, -3947.3566627350247, -4040.3605276158755, -3950.7257509489677, -4283.176433865293, -4112.2296162724815, -4114.82784031149, -4169.860339820776, -4092.7965668279476, -4211.236246357011, -4088.7523227564516, -4072.572913571397, -4300.308352331748, -4103.588630931768, -4109.308145652245, -4067.583961552073, -4131.103969908963, -4164.143506640637, -4108.7831598497205, -4065.2962560125197, -3950.24199764569, -3986.7105182974956, -4054.5455624194956, -4057.5209041393687, -4048.13473425902, -4180.52903828064, -4057.1743024812076, -4177.030024048087, -4097.089346307824, -4162.029011121373, -4207.38531294935, -3963.8435250989096, -4047.951130009157, -4113.035435333534, -4125.984915939563, -4196.207277421884, -3997.7367601279443, -3992.601531687892, -3966.508769934544, -4014.569675361953, -3981.280721416155, -4103.234445357488, -4386.632008926708, -4085.6574158358085, -4062.982393516954, -4310.756496584628, -3999.5604506801837]

score_vector_mmhc=[-3996.8418119251887, -4081.4155576847234, -4020.1320701684717, -3959.2812676667068, -4071.6741956153396, -4022.9091198652955, -4153.915104554435, -3980.7570907000427, -4115.3347802429535, -4098.865287620494, -4072.9760834725207, -4030.810427014054, -4068.422880542413, -4020.588564984606, -4091.7751657338185, -4013.244625875769, -4016.975351779263, -4014.544727672176, -4079.8402279606826, -4295.340966910008, -3976.654122564363, -4064.147558363237, -4050.515798391454, -4078.6745886523618, -4126.875434206148, -3957.17700992752, -4113.719078939502, -4070.887615333928, -4170.876058494317, -4002.30264056277, -4099.919680564282, -4101.797576838755, -3994.5147788833574, -4071.414446008997, -4196.4932950747025, -4164.822605181504, -4070.5018878334463, -4261.345287985518, -3973.3394784908355, -4037.6705875671614, -3998.8973429135267, -3971.834952255921, -4152.870358059428, -3971.8409857319975, -4100.0388344543135, -4074.6770917255135, -3928.5235539635114, -3993.381468242782, -4043.920858775277, -4002.862278479778, -4082.516678444087, -4057.640201969357, -3976.004353273822, -4223.058427695003, -3917.239967264122, -4040.3605276158755, -3968.8695005110285, -4093.1154728837937, -4061.241760824382, -4111.9616920858425, -4227.903941260272, -4092.796566827947, -4143.804581453355, -4088.7523227564516, -4072.5729135713964, -4209.557580212049, -3995.3023770032196, -4109.308145652245, -4067.583961552074, -4131.103969908963, -4164.1435066406375, -4108.7831598497205, -4064.8992057646706, -3950.24199764569, -3986.7105182974956, -4053.656598258041, -3962.631584125698, -4045.117125314951, -4095.4727110214403, -4057.1743024812076, -4161.179774288383, -4090.5195221766485, -4162.029011121373, -4207.38531294935, -3963.8435250989096, -4019.3752309072006, -4033.2771040670495, -4125.9849159395635, -4053.660183976232, -3997.7367601279443, -3966.2218121604437, -3966.5087699345436, -4014.569675361953, -3981.2807214161553, -4181.3476442650335, -4497.600254429111, -4036.2905778089907, -4025.7592440603803, -4297.9637672644885, -3970.673474275588]

score_vector_greedySP=[-4076.2818858160103, -4072.907618356218, -4021.9366237011905, -3959.2812676667063, -4071.674195615339, -4022.9091198652945, -4153.915104554434, -3981.808417763769, -4281.0091912982525, -4098.865287620494, -4068.9491514793744, -4030.810427014053, -4019.502087545493, -4020.5885649846064, -4091.775165733818, -4017.4685441252586, -4017.726631599712, -4016.0812281586213, -4079.8402279606826, -4309.850477480095, -3984.737263776728, -4064.056732513847, -3969.96104934436, -4101.745122425117, -4130.878640344526, -3957.1770099275204, -4117.828132477843, -4021.066094587424, -4142.692414641653, -4009.6180681976466, -3999.8755570840012, -4101.797576838755, -4042.263703755354, -4071.4144460089974, -4147.569173584774, -4090.253004336707, -4045.804580620497, -4203.076470246977, -3973.3394784908355, -4037.670587567162, -4032.848156301824, -3971.8349522559206, -3965.0661035367684, -3971.8409857319966, -4113.963067116442, -4006.60536979039, -4064.3920137050327, -3908.4646036368367, -4044.675094218046, -3975.9989019744694, -4013.5322856152284, -4057.640201969357, -3983.0621804381562, -4124.00714058922, -3926.7180771485164, -4040.3605276158755, -3945.5366530760652, -4109.676777782197, -4061.241760824382, -4111.9616920858425, -4227.903941260272, -4092.7965668279476, -4104.8921986267, -4088.7523227564516, -4072.572913571397, -4190.520099828866, -4231.940667380308, -4166.3233032558755, -4075.3169799569237, -4131.103969908963, -4164.143506640637, -4108.7831598497205, -4065.2962560125197, -3983.1291062474884, -3986.7105182974956, -4053.6565982580405, -3972.2359927331213, -4045.1171253149514, -4111.749347408667, -4081.935895556321, -4161.179774288382, -4090.5195221766485, -4051.64019495597, -4034.1648636441746, -3963.8435250989096, -4088.6879344653225, -4023.1348829928343, -4125.984915939563, -4053.6601839762316, -3997.7367601279443, -3966.221812160443, -3991.476769909929, -4014.569675361953, -3981.280721416155, -4038.5723198987826, -4207.672754025198, -4058.220712964547, -4026.572448080408, -4323.485310256085, -3970.6734742755875]

score_vector_ske=[-4094.7765665399634, -4024.8783449293524, -4021.9366237011905, -3959.2812676667063, -4071.674195615339, -4022.9091198652945, -4114.797867582675, -3981.808417763769, -4115.3347802429535, -4098.865287620494, -4065.9685961202604, -4030.810427014053, -4068.422880542413, -4020.5885649846064, -4091.775165733818, -4013.244625875768, -4017.726631599712, -4147.335087197991, -4079.8402279606826, -4056.3606182772487, -3977.026833429242, -4056.5533531914275, -4079.9029513472733, -4078.6745886523618, -4093.5899711772886, -3977.3200374989788, -4113.719078939502, -4070.887615333928, -4142.692414641653, -4003.341180866271, -4031.3576182026072, -4101.797576838755, -3994.514778883357, -4071.4144460089974, -4181.074506476564, -4122.287465748357, -4016.2177269376257, -4203.076470246977, -3973.3394784908355, -4037.670587567162, -3998.8973429135267, -4056.1335965271956, -4165.933795087266, -3971.8409857319966, -4100.0388344543135, -3971.833272270117, -3928.5235539635114, -3908.4646036368367, -4044.675094218046, -3975.9989019744694, -4013.5322856152284, -4057.640201969357, -3976.004353273822, -4124.00714058922, -3917.2399672641213, -4040.3605276158755, -3945.5366530760652, -4283.176433865293, -4061.241760824382, -4111.9616920858425, -4154.4616383010325, -4092.7965668279476, -4143.804581453355, -4088.7523227564516, -4072.572913571397, -4209.557580212049, -4082.2854897170355, -4109.308145652245, -4067.583961552073, -4131.103969908963, -4164.143506640637, -4108.7831598497205, -4065.2962560125197, -3950.24199764569, -3986.7105182974956, -4053.6565982580405, -4076.4938321489194, -4045.1171253149514, -4095.4727110214403, -4057.1743024812076, -4161.179774288382, -4090.5195221766485, -4114.280784786422, -4207.38531294935, -3963.8435250989096, -4019.3752309071997, -4023.1348829928343, -4125.984915939563, -4053.6601839762316, -3997.7367601279443, -3968.473314711632, -3966.508769934544, -4014.569675361953, -3981.280721416155, -4083.906951901952, -4297.022384645244, -4036.2905778089907, -4026.572448080408, -4284.005749223781, -3970.6734742755875]

score_vector_true=[-3996.8418119251887, -4024.8783449293524, -4021.9366237011905, -3959.2812676667063, -4071.674195615339, -4022.9091198652945, -4114.797867582674, -3981.8084177637684, -4115.3347802429535, -4098.865287620494, -4065.96859612026, -4030.810427014054, -3965.457895235387, -4020.588564984606, -4091.775165733818, -4012.293986764588, -4017.7266315997126, -4012.1692576723303, -4079.9331815736177, -4018.03469310913, -3957.878228519413, -4056.5533531914275, -3969.2937376749924, -4078.6745886523618, -4093.589971177288, -3957.1770099275204, -4113.719078939502, -4016.9591094487914, -4142.692414641653, -4003.341180866271, -3999.875557084001, -4101.797576838755, -3994.5147788833574, -4071.4144460089974, -4147.569173584774, -4091.6298751785025, -4016.2177269376252, -4202.30689540476, -3973.3394784908355, -4037.670587567163, -3998.8973429135267, -3971.834952255921, -3951.645835965617, -3971.8409857319975, -4071.256547730959, -3971.833272270117, -3928.5235539635114, -3908.4646036368376, -4044.675094218046, -3975.99890197447, -4013.532285615229, -4057.640201969357, -3976.004353273822, -4124.0071405892195, -3897.8536088693595, -4040.3605276158755, -3945.536653076065, -4093.1154728837937, -4061.241760824382, -4111.9616920858425, -4154.4616383010325, -4092.7965668279467, -4099.06922549702, -4088.7523227564516, -4072.5729135713964, -4061.327193887449, -3995.3023770032196, -4109.308145652245, -4067.583961552073, -4131.103969908963, -4164.1435066406375, -4108.7831598497205, -4065.2962560125193, -3950.24199764569, -3986.710518297495, -4054.5455624194956, -3936.0777547376306, -4045.117125314951, -4009.6784936106183, -4057.1743024812076, -4161.179774288383, -4090.5195221766494, -4050.5691105643778, -4033.163094658133, -3963.8435250989096, -4009.6429227151984, -4023.1348829928343, -4125.984915939563, -4053.6601839762316, -3997.7367601279443, -3967.4078603237795, -3966.508769934544, -4014.569675361953, -3981.2807214161553, -4038.999131510163, -4149.290686868724, -4036.2905778089907, -4026.5724480804074, -4143.519878145834, -3970.673474275587]
step_vector_greedySP=[]

step_vector_ske=[2, 2, 0, 0, 1, 1, 1, 0, 2, 2, 2, 1, 2, 1, 0, 3, 0, 2, 1, 1, 3, 3, 2, 2, 1, 2, 1, 3, 2, 2, 1, 0, 3, 0, 5, 3, 1, 5, 0, 0, 2, 1, 3, 1, 2, 2, 1, 3, 0, 1, 1, 0, 2, 1, 1, 1, 1, 2, 1, 0, 1, 1, 4, 1, 0, 3, 2, 2, 1, 0, 0, 3, 1, 2, 0, 0, 3, 2, 2, 1, 0, 1, 2, 1, 2, 3, 1, 0, 3, 1, 2, 2, 1, 0, 4, 3, 2, 0, 5, 0]

skeleton_result_vector=[0, 1, 1, 1, 1, 1, 1, 1, 1, 1, 1, 1, 0, 1, 1, 0, 1, 0, 1, 0, 0, 1, 0, 1, 1, 0, 1, 0, 1, 1, 0, 1, 1, 1, 0, 0, 1, 0, 1, 1, 1, 1, 0, 1, 0, 1, 1, 1, 1, 1, 1, 1, 1, 1, 0, 1, 1, 0, 1, 1, 1, 1, 0, 1, 1, 1, 0, 1, 1, 1, 1, 1, 1, 1, 1, 1, 0, 1, 0, 1, 1, 1, 0, 0, 1, 0, 1, 1, 1, 1, 0, 1, 1, 1, 0, 0, 1, 1, 0, 1]

return_dags_vector=[['pc', 'mmhc', 'greedySP', 'ske', 'true'], [[(0, 4), (1, 0), (1, 2), (1, 6), (2, 5), (5, 7), (6, 7), (7, 3)], [(0, 1), (0, 4), (1, 2), (1, 6), (2, 5), (3, 7), (7, 2), (7, 5), (7, 6)], [(0, 4), (1, 0), (1, 2), (5, 1), (5, 2), (6, 1), (7, 2), (7, 3), (7, 5), (7, 6)], [(1, 0), (0, 4), (2, 1), (6, 1), (5, 2), (7, 3), (5, 7), (6, 7)], [(0, 1), (0, 4), (1, 2), (1, 6), (2, 5), (3, 7), (7, 2), (7, 5), (7, 6)]], [[(0, 6), (0, 7), (1, 2), (2, 7), (3, 7), (4, 7), (5, 0), (5, 1)], [(0, 6), (0, 7), (1, 2), (1, 5), (2, 7), (3, 7), (4, 7), (5, 0)], [(0, 4), (0, 5), (0, 6), (0, 7), (2, 1), (2, 4), (2, 7), (3, 4), (5, 1), (7, 3), (7, 4)], [(0, 5), (0, 6), (0, 7), (2, 1), (5, 1), (2, 7), (3, 7), (4, 7)], [(0, 5), (0, 6), (0, 7), (2, 1), (2, 7), (3, 7), (4, 7), (5, 1)]], [[(5, 0)], [(0, 5), (5, 6)], [(5, 0)], [(5, 0)], [(0, 5)]], [[(2, 1), (4, 2), (6, 3), (7, 5)], [(1, 2), (2, 4), (3, 6), (5, 7)], [(2, 1), (4, 2), (6, 3), (7, 5)], [(2, 1), (4, 2), (6, 3), (7, 5)], [(2, 1), (3, 6), (4, 2), (7, 5)]], [[(0, 4), (0, 6), (1, 3), (2, 7), (5, 0), (5, 7), (6, 1)], [(0, 4), (0, 5), (1, 3), (1, 6), (2, 7), (5, 7), (6, 0)], [(0, 4), (0, 6), (1, 3), (2, 7), (5, 0), (5, 7), (6, 1)], [(0, 4), (5, 0), (0, 6), (1, 3), (6, 1), (2, 7), (5, 7)], [(0, 4), (0, 5), (0, 6), (1, 3), (2, 7), (5, 7), (6, 1)]], [[(0, 5), (3, 2), (6, 5), (7, 3)], [(0, 5), (2, 3), (3, 7), (6, 5)], [(0, 5), (3, 2), (6, 5), (7, 3)], [(0, 5), (3, 2), (7, 3), (6, 5)], [(0, 5), (3, 2), (6, 5), (7, 3)]], [[(1, 0), (2, 0), (3, 2), (5, 1), (7, 3)], [(0, 1), (0, 2), (1, 5), (2, 3), (3, 7)], [(0, 1), (1, 5), (2, 0), (3, 2), (7, 3)], [(1, 0), (2, 0), (5, 1), (3, 2), (7, 3)], [(1, 0), (1, 5), (2, 0), (3, 2), (3, 7)]], [[(7, 5)], [(0, 6), (5, 7)], [(7, 5)], [(7, 5)], [(5, 7)]], [[(0, 4), (1, 3), (2, 4), (4, 3)], [(0, 4), (1, 3), (2, 4), (4, 3)], [(3, 1), (4, 0), (4, 2), (4, 3)], [(0, 4), (1, 3), (2, 4), (4, 3)], [(0, 4), (1, 3), (2, 4), (4, 3)]], [[(2, 3), (4, 3), (5, 3), (6, 1), (7, 5)], [(1, 6), (2, 3), (4, 3), (5, 3), (5, 7)], [(2, 3), (4, 3), (5, 3), (6, 1), (7, 5)], [(6, 1), (2, 3), (4, 3), (5, 3), (7, 5)], [(2, 3), (4, 3), (5, 3), (6, 1), (7, 5)]], [[(1, 5), (2, 0), (2, 3), (5, 4), (6, 5), (7, 2), (7, 4)], [(0, 2), (2, 3), (2, 7), (5, 1), (5, 4), (5, 6), (7, 4)], [(1, 5), (2, 0), (2, 3), (5, 4), (5, 7), (6, 5), (7, 2), (7, 4)], [(2, 0), (1, 5), (2, 3), (7, 2), (5, 4), (7, 4), (6, 5)], [(1, 5), (2, 0), (2, 3), (2, 7), (5, 4), (6, 5), (7, 4)]], [[(0, 2), (3, 0), (6, 2)], [(0, 2), (0, 3), (6, 2)], [(0, 2), (3, 0), (6, 2)], [(0, 2), (3, 0), (6, 2)], [(0, 2), (0, 3), (6, 2)]], [[(1, 4), (1, 6), (3, 7), (5, 2), (5, 6), (6, 7)], [(1, 4), (1, 6), (2, 5), (3, 7), (5, 6), (6, 7)], [(1, 4), (1, 6), (3, 6), (5, 2), (6, 5), (7, 3), (7, 6)], [(1, 4), (1, 6), (5, 2), (3, 7), (5, 6), (6, 7)], [(1, 6), (3, 6), (3, 7), (4, 1), (5, 2), (5, 6), (7, 6)]], [[(2, 0), (2, 7), (4, 6), (6, 7), (7, 0)], [(0, 2), (0, 7), (2, 7), (4, 6), (7, 6)], [(2, 0), (4, 6), (7, 0), (7, 2), (7, 6)], [(2, 0), (7, 0), (7, 2), (4, 6), (7, 6)], [(2, 0), (2, 7), (4, 6), (7, 0), (7, 6)]], [[(0, 6), (2, 1), (4, 3), (6, 5), (7, 0)], [(0, 7), (1, 2), (3, 4), (5, 6), (6, 0)], [(0, 6), (2, 1), (4, 3), (6, 5), (7, 0)], [(0, 6), (7, 0), (2, 1), (4, 3), (6, 5)], [(0, 6), (0, 7), (1, 2), (3, 4), (6, 5)]], [[(0, 1), (2, 6), (3, 5), (4, 5), (5, 1), (5, 6), (6, 1)], [(0, 1), (2, 6), (4, 5), (5, 1), (5, 3), (5, 6), (6, 1)], [(1, 0), (2, 6), (5, 0), (5, 1), (5, 3), (5, 4), (5, 6), (6, 1)], [(0, 1), (5, 1), (6, 1), (2, 6), (5, 3), (5, 4), (5, 6)], [(0, 1), (1, 6), (2, 1), (2, 6), (3, 5), (5, 1), (5, 4), (5, 6)]], [[(1, 2), (1, 3), (5, 1), (6, 0), (7, 4)], [(0, 6), (1, 2), (1, 3), (1, 5), (4, 7), (7, 6)], [(1, 2), (1, 3), (5, 1), (6, 0), (7, 4)], [(6, 0), (1, 2), (1, 3), (5, 1), (7, 4)], [(1, 2), (1, 5), (3, 1), (6, 0), (7, 4)]], [[(0, 4), (1, 3), (1, 7), (3, 4), (6, 1), (7, 3)], [(0, 4), (1, 3), (1, 6), (1, 7), (4, 3), (6, 3), (7, 3)], [(1, 3), (1, 7), (3, 7), (4, 0), (4, 3), (4, 7), (6, 1), (6, 3)], [(4, 0), (3, 1), (6, 1), (1, 7), (3, 4), (3, 7)], [(0, 4), (1, 3), (4, 3), (6, 1), (6, 3), (6, 7), (7, 1), (7, 3)]], [[(0, 2), (0, 4), (1, 4), (5, 1), (6, 5), (7, 2)], [(0, 2), (0, 4), (1, 5), (4, 1), (5, 6), (7, 2)], [(0, 2), (1, 4), (4, 0), (5, 1), (6, 5), (7, 2)], [(0, 2), (4, 0), (1, 4), (5, 1), (7, 2), (6, 5)], [(0, 2), (4, 0), (4, 1), (5, 1), (5, 6), (7, 2)]], [[(2, 6), (3, 0), (4, 0), (4, 1), (6, 3), (7, 2)], [(0, 3), (0, 4), (2, 7), (3, 5), (3, 6), (4, 1), (6, 2)], [(0, 4), (2, 6), (3, 0), (4, 1), (6, 3), (7, 2)], [(3, 0), (4, 0), (4, 1), (2, 6), (7, 2), (6, 3)], [(2, 6), (2, 7), (3, 0), (4, 0), (4, 1), (5, 3), (6, 3)]], [[(0, 2), (0, 3), (1, 0), (2, 5), (4, 2), (4, 3), (6, 0), (6, 5)], [(0, 1), (0, 6), (2, 0), (2, 4), (2, 5), (3, 0), (3, 5), (4, 3), (6, 5)], [(0, 1), (0, 3), (2, 0), (2, 3), (2, 4), (2, 5), (3, 4), (6, 0), (6, 1), (6, 5)], [(0, 1), (2, 0), (3, 0), (0, 6), (4, 2), (2, 5), (4, 3), (6, 5)], [(0, 2), (0, 3), (1, 0), (2, 3), (2, 4), (3, 4), (5, 2), (5, 6), (6, 0), (6, 2)]], [[(0, 5), (0, 6), (1, 4), (2, 0), (2, 1), (2, 3), (3, 0), (3, 6), (4, 5), (4, 6)], [(0, 3), (0, 5), (0, 6), (1, 2), (1, 4), (2, 0), (2, 3), (3, 6), (4, 5), (6, 4)], [(0, 2), (0, 5), (0, 6), (2, 1), (3, 0), (3, 2), (3, 6), (4, 1), (4, 5), (4, 6)], [(2, 0), (3, 0), (0, 5), (6, 0), (2, 1), (4, 1), (3, 2), (3, 6), (4, 5), (4, 6)], [(0, 5), (2, 0), (2, 1), (3, 0), (3, 2), (3, 6), (4, 1), (4, 5), (4, 6), (6, 0)]], [[(0, 7), (2, 0), (2, 4), (5, 0), (5, 7), (7, 4)], [(0, 2), (0, 5), (0, 7), (2, 4), (2, 5), (7, 5)], [(2, 0), (2, 4), (2, 7), (5, 0), (5, 4), (5, 7), (7, 0)], [(2, 0), (5, 0), (0, 7), (2, 4), (7, 4), (5, 7)], [(0, 2), (0, 5), (0, 7), (2, 4), (2, 5), (2, 7), (5, 4), (5, 7)]], [[(1, 4), (1, 7), (2, 5), (4, 5), (5, 0), (6, 7)], [(0, 5), (1, 4), (1, 7), (5, 2), (5, 4), (6, 7)], [(1, 4), (1, 7), (4, 5), (5, 0), (5, 2), (6, 7)], [(5, 0), (1, 4), (1, 7), (5, 2), (5, 4), (6, 7)], [(1, 4), (1, 7), (2, 5), (5, 0), (5, 4), (6, 7)]], [[(0, 2), (1, 2), (1, 4), (5, 0), (6, 3), (7, 4)], [(0, 5), (1, 2), (1, 4), (2, 0), (3, 6), (4, 7), (7, 2)], [(0, 5), (1, 2), (2, 0), (4, 1), (6, 3), (7, 4)], [(0, 2), (5, 0), (2, 1), (4, 1), (6, 3), (7, 4)], [(0, 5), (2, 0), (2, 1), (4, 1), (6, 3), (7, 4)]], [[(1, 2), (2, 4), (3, 0), (7, 4)], [(0, 3), (1, 2), (4, 2), (4, 7), (7, 2)], [(1, 2), (3, 0), (4, 2), (7, 2), (7, 4)], [(3, 0), (2, 1), (2, 4), (7, 4)], [(1, 2), (3, 0), (4, 2), (7, 2), (7, 4)]], [[(0, 2), (1, 5), (2, 5), (4, 7), (5, 4)], [(0, 2), (4, 5), (4, 7), (5, 1), (5, 2)], [(2, 0), (4, 5), (5, 1), (5, 2), (7, 4)], [(0, 2), (5, 1), (5, 2), (4, 5), (7, 4)], [(0, 2), (4, 7), (5, 1), (5, 2), (5, 4)]], [[(0, 7), (1, 7), (2, 0), (2, 5), (3, 5), (3, 7), (4, 2), (6, 3), (6, 7)], [(1, 7), (2, 0), (2, 4), (2, 5), (3, 5), (3, 6), (3, 7), (7, 0), (7, 6)], [(2, 0), (2, 3), (2, 4), (2, 5), (3, 0), (3, 1), (3, 5), (3, 6), (7, 0), (7, 1), (7, 3), (7, 6)], [(2, 0), (7, 0), (1, 7), (2, 4), (2, 5), (3, 5), (3, 6), (3, 7), (7, 6)], [(1, 7), (2, 0), (2, 5), (3, 0), (3, 5), (3, 6), (3, 7), (4, 2), (7, 0), (7, 6)]], [[(3, 1), (4, 0), (5, 1), (5, 3), (6, 0), (7, 0), (7, 6)], [(0, 4), (0, 6), (0, 7), (1, 3), (1, 5), (3, 5), (6, 7)], [(3, 1), (4, 0), (5, 1), (5, 3), (6, 0), (7, 0), (7, 6)], [(4, 0), (6, 0), (7, 0), (3, 1), (5, 1), (5, 3), (7, 6)], [(1, 3), (1, 5), (4, 0), (5, 3), (6, 0), (7, 0), (7, 6)]], [[(0, 7), (3, 7), (4, 2), (4, 7), (5, 1)], [(0, 7), (1, 5), (2, 4), (3, 4), (3, 7), (4, 7)], [(3, 0), (3, 7), (4, 0), (4, 2), (4, 7), (5, 1), (7, 0)], [(0, 7), (5, 1), (4, 2), (3, 7), (4, 7)], [(0, 7), (1, 5), (3, 7), (4, 2), (4, 7)]], [[(3, 1), (3, 2), (3, 7), (4, 1), (5, 2), (5, 3), (6, 7)], [(1, 3), (1, 4), (3, 2), (3, 5), (3, 7), (5, 2), (7, 6)], [(3, 1), (3, 2), (3, 5), (4, 1), (5, 2), (7, 3), (7, 4), (7, 6)], [(3, 1), (4, 1), (3, 2), (5, 2), (3, 5), (7, 3), (7, 6)], [(2, 5), (3, 1), (3, 2), (3, 5), (3, 7), (4, 1), (7, 4), (7, 6)]], [[(2, 1), (5, 3), (6, 0), (7, 0), (7, 6)], [(0, 6), (0, 7), (1, 2), (3, 5), (7, 6)], [(2, 1), (5, 3), (6, 0), (7, 0), (7, 6)], [(6, 0), (7, 0), (2, 1), (5, 3), (7, 6)], [(0, 6), (0, 7), (2, 1), (3, 5), (6, 7)]], [[(0, 5), (1, 3), (1, 4), (2, 0), (2, 3), (3, 6), (6, 5), (6, 7), (7, 5)], [(0, 2), (0, 5), (1, 4), (2, 3), (3, 1), (3, 6), (6, 5), (6, 7), (7, 5)], [(0, 2), (0, 5), (0, 6), (1, 4), (3, 1), (3, 2), (3, 6), (6, 5), (6, 7), (7, 5)], [(2, 0), (0, 5), (3, 1), (1, 4), (3, 2), (6, 3), (6, 5), (7, 5), (7, 6)], [(0, 5), (1, 4), (2, 0), (3, 1), (3, 2), (3, 6), (6, 5), (6, 7), (7, 5)]], [[(1, 5), (2, 6), (7, 1), (7, 2), (7, 4)], [(1, 5), (2, 6), (2, 7), (7, 1), (7, 4)], [(1, 5), (2, 6), (7, 1), (7, 2), (7, 4)], [(1, 5), (7, 1), (2, 6), (7, 2), (7, 4)], [(1, 5), (2, 6), (7, 1), (7, 2), (7, 4)]], [[(0, 3), (3, 1), (3, 2), (4, 0), (5, 1), (6, 4), (7, 2), (7, 5), (7, 6)], [(0, 4), (1, 3), (1, 5), (3, 0), (3, 2), (3, 4), (4, 6), (6, 7), (7, 2), (7, 5)], [(3, 0), (3, 1), (3, 2), (3, 4), (4, 0), (5, 1), (6, 4), (7, 2), (7, 5), (7, 6)], [(0, 3), (4, 0), (3, 1), (5, 1), (3, 2), (7, 2), (6, 4), (7, 5), (7, 6)], [(3, 0), (3, 1), (3, 2), (3, 4), (4, 0), (5, 1), (6, 4), (7, 2), (7, 5), (7, 6)]], [[(0, 5), (3, 0), (3, 2), (7, 2), (7, 5)], [(0, 3), (0, 5), (3, 2), (5, 7), (7, 2)], [(3, 0), (3, 2), (3, 7), (5, 0), (5, 7), (7, 2)], [(3, 0), (5, 0), (2, 3), (7, 2), (7, 5)], [(2, 3), (2, 5), (2, 7), (3, 0), (5, 0), (5, 3), (5, 7)]], [[(1, 3), (3, 0), (6, 1), (6, 2), (7, 2)], [(0, 3), (2, 6), (2, 7), (3, 1), (6, 1)], [(1, 3), (2, 6), (3, 0), (6, 1), (7, 2)], [(3, 0), (1, 3), (6, 1), (6, 2), (7, 2)], [(1, 3), (1, 6), (3, 0), (6, 2), (7, 2)]], [[(0, 7), (1, 5), (1, 7), (2, 0), (2, 5), (3, 4), (3, 7), (4, 2), (4, 5)], [(0, 2), (0, 7), (2, 4), (2, 5), (4, 3), (4, 5), (5, 1), (7, 1), (7, 3)], [(2, 0), (4, 2), (4, 3), (5, 1), (5, 2), (5, 4), (7, 0), (7, 1), (7, 3)], [(2, 0), (7, 0), (5, 1), (7, 1), (4, 2), (5, 2), (4, 3), (7, 3), (5, 4)], [(0, 7), (2, 0), (2, 4), (2, 5), (2, 7), (4, 3), (4, 5), (5, 1), (7, 1), (7, 3)]], [[(4, 1), (5, 3), (7, 4)], [(1, 4), (3, 5), (4, 7)], [(4, 1), (5, 3), (7, 4)], [(4, 1), (5, 3), (7, 4)], [(3, 5), (4, 1), (4, 7)]], [[(1, 4), (1, 6), (7, 3), (7, 6)], [(1, 4), (3, 7), (6, 1), (7, 6)], [(1, 4), (6, 1), (7, 3), (7, 6)], [(1, 4), (6, 1), (7, 3), (7, 6)], [(1, 4), (1, 6), (6, 7), (7, 3)]], [[(0, 5), (0, 7), (2, 7), (3, 1), (3, 2), (3, 6), (3, 7), (4, 1), (4, 5), (5, 7)], [(0, 5), (0, 7), (2, 3), (2, 7), (3, 1), (3, 6), (3, 7), (4, 1), (4, 5), (5, 7)], [(0, 7), (3, 1), (3, 2), (3, 6), (3, 7), (4, 1), (5, 0), (5, 2), (5, 4), (5, 7), (7, 2)], [(0, 5), (0, 7), (3, 1), (4, 1), (3, 2), (2, 7), (3, 6), (3, 7), (4, 5), (5, 7)], [(0, 5), (0, 7), (2, 3), (2, 7), (3, 1), (3, 6), (3, 7), (4, 1), (4, 5), (5, 7)]], [[(0, 1), (1, 3), (1, 6), (4, 0), (4, 6), (5, 0), (5, 4), (7, 0), (7, 4)], [(0, 1), (0, 5), (1, 3), (4, 0), (4, 5), (4, 6), (4, 7), (6, 1), (7, 0)], [(0, 1), (0, 5), (1, 3), (4, 0), (4, 5), (4, 6), (6, 1), (7, 0), (7, 4)], [(1, 0), (4, 0), (0, 5), (0, 7), (1, 3), (1, 6), (4, 5), (4, 6), (4, 7)], [(0, 1), (0, 5), (0, 7), (1, 3), (4, 0), (4, 5), (4, 6), (4, 7), (6, 1)]], [[(1, 5), (4, 3), (4, 5), (6, 2), (6, 3), (7, 1), (7, 3)], [(1, 5), (1, 7), (3, 4), (4, 0), (4, 5), (6, 2), (6, 3), (7, 3)], [(3, 6), (4, 1), (4, 3), (5, 1), (5, 4), (6, 2), (7, 1), (7, 3), (7, 5), (7, 6)], [(1, 5), (7, 1), (6, 2), (4, 3), (3, 6), (7, 3), (4, 5)], [(4, 1), (4, 3), (4, 6), (5, 1), (5, 4), (6, 2), (6, 3), (7, 1), (7, 3)]], [[(0, 4), (3, 2), (5, 0), (5, 3), (6, 4), (7, 5)], [(0, 4), (2, 3), (3, 5), (5, 0), (5, 7), (6, 4)], [(0, 4), (3, 2), (5, 0), (5, 3), (6, 4), (7, 5)], [(0, 4), (5, 0), (3, 2), (5, 3), (6, 4), (7, 5)], [(0, 4), (2, 3), (3, 5), (5, 0), (5, 7), (6, 4)]], [[(0, 1), (0, 5), (1, 6), (2, 6), (4, 5)], [(0, 1), (0, 5), (2, 6), (4, 5), (6, 1)], [(0, 1), (1, 2), (5, 0), (5, 4), (6, 1), (6, 2)], [(0, 1), (0, 5), (6, 1), (6, 2), (4, 5)], [(0, 1), (0, 5), (0, 6), (1, 6), (2, 6), (4, 5)]], [[(2, 0), (2, 6), (3, 4), (3, 6), (4, 1), (6, 5), (7, 5)], [(0, 7), (1, 4), (2, 0), (4, 3), (5, 6), (5, 7), (6, 2), (6, 3)], [(2, 0), (2, 6), (3, 4), (3, 6), (4, 1), (5, 7), (6, 5)], [(2, 0), (4, 1), (2, 6), (3, 4), (3, 6), (6, 5), (7, 5)], [(0, 2), (2, 6), (3, 4), (3, 6), (4, 1), (6, 5), (7, 5)]], [[(1, 5), (2, 3), (2, 4), (2, 5), (7, 0), (7, 6)], [(0, 7), (1, 5), (2, 3), (2, 4), (2, 5), (7, 6)], [(2, 3), (2, 4), (5, 1), (5, 2), (7, 0), (7, 6)], [(7, 0), (1, 5), (2, 3), (2, 4), (2, 5), (7, 6)], [(1, 5), (2, 3), (2, 4), (2, 5), (6, 7), (7, 0)]], [[(1, 6), (2, 5), (2, 6), (4, 6), (5, 0), (7, 0)], [(0, 5), (0, 7), (1, 6), (2, 6), (4, 6), (5, 2)], [(1, 6), (2, 5), (2, 6), (4, 6), (5, 0), (7, 0)], [(5, 0), (7, 0), (1, 6), (2, 5), (2, 6), (4, 6)], [(1, 6), (2, 6), (4, 6), (5, 0), (5, 2), (7, 0)]], [[], [(2, 6)], [], [], []], [[(0, 6), (2, 0), (2, 4), (3, 1), (5, 0), (7, 2)], [(0, 2), (0, 5), (0, 6), (0, 7), (1, 3), (2, 4), (2, 7)], [(0, 6), (2, 0), (2, 4), (3, 1), (5, 0), (7, 2)], [(2, 0), (5, 0), (0, 6), (3, 1), (2, 4), (7, 2)], [(0, 6), (1, 3), (2, 0), (2, 4), (2, 7), (5, 0)]], [[(0, 5), (3, 4), (4, 1), (4, 5), (5, 6), (7, 3)], [(1, 4), (3, 7), (4, 3), (4, 5), (5, 0), (5, 6)], [(3, 4), (4, 1), (5, 0), (5, 4), (6, 5), (7, 3)], [(5, 0), (4, 1), (3, 4), (7, 3), (5, 4), (6, 5)], [(3, 4), (4, 1), (5, 0), (5, 4), (5, 6), (7, 3)]], [[(2, 0), (6, 1), (7, 3)], [(0, 2), (1, 6), (3, 7)], [(2, 0), (6, 1), (7, 3)], [(2, 0), (6, 1), (7, 3)], [(0, 2), (1, 6), (3, 7)]], [[(0, 7), (1, 6), (1, 7), (2, 5), (2, 7), (3, 1), (6, 5)], [(0, 7), (1, 3), (1, 7), (2, 5), (2, 7), (6, 1), (6, 5)], [(1, 3), (1, 6), (1, 7), (2, 0), (2, 5), (2, 7), (6, 5), (7, 0)], [(0, 7), (1, 3), (1, 6), (1, 7), (2, 5), (2, 7), (6, 5)], [(0, 7), (1, 3), (1, 6), (1, 7), (2, 5), (2, 7), (6, 5)]], [[(1, 0), (1, 3), (3, 5), (4, 0), (6, 1), (7, 6)], [(0, 1), (0, 4), (1, 3), (1, 6), (3, 5), (6, 7)], [(1, 0), (1, 3), (3, 5), (4, 0), (6, 1), (7, 6)], [(1, 0), (4, 0), (1, 3), (6, 1), (3, 5), (7, 6)], [(1, 0), (1, 3), (3, 5), (4, 0), (6, 1), (6, 7)]], [[(1, 4), (2, 4), (4, 6), (5, 0), (5, 6), (7, 2), (7, 3)], [(0, 5), (2, 4), (3, 7), (4, 1), (4, 6), (5, 6), (7, 2)], [(2, 4), (3, 4), (4, 1), (4, 6), (5, 0), (6, 5), (7, 2), (7, 3)], [(5, 0), (4, 1), (2, 4), (7, 2), (7, 3), (4, 6), (5, 6)], [(2, 7), (3, 2), (3, 7), (4, 1), (4, 2), (4, 6), (5, 0), (5, 6)]], [[(1, 2), (1, 6), (7, 6)], [(1, 2), (1, 6), (7, 6)], [(1, 2), (1, 6), (7, 6)], [(1, 2), (1, 6), (7, 6)], [(1, 6), (2, 1), (7, 6)]], [[(0, 5), (1, 3), (1, 5), (4, 0), (4, 6), (5, 2), (5, 3), (6, 0), (7, 6)], [(0, 4), (0, 6), (1, 3), (2, 5), (4, 6), (5, 0), (5, 1), (5, 3), (6, 7)], [(0, 4), (0, 5), (1, 3), (1, 5), (5, 2), (5, 3), (6, 0), (6, 4), (7, 6)], [(0, 4), (0, 5), (6, 0), (1, 3), (1, 5), (5, 2), (5, 3), (6, 4), (7, 6)], [(0, 5), (0, 6), (1, 3), (1, 5), (4, 0), (4, 6), (5, 2), (5, 3), (6, 7)]], [[(0, 2), (0, 4), (1, 2), (1, 4), (6, 2), (6, 5), (7, 1)], [(1, 0), (1, 2), (1, 4), (1, 7), (4, 0), (4, 2), (5, 6), (6, 2)], [(1, 2), (1, 4), (4, 0), (4, 2), (6, 2), (6, 5), (7, 1)], [(0, 2), (0, 4), (1, 2), (1, 4), (7, 1), (6, 2), (6, 5)], [(1, 0), (1, 2), (1, 4), (4, 0), (4, 2), (5, 6), (6, 2), (7, 1)]], [[(1, 0), (2, 5), (4, 3), (6, 0), (6, 2), (7, 0)], [(0, 7), (1, 0), (2, 5), (2, 6), (3, 4), (6, 0)], [(0, 7), (1, 0), (2, 5), (4, 3), (6, 0), (6, 2)], [(1, 0), (6, 0), (0, 7), (2, 5), (6, 2), (4, 3)], [(0, 7), (1, 0), (2, 5), (4, 3), (6, 0), (6, 2)]], [[(0, 5), (4, 3), (5, 4), (7, 5)], [(3, 4), (4, 5), (5, 0), (5, 7)], [(4, 3), (5, 0), (5, 4), (7, 5)], [(5, 0), (4, 3), (5, 4), (7, 5)], [(4, 3), (5, 0), (5, 4), (5, 7)]], [[(2, 3), (2, 6), (3, 0), (5, 6), (6, 3), (7, 0)], [(0, 3), (0, 7), (3, 2), (3, 6), (6, 2), (6, 5)], [(0, 3), (3, 2), (3, 6), (6, 2), (6, 5), (7, 0)], [(3, 0), (7, 0), (3, 2), (6, 2), (6, 3), (6, 5)], [(2, 3), (2, 6), (3, 0), (6, 3), (6, 5), (7, 0)]], [[(1, 7), (2, 5), (2, 6), (2, 7), (5, 4), (6, 5)], [(1, 7), (2, 6), (2, 7), (4, 5), (5, 2), (5, 6)], [(1, 7), (2, 5), (2, 6), (2, 7), (5, 4), (6, 5)], [(1, 7), (2, 5), (2, 6), (2, 7), (5, 4), (6, 5)], [(1, 7), (2, 7), (5, 2), (5, 4), (5, 6), (6, 2)]], [[(0, 2), (0, 3), (1, 2), (1, 7), (2, 7), (3, 4), (3, 7), (6, 7)], [(0, 3), (1, 2), (1, 7), (2, 0), (2, 7), (3, 4), (6, 7), (7, 3)], [(0, 2), (0, 7), (1, 6), (2, 1), (2, 7), (3, 0), (3, 4), (3, 7), (7, 1), (7, 6)], [(2, 0), (0, 3), (2, 1), (1, 7), (2, 7), (3, 4), (7, 3), (6, 7)], [(0, 2), (0, 3), (1, 7), (2, 1), (2, 3), (2, 7), (3, 4), (6, 7), (7, 3)]], [[(0, 4), (1, 2), (2, 5), (6, 0), (7, 2)], [(0, 4), (0, 6), (1, 2), (2, 5), (7, 2)], [(0, 4), (1, 2), (2, 5), (6, 0), (7, 2)], [(0, 4), (6, 0), (1, 2), (2, 5), (7, 2)], [(0, 4), (0, 6), (1, 2), (2, 5), (7, 2)]], [[(3, 0), (6, 1), (6, 4), (6, 5)], [(0, 3), (4, 6), (6, 1), (6, 5)], [(3, 0), (6, 1), (6, 4), (6, 5)], [(3, 0), (6, 1), (6, 4), (6, 5)], [(1, 6), (3, 0), (6, 4), (6, 5)]], [[(0, 1), (0, 2), (0, 6), (1, 4), (3, 4), (3, 5), (4, 6), (7, 5)], [(0, 1), (0, 2), (0, 6), (3, 4), (3, 5), (4, 1), (4, 6), (7, 5)], [(0, 2), (1, 0), (1, 4), (3, 5), (4, 3), (6, 0), (6, 4), (7, 5)], [(0, 1), (0, 2), (0, 6), (4, 1), (4, 3), (3, 5), (4, 6), (7, 5)], [(0, 1), (0, 2), (0, 6), (1, 4), (3, 4), (3, 5), (6, 4), (7, 5)]], [[(0, 1), (1, 2), (2, 4), (5, 4), (6, 1), (6, 4)], [(0, 1), (0, 6), (1, 2), (1, 6), (2, 4), (5, 4), (6, 4)], [(1, 0), (2, 1), (2, 4), (5, 4), (6, 0), (6, 1), (6, 4)], [(1, 0), (2, 1), (6, 1), (2, 4), (5, 4), (4, 6)], [(0, 1), (1, 2), (2, 4), (5, 4), (6, 0), (6, 1), (6, 4)]], [[(0, 1), (0, 4), (1, 4), (2, 7), (4, 7), (5, 1)], [(0, 1), (0, 4), (1, 4), (2, 7), (4, 7), (5, 1)], [(1, 0), (1, 5), (2, 7), (4, 0), (4, 1), (4, 7)], [(0, 1), (0, 4), (1, 4), (5, 1), (2, 7), (4, 7)], [(0, 1), (0, 4), (1, 4), (2, 7), (4, 7), (5, 1)]], [[(0, 3), (0, 6), (0, 7), (2, 0), (2, 5), (4, 0), (4, 1)], [(0, 3), (0, 6), (0, 7), (1, 4), (2, 0), (2, 5), (4, 0)], [(0, 2), (0, 3), (0, 4), (0, 6), (2, 5), (4, 1), (7, 0)], [(2, 0), (0, 3), (4, 0), (0, 6), (0, 7), (4, 1), (2, 5)], [(0, 3), (0, 6), (0, 7), (2, 0), (2, 5), (4, 0), (4, 1)]], [[(0, 6), (1, 0), (1, 7), (2, 5), (2, 6), (3, 6), (3, 7)], [(0, 1), (0, 6), (1, 7), (2, 5), (2, 6), (3, 6), (3, 7)], [(0, 6), (1, 0), (1, 7), (2, 5), (2, 6), (3, 6), (3, 7)], [(1, 0), (0, 6), (1, 7), (2, 5), (2, 6), (3, 6), (3, 7)], [(0, 6), (1, 0), (1, 7), (2, 5), (2, 6), (3, 6), (3, 7)]], [[(3, 1), (5, 4), (6, 5), (7, 2)], [(1, 3), (2, 7), (4, 5), (5, 6)], [(3, 1), (5, 4), (6, 5), (7, 2)], [(3, 1), (7, 2), (5, 4), (6, 5)], [(3, 1), (4, 5), (5, 6), (7, 2)]], [[(0, 3), (0, 6), (0, 7), (2, 4), (2, 7), (6, 1), (6, 4)], [(0, 3), (0, 7), (1, 6), (2, 4), (2, 7), (6, 0), (6, 4)], [(0, 3), (0, 6), (0, 7), (2, 4), (2, 7), (6, 1), (6, 4)], [(0, 3), (0, 6), (0, 7), (6, 1), (2, 4), (2, 7), (6, 4)], [(0, 3), (0, 6), (0, 7), (2, 4), (2, 7), (6, 1), (6, 4)]], [[(0, 1), (0, 2), (3, 2), (4, 3), (7, 3), (7, 4)], [(0, 1), (0, 2), (0, 5), (3, 2), (4, 3), (4, 7), (7, 3)], [(0, 1), (0, 2), (3, 2), (4, 3), (7, 3), (7, 4)], [(0, 1), (0, 2), (3, 2), (4, 3), (7, 3), (7, 4)], [(0, 2), (1, 0), (3, 2), (3, 4), (3, 7), (4, 7)]], [[(0, 4), (1, 3), (1, 4), (2, 5), (4, 5)], [(0, 4), (1, 3), (1, 4), (2, 5), (4, 5)], [(1, 3), (2, 5), (4, 0), (4, 1), (4, 5)], [(0, 4), (1, 3), (1, 4), (2, 5), (4, 5)], [(0, 4), (1, 3), (1, 4), (2, 5), (4, 5)]], [[(0, 4), (0, 6), (5, 1), (7, 0), (7, 2)], [(0, 4), (0, 6), (1, 5), (2, 7), (7, 0)], [(0, 4), (0, 6), (5, 1), (7, 0), (7, 2)], [(0, 4), (0, 6), (7, 0), (5, 1), (7, 2)], [(0, 4), (0, 6), (0, 7), (5, 1), (7, 2)]], [[(0, 2), (3, 0), (3, 1), (4, 0), (4, 3), (6, 2)], [(0, 2), (1, 3), (2, 6), (3, 0), (3, 4), (4, 0)], [(0, 3), (0, 4), (2, 0), (3, 1), (4, 3), (6, 2)], [(2, 0), (0, 3), (0, 4), (3, 1), (6, 2), (4, 3)], [(0, 2), (0, 4), (1, 3), (3, 0), (3, 4), (6, 2)]], [[(1, 0), (1, 3), (1, 5), (2, 6), (3, 6), (4, 3), (6, 5), (7, 4)], [(0, 1), (0, 6), (1, 3), (1, 5), (3, 6), (4, 3), (4, 7), (6, 2), (6, 5)], [(1, 0), (1, 3), (4, 3), (4, 6), (5, 1), (6, 1), (6, 2), (6, 3), (6, 5), (7, 4)], [(1, 0), (1, 3), (5, 1), (6, 2), (4, 3), (6, 3), (7, 4), (6, 5)], [(0, 1), (1, 3), (1, 5), (2, 6), (4, 3), (4, 6), (6, 1), (6, 3), (6, 5), (7, 4)]], [[(0, 2), (1, 0), (1, 4), (3, 2), (5, 4), (7, 0)], [(0, 1), (0, 2), (0, 7), (1, 4), (3, 2), (5, 4)], [(0, 1), (0, 2), (1, 4), (3, 2), (5, 4), (7, 0)], [(0, 1), (0, 2), (7, 0), (1, 4), (3, 2), (5, 4)], [(0, 1), (0, 2), (0, 7), (1, 4), (3, 2), (5, 4)]], [[(0, 4), (1, 4), (2, 6), (4, 6), (5, 4), (7, 5)], [(0, 4), (1, 4), (2, 6), (4, 5), (5, 7), (6, 4)], [(0, 4), (4, 1), (5, 1), (5, 4), (6, 2), (6, 4), (7, 5)], [(0, 4), (1, 4), (6, 2), (4, 5), (6, 4), (5, 7)], [(0, 4), (1, 4), (2, 6), (5, 1), (5, 4), (5, 7), (6, 4)]], [[(3, 4), (6, 1), (7, 4)], [(1, 6), (3, 4), (7, 4)], [(4, 3), (6, 1), (7, 4)], [(6, 1), (3, 4), (7, 4)], [(1, 6), (3, 4), (7, 4)]], [[(1, 0), (1, 7), (2, 1), (2, 7), (3, 2), (3, 7), (6, 0), (6, 1)], [(0, 1), (0, 6), (1, 2), (1, 6), (1, 7), (2, 3), (2, 7), (7, 3)], [(1, 0), (1, 2), (1, 6), (2, 3), (6, 0), (7, 1), (7, 2), (7, 3)], [(1, 0), (6, 0), (1, 2), (1, 6), (7, 1), (2, 3), (7, 2), (7, 3)], [(0, 6), (1, 0), (1, 6), (2, 1), (3, 2), (7, 1), (7, 2), (7, 3)]], [[(0, 4), (0, 5), (1, 2), (1, 5), (5, 3), (6, 4)], [(0, 4), (1, 2), (1, 5), (5, 0), (5, 3), (6, 4)], [(0, 4), (1, 2), (5, 0), (5, 1), (5, 3), (6, 4)], [(0, 4), (5, 0), (1, 2), (5, 1), (5, 3), (6, 4)], [(0, 4), (0, 5), (1, 2), (5, 1), (5, 3), (6, 4)]], [[(0, 1), (1, 3), (2, 6), (5, 6), (7, 0), (7, 2)], [(0, 1), (1, 3), (2, 6), (2, 7), (5, 6), (7, 0)], [(0, 1), (1, 3), (2, 6), (5, 6), (7, 0), (7, 2), (7, 6)], [(0, 1), (7, 0), (1, 3), (6, 2), (7, 2), (6, 5)], [(0, 1), (0, 7), (1, 3), (5, 2), (5, 6), (6, 2), (7, 2)]], [[(0, 3), (0, 4), (0, 6), (2, 4), (4, 5), (5, 7)], [(0, 3), (0, 4), (0, 6), (2, 4), (4, 5), (5, 7)], [(0, 2), (0, 3), (0, 4), (2, 4), (4, 5), (6, 0), (7, 4), (7, 5)], [(0, 3), (0, 4), (0, 6), (2, 4), (4, 5), (5, 7)], [(0, 3), (0, 4), (0, 6), (2, 4), (4, 5), (7, 4), (7, 5)]], [[(0, 3), (2, 1), (2, 5), (4, 3), (5, 7), (6, 5)], [(0, 3), (1, 2), (2, 5), (4, 3), (5, 7), (6, 5)], [(0, 3), (2, 1), (2, 5), (4, 3), (5, 7), (6, 5)], [(0, 3), (2, 1), (2, 5), (4, 3), (6, 5), (5, 7)], [(0, 3), (2, 1), (2, 5), (4, 3), (5, 7), (6, 5)]], [[(0, 1), (3, 1), (5, 0), (6, 1), (7, 2)], [(0, 5), (1, 0), (2, 7), (3, 1), (6, 1)], [(0, 5), (1, 0), (1, 3), (6, 1), (7, 2)], [(1, 0), (0, 5), (3, 1), (6, 1), (7, 2)], [(0, 1), (0, 3), (0, 5), (3, 1), (6, 1), (7, 2)]], [[(0, 4), (0, 7), (2, 7), (6, 7)], [(0, 4), (2, 7), (7, 0), (7, 6)], [(0, 4), (0, 7), (6, 7), (7, 2)], [(0, 4), (0, 7), (7, 2), (6, 7)], [(0, 4), (0, 7), (6, 7), (7, 2)]], [[(3, 1), (6, 4), (6, 5)], [(1, 3), (4, 6), (6, 5)], [(3, 1), (6, 4), (6, 5)], [(3, 1), (6, 4), (6, 5)], [(1, 3), (6, 4), (6, 5)]], [[(0, 1), (2, 4), (2, 6), (3, 2), (3, 4), (4, 5), (4, 7), (6, 0), (6, 7)], [(0, 1), (0, 6), (3, 2), (4, 2), (4, 3), (4, 5), (4, 7), (6, 2), (6, 7)], [(0, 1), (3, 2), (4, 2), (4, 3), (4, 5), (4, 7), (6, 0), (6, 2), (6, 7)], [(0, 1), (6, 0), (3, 2), (4, 2), (6, 2), (4, 3), (4, 5), (4, 7), (6, 7)], [(0, 6), (1, 0), (3, 2), (4, 2), (4, 3), (4, 7), (5, 4), (6, 2), (6, 7)]], [[(0, 3), (1, 3), (6, 1)], [(0, 3), (1, 3), (1, 6)], [(0, 3), (1, 3), (6, 1)], [(0, 3), (1, 3), (6, 1)], [(0, 3), (1, 3), (6, 1)]], [[(0, 2), (1, 4), (2, 7), (3, 0), (3, 4), (4, 7), (5, 1)], [(0, 2), (0, 3), (2, 3), (2, 7), (3, 4), (4, 1), (4, 7), (5, 1)], [(2, 0), (2, 7), (3, 0), (3, 2), (4, 1), (4, 3), (4, 7), (5, 1)], [(0, 2), (3, 0), (4, 1), (5, 1), (2, 7), (4, 3), (4, 7)], [(2, 0), (2, 3), (2, 7), (3, 0), (4, 1), (4, 3), (4, 7), (5, 1)]], [[(0, 4), (1, 4), (3, 2), (7, 4), (7, 6)], [(0, 4), (1, 4), (2, 3), (6, 7), (7, 4)], [(1, 0), (3, 2), (4, 0), (4, 1), (7, 0), (7, 4), (7, 6)], [(0, 4), (1, 4), (3, 2), (7, 4), (7, 6)], [(0, 4), (1, 4), (3, 2), (7, 4), (7, 6)]], [[(0, 5), (1, 3), (4, 1), (6, 1), (6, 4), (6, 5)], [(0, 5), (1, 3), (1, 4), (1, 6), (6, 4), (6, 5)], [(0, 5), (1, 3), (4, 1), (6, 1), (6, 4), (6, 5)], [(0, 5), (1, 3), (4, 1), (6, 1), (6, 4), (6, 5)], [(0, 5), (1, 3), (1, 4), (1, 6), (6, 4), (6, 5)]], [[(4, 0), (5, 3), (7, 6)], [(0, 4), (3, 5), (6, 7)], [(4, 0), (5, 3), (7, 6)], [(4, 0), (5, 3), (7, 6)], [(0, 4), (5, 3), (6, 7)]], [[(0, 1), (1, 5), (1, 6), (4, 6), (5, 3), (6, 2), (7, 4), (7, 5)], [(1, 0), (1, 5), (2, 6), (4, 7), (5, 3), (6, 1), (6, 4), (7, 5)], [(0, 1), (1, 6), (4, 6), (5, 1), (5, 3), (6, 2), (7, 1), (7, 4), (7, 5)], [(0, 1), (5, 1), (1, 6), (6, 2), (5, 3), (4, 6), (7, 4), (7, 5)], [(0, 5), (1, 0), (1, 5), (1, 6), (4, 6), (5, 3), (6, 2), (7, 4), (7, 5)]], [[(0, 7), (2, 1), (4, 1), (5, 1), (5, 4), (6, 3), (6, 4), (6, 7)], [(0, 7), (1, 2), (1, 4), (1, 5), (4, 5), (4, 6), (6, 3), (6, 7)], [(0, 7), (1, 5), (2, 1), (2, 5), (2, 7), (4, 1), (6, 2), (6, 3), (6, 4), (6, 7)], [(0, 7), (2, 1), (4, 1), (5, 1), (6, 3), (4, 5), (6, 4), (6, 7)], [(2, 1), (2, 6), (4, 1), (4, 5), (4, 6), (5, 1), (6, 0), (6, 3), (6, 7), (7, 0)]], [[(0, 2), (2, 6), (3, 2), (4, 1), (5, 0), (5, 6), (7, 3)], [(0, 2), (0, 5), (1, 4), (3, 2), (3, 7), (5, 6), (6, 2)], [(0, 2), (0, 5), (3, 2), (4, 1), (6, 2), (6, 5), (7, 3)], [(0, 2), (5, 0), (4, 1), (3, 2), (6, 2), (7, 3), (6, 5)], [(0, 2), (3, 2), (4, 1), (5, 0), (5, 6), (6, 2), (7, 3)]], [[(1, 0), (1, 2), (1, 5), (3, 5), (6, 4), (7, 5)], [(0, 1), (1, 2), (1, 5), (2, 4), (5, 3), (5, 7), (6, 4)], [(1, 0), (1, 2), (5, 1), (5, 3), (6, 4), (7, 5)], [(1, 0), (1, 2), (5, 1), (5, 3), (6, 4), (7, 5)], [(1, 0), (1, 2), (1, 5), (4, 6), (5, 3), (5, 7)]], [[(0, 4), (1, 0), (3, 4), (3, 5), (5, 0), (5, 1), (6, 4)], [(1, 0), (1, 3), (1, 5), (4, 0), (4, 6), (5, 0), (5, 3)], [(0, 1), (0, 3), (0, 4), (5, 0), (5, 1), (5, 3), (6, 0), (6, 4)], [(0, 1), (4, 0), (5, 0), (5, 1), (3, 4), (5, 3), (6, 4)], [(0, 4), (0, 5), (1, 0), (1, 5), (3, 1), (3, 5), (5, 4), (6, 4)]], [[(0, 7), (1, 6), (4, 6), (5, 3), (6, 7)], [(1, 6), (3, 5), (6, 4), (6, 7), (7, 0)], [(5, 3), (6, 1), (6, 4), (7, 0), (7, 6)], [(7, 0), (6, 1), (5, 3), (6, 4), (7, 6)], [(3, 5), (6, 1), (6, 4), (6, 7), (7, 0)]]]

