Number of nodes=8
Number of samples=10000
Cut of limit used=0.001
total_score_pc=-529954.9767046542
total_score_mmhc=-488785.73117652244
total_score_greedySP=-415437.3981966608
total_score_ske=-496466.4277417723
total_score_true=-408681.5724811584
shd dist pc to true=[26, 27, 24, 26, 27, 27, 25, 27, 25, 23, 24, 27, 27, 26, 26, 22, 28, 27, 23, 27, 27, 28, 26, 26, 28, 23, 26, 27, 24, 28, 25, 26, 27, 27, 26, 27, 26, 25, 26, 24, 27, 26, 27, 22, 26, 25, 26, 25, 28, 28, 27, 26, 22, 24, 25, 26, 26, 27, 27, 26, 26, 26, 27, 24, 26, 26, 21, 25, 25, 26, 28, 26, 27, 25, 23, 25, 23, 23, 23, 28, 27, 25, 23, 27, 25, 24, 26, 24, 26, 28, 25, 28, 27, 27, 25, 27, 27, 24, 23, 27]
shd dist mmhc to true=[24, 26, 23, 25, 22, 22, 24, 25, 24, 23, 27, 24, 25, 28, 22, 20, 27, 25, 25, 26, 25, 26, 24, 26, 28, 26, 25, 28, 26, 27, 26, 25, 24, 21, 20, 24, 27, 25, 28, 27, 22, 21, 26, 25, 27, 28, 26, 24, 27, 26, 26, 26, 26, 23, 21, 22, 26, 26, 18, 24, 25, 24, 24, 28, 21, 24, 26, 22, 24, 27, 19, 21, 26, 28, 19, 24, 27, 24, 24, 24, 25, 26, 22, 28, 25, 23, 27, 27, 28, 27, 26, 23, 25, 27, 24, 23, 23, 24, 25, 21]
shd dist greedySP to true=[25, 24, 26, 23, 27, 25, 26, 27, 23, 25, 22, 21, 26, 20, 25, 23, 18, 27, 27, 27, 23, 25, 23, 26, 24, 26, 23, 26, 26, 24, 28, 28, 26, 27, 25, 25, 26, 25, 26, 27, 23, 24, 28, 27, 21, 24, 26, 26, 27, 28, 21, 23, 28, 26, 21, 28, 28, 24, 27, 23, 22, 23, 27, 24, 24, 27, 25, 23, 23, 23, 27, 27, 27, 26, 23, 27, 21, 23, 24, 23, 26, 28, 27, 24, 23, 26, 26, 23, 27, 26, 26, 23, 22, 25, 26, 24, 28, 19, 23, 19]
shd dist ske to true=[22, 27, 23, 26, 26, 27, 28, 28, 26, 24, 27, 26, 27, 25, 25, 25, 28, 25, 25, 23, 25, 27, 27, 26, 28, 26, 27, 27, 26, 27, 27, 24, 24, 24, 27, 28, 25, 28, 22, 27, 28, 27, 24, 24, 24, 25, 26, 25, 28, 25, 26, 27, 27, 23, 21, 21, 26, 27, 27, 27, 25, 27, 24, 28, 24, 26, 27, 23, 25, 27, 27, 24, 27, 25, 25, 25, 28, 23, 26, 23, 28, 26, 27, 28, 26, 22, 28, 26, 27, 27, 28, 21, 28, 26, 23, 26, 25, 23, 27, 26]

score_vector_pc=[-5554.818591101297, -6009.744773329557, -5370.612593253547, -5132.88712600303, -5268.116587905333, -5347.238578948366, -5850.49982522159, -4811.828742234904, -5850.069772218589, -5220.458615185165, -5261.2460363718565, -4987.997114156369, -5854.0629374846, -5294.431590524084, -4853.514362696826, -5152.721940227982, -4505.661267738844, -6651.504391845255, -5346.579112008063, -6073.2916758642605, -5373.641772868849, -4689.688353975331, -5635.613675921286, -5142.340930994012, -5792.864809307348, -5788.338712429857, -4878.460980692315, -5370.379595707606, -5531.607139204861, -6287.377739652263, -5401.681671003703, -5809.868552357183, -4755.648740305377, -5239.259129671744, -5233.589852444131, -4801.781504270803, -5092.722901945568, -5662.28190769089, -5323.418841517856, -5723.427942516104, -5371.8105520093, -5271.011811622709, -6099.063308627733, -4422.493325402177, -5946.7785429419255, -5422.670217883586, -4677.557396212129, -5648.587300219743, -5004.477290854192, -5350.190246589443, -4835.471194237985, -5546.219136856062, -5374.176378925356, -4730.266445489069, -5460.710364295211, -5463.7737576780055, -4398.117543656078, -5463.599033712982, -5216.000964475183, -5191.170155576836, -4681.760625854456, -5439.432226245909, -5484.374711436449, -4970.338163646494, -4833.697353012511, -5071.2762471371825, -4705.9958914611425, -4802.885119840653, -5579.163113576266, -5414.999021045163, -5252.017495822493, -6019.902107946612, -4964.534632168801, -5033.37463506832, -5264.314398511178, -4701.261971619682, -4902.305477093963, -5781.101463824229, -4728.655093656433, -5113.437457740935, -5396.459443626209, -5748.370372395757, -5412.036683168488, -5722.318581758761, -4832.125184588187, -4660.924000497794, -5408.859940968445, -5816.888295523215, -5018.527379235634, -4755.704272917365, -5177.889516356922, -5377.310310420227, -5179.177039575277, -5414.423424810779, -5797.964493196994, -5935.829736620152, -5634.843957249768, -4722.8758661830525, -5266.016155242422, -5106.179487547319]

score_vector_mmhc=[-4475.535469612146, -4693.743147970752, -5160.693035958853, -5274.547246143864, -4948.153935321288, -5026.0352495991, -5125.625855316153, -4576.036542491767, -4685.5290501663985, -4778.923012915684, -4562.190798342252, -4757.665046039116, -4496.530279869292, -5055.239023639872, -4987.231029869083, -4766.5879179365975, -4374.927570087727, -5231.472149892681, -4707.728031600986, -5224.2087318830145, -4793.146522503691, -4880.738323475118, -5455.17406797243, -4889.427674873768, -4558.487074844639, -5130.199470134578, -4597.032072113517, -4642.698226879265, -4811.025051799079, -5535.763265999181, -5245.53792186553, -4800.062553375522, -4526.17404617285, -4624.47958852824, -5127.757815012208, -4561.637788375788, -4508.629807110485, -4829.209089574592, -4966.823832399092, -5479.795065316947, -5518.55958829149, -4679.029347396169, -4793.112132710383, -4663.417197614012, -5444.078454990348, -4660.466773469626, -4599.548778444795, -4835.147457472584, -4371.522951397519, -4828.176296039033, -4766.675807666696, -5427.016262032743, -4785.18275125768, -4918.32273352582, -5038.583020681859, -4395.066657039477, -4386.279576681872, -4743.999831510737, -4842.08660936268, -5544.874410968264, -4557.78002838748, -5906.25732399678, -4487.493481195333, -4562.244180888156, -4654.401077377314, -4883.961695205879, -4609.811739138009, -4936.238631888571, -5341.022643222592, -5088.063143318451, -4851.963704540615, -4867.949069621806, -4797.915802987935, -4791.981637600526, -5189.662691646231, -4634.765318684014, -5029.027505146572, -5229.264268916992, -4731.926134269536, -5457.979007273588, -5021.329260510274, -5991.984517040429, -5238.674608441989, -4689.896851309977, -4716.891536026691, -4543.806671168025, -4666.8350974286395, -5136.038652956485, -5049.665288027612, -4338.251378438295, -4854.537931640767, -4523.120620479153, -4728.47395601614, -5043.1815871732615, -4472.3889601254905, -5283.559304484212, -4910.635373717352, -4569.279842022415, -5247.788354791775, -5036.133277880149]

score_vector_greedySP=[-4105.347400777914, -4132.207633387484, -4099.382846738727, -4032.8107377437254, -4208.0488415148375, -4309.164913185557, -4192.646985547567, -4045.8853146856195, -4134.390006452663, -4314.265363277353, -4145.978672589464, -4044.836172750186, -4848.583947443416, -4133.965818263508, -4386.565931845156, -4067.4392498672746, -4214.7000975096835, -4189.01813664285, -4329.326554344733, -4151.830062272007, -4093.4226971394264, -4064.0095204327204, -4041.4608408446525, -4187.65019530376, -4062.3686353564335, -4141.665188606837, -4198.0141313301265, -4214.070728588499, -4009.1363352903018, -4175.192972816135, -3998.59406297271, -4336.195843868516, -4001.332961565841, -4179.317576327847, -4209.138833549706, -4124.468952625735, -4132.19419913433, -4306.935766313258, -4084.3320042860537, -4308.968104785798, -4075.053752345565, -4286.0116816565, -4414.445911343313, -4544.500374150239, -4138.913663234381, -4042.154876874907, -4140.38340098067, -4256.171250733294, -4162.445745295696, -4233.719315666566, -4107.675371511581, -4082.4203665186938, -4114.2672619085915, -3972.965759204535, -4117.195717715134, -4522.933535221367, -4023.948352126706, -4065.9415805871986, -4059.774874370469, -4046.8206142795116, -4102.31469997613, -4073.7635641396223, -4282.761108372022, -3966.470256386237, -4087.990058280402, -4142.954180493907, -4077.5770810859817, -4015.1072934277363, -4164.109717235382, -4084.30129542033, -4273.704691396863, -4219.582572466832, -4210.23327234045, -4108.537866718136, -4004.580044868958, -4341.700900000399, -4108.505147497417, -4063.930819457222, -4117.4682407532855, -4099.094622904053, -4137.272981422274, -4019.6936807213497, -4308.69450664513, -4111.396687596641, -3995.940034550873, -3891.1823655198987, -4379.818920756713, -4275.522804481108, -4113.768826085116, -4083.82645888631, -4179.47275904403, -4299.953520470782, -4040.507638424403, -4020.942183420687, -3962.444790498985, -4188.760075604422, -4170.4973291351625, -4145.654367454111, -4085.246396363741, -4119.5067926544725]

score_vector_ske=[-5245.533026565929, -5465.399654726276, -5267.098404674079, -5132.887126003031, -4999.146972539409, -5018.864451814304, -5011.167446680492, -4494.940869372763, -5151.243981212052, -4689.088833110332, -4973.344621328073, -4645.149567776532, -4912.550594757287, -5137.119868551199, -4798.759570120601, -5094.31443916438, -4501.36349020105, -5270.50008139962, -4989.361476543372, -5671.9518934493835, -5035.80476702231, -4716.596296194964, -4992.6835836972, -4900.454197156954, -5434.752296043831, -5138.620911170834, -4556.501813858424, -4836.656586956593, -5528.623260605152, -6197.649882798398, -5161.183664252523, -4855.392349659601, -4716.6905024175785, -4767.170857124837, -4905.101595668714, -4713.38191342233, -4900.846200125772, -5163.994382221651, -5127.046447903751, -5271.501143185167, -5034.390063507609, -4652.19915935985, -5182.5012946089455, -4332.3844357946, -5520.483702042474, -4699.409204405586, -4677.557396212129, -5370.120453704055, -4764.278623719443, -4827.843192121192, -4753.971462857653, -5546.169817627186, -4380.144555111705, -4683.499672940181, -5038.583020681859, -4709.877167938915, -4398.117543656078, -5065.895937691713, -4903.398520038573, -4845.781810708186, -4621.8592631930715, -4973.951557215559, -4657.809258874281, -4733.633429447272, -4664.7829739465005, -5005.171359653283, -4564.129898383487, -4723.238473496052, -5579.163113576266, -5096.488699650073, -4737.066911295797, -5127.720196805301, -4844.509288265517, -4777.7976342759275, -4638.749270685261, -4636.5840038929655, -4752.439650977556, -5781.101463824229, -4770.960968488161, -5056.449391095357, -5384.444333888617, -5522.365685982821, -5006.561042907547, -4928.687841889032, -4786.297232657077, -4575.940029606235, -4752.7263649972465, -5789.082178278815, -4713.665263225277, -4521.367464461406, -4859.404142539502, -4723.060674859695, -4972.440074744736, -5123.304911387426, -5036.678821425819, -5629.651111284486, -5359.638372558829, -4649.598979786576, -4873.901321745885, -4736.95903029867]

score_vector_true=[-4122.2922593248195, -4137.93804108738, -4083.527062011456, -4042.5429739217793, -4108.111105221435, -4113.537101781364, -4146.654840138962, -4052.583475359491, -4154.438172318266, -4100.626737343789, -4151.805033301855, -4031.4100745333217, -4202.520295026013, -4140.803789753508, -4029.22941426527, -4080.214231710242, -4098.968541417463, -4067.1910297802356, -4144.2979909798405, -4166.4350447354245, -4101.875483333316, -4075.6787539854486, -4019.8856895634485, -4093.925536866322, -4075.477637238613, -4089.407803774258, -4130.320944194793, -4224.995594000684, -3996.0570199324648, -4117.529424124098, -4019.1084282633283, -4198.490644829586, -4015.024926685029, -4134.288382493418, -4211.125178177133, -4127.665395413331, -4108.78811184711, -4195.660589052304, -4088.757918948777, -4124.40332167952, -4074.010149465438, -4103.240293997382, -4106.996163385807, -4006.555298058193, -3998.8575227326055, -4043.2749132649787, -4141.979890021026, -4089.079517713628, -4027.368637311923, -4064.7264460998167, -3905.9399734519593, -4083.176162879249, -4085.383996416829, -3985.523118094854, -4107.057428476004, -4003.6760847122596, -4023.5584668721303, -4073.537662242451, -4073.788370681535, -4066.456298512835, -4012.999723247234, -4057.455875502968, -4005.576594382228, -3976.94529960517, -4071.3904710397696, -4153.936033083413, -4089.9576051458384, -4013.415224112011, -4149.370827290516, -4098.576523029543, -4147.454273025729, -4139.409421242162, -4188.347367361451, -3997.0908858563084, -3981.9390114235066, -4080.611444068936, -4042.756833566024, -4077.896324931593, -4121.951384222075, -4053.8753906132874, -4108.293485985214, -4019.4744885050804, -4185.81590418323, -4095.6796581274393, -4004.5639604150433, -3903.7335142464767, -4113.192296539356, -4290.358228323622, -4114.201894005167, -4081.8080488565734, -4177.421083637106, -4062.7799741492863, -4017.721176394598, -4031.3085845910664, -3979.12950125678, -4193.033725167186, -4081.41721363358, -4150.651926497426, -4097.799169387089, -4124.451741701583]
step_vector_greedySP=[]

step_vector_ske=[3, 7, 4, 7, 5, 3, 6, 6, 4, 4, 3, 2, 4, 4, 4, 1, 2, 2, 2, 5, 2, 2, 3, 6, 4, 11, 8, 4, 3, 3, 7, 5, 8, 4, 2, 3, 3, 4, 7, 4, 3, 5, 3, 3, 3, 9, 4, 2, 9, 2, 3, 3, 9, 2, 2, 2, 0, 4, 7, 6, 1, 4, 7, 2, 2, 4, 3, 4, 2, 1, 1, 1, 3, 5, 3, 3, 2, 2, 3, 2, 6, 6, 8, 7, 5, 1, 7, 3, 4, 7, 10, 3, 4, 6, 1, 1, 4, 3, 7, 3]

skeleton_result_vector=[0, 0, 0, 0, 0, 0, 0, 0, 0, 0, 0, 0, 0, 0, 0, 0, 0, 0, 0, 0, 0, 0, 0, 0, 0, 0, 0, 0, 0, 0, 0, 0, 0, 0, 0, 0, 0, 0, 0, 0, 0, 0, 0, 0, 0, 0, 0, 0, 0, 0, 0, 0, 0, 0, 0, 0, 0, 0, 0, 0, 0, 0, 0, 0, 0, 0, 0, 0, 0, 0, 0, 0, 0, 0, 0, 0, 0, 0, 0, 0, 0, 0, 0, 0, 0, 0, 0, 0, 0, 0, 0, 0, 0, 0, 0, 0, 0, 0, 0, 0]

return_dags_vector=[['pc', 'mmhc', 'greedySP', 'ske', 'true'], [[(0, 5), (1, 0), (1, 5), (1, 7), (3, 4), (3, 7), (4, 5), (6, 2), (7, 4)], [(0, 1), (0, 6), (2, 5), (2, 6), (3, 4), (3, 7), (4, 5), (4, 7), (5, 0), (7, 1), (7, 2), (7, 5)], [(0, 3), (0, 5), (0, 6), (1, 0), (1, 3), (1, 5), (1, 6), (2, 0), (2, 5), (2, 6), (4, 3), (4, 5), (4, 6), (5, 6), (6, 3), (7, 0), (7, 1), (7, 2), (7, 3), (7, 4), (7, 5)], [(0, 1), (5, 0), (5, 1), (7, 1), (6, 2), (4, 3), (7, 3), (4, 5), (7, 4)], [(0, 1), (0, 4), (0, 5), (0, 7), (1, 4), (1, 5), (1, 7), (2, 0), (2, 1), (2, 4), (2, 5), (2, 7), (3, 0), (3, 1), (3, 2), (3, 4), (3, 5), (3, 6), (3, 7), (5, 4), (5, 7), (6, 0), (6, 1), (6, 2), (6, 4), (6, 5), (6, 7), (7, 4)]], [[(0, 1), (0, 7), (1, 3), (2, 3), (2, 5), (2, 7), (3, 6), (4, 5), (4, 6), (6, 7)], [(0, 1), (0, 2), (0, 4), (0, 7), (2, 3), (2, 7), (3, 1), (3, 6), (3, 7), (4, 1), (5, 4), (6, 4), (7, 6)], [(0, 1), (0, 2), (0, 4), (2, 4), (2, 5), (3, 1), (3, 2), (3, 4), (3, 5), (5, 1), (5, 4), (6, 2), (6, 3), (6, 4), (6, 5), (7, 0), (7, 1), (7, 2), (7, 3), (7, 5), (7, 6)], [(0, 1), (0, 7), (1, 3), (2, 3), (2, 5), (2, 7), (6, 3), (4, 5), (4, 6), (7, 6)], [(1, 0), (2, 0), (2, 1), (2, 3), (2, 4), (2, 5), (2, 6), (2, 7), (3, 0), (3, 1), (3, 4), (3, 5), (3, 6), (3, 7), (4, 0), (4, 1), (5, 0), (5, 1), (5, 4), (6, 0), (6, 1), (6, 4), (6, 5), (6, 7), (7, 0), (7, 1), (7, 4), (7, 5)]], [[(0, 1), (1, 7), (2, 3), (2, 7), (4, 2), (5, 0), (5, 3), (6, 5), (6, 7)], [(0, 4), (0, 5), (1, 3), (2, 3), (2, 7), (4, 2), (4, 6), (4, 7), (5, 3), (5, 6), (7, 6)], [(0, 6), (1, 2), (1, 3), (1, 7), (2, 0), (2, 3), (3, 0), (3, 6), (4, 0), (4, 3), (4, 7), (5, 0), (5, 1), (5, 2), (5, 3), (5, 4), (5, 6), (5, 7), (7, 0), (7, 2), (7, 6)], [(1, 0), (0, 5), (7, 1), (2, 3), (2, 4), (7, 2), (5, 3), (5, 6), (7, 6)], [(0, 1), (0, 5), (0, 7), (1, 5), (1, 7), (2, 0), (2, 1), (2, 4), (2, 5), (2, 6), (2, 7), (3, 0), (3, 1), (3, 2), (3, 4), (3, 5), (3, 6), (3, 7), (4, 0), (4, 1), (4, 5), (4, 6), (4, 7), (6, 0), (6, 1), (6, 5), (6, 7), (7, 5)]], [[(0, 2), (0, 7), (1, 4), (2, 3), (4, 3), (4, 7), (5, 6), (7, 6)], [(0, 2), (0, 4), (0, 7), (2, 1), (2, 3), (3, 6), (4, 1), (4, 3), (6, 5), (7, 6)], [(0, 1), (0, 3), (0, 4), (0, 5), (0, 7), (1, 3), (1, 5), (2, 0), (2, 3), (2, 4), (2, 5), (2, 7), (3, 4), (3, 5), (3, 7), (5, 7), (6, 0), (6, 1), (6, 2), (6, 5), (6, 7), (7, 4)], [(0, 2), (0, 7), (4, 1), (2, 3), (4, 3), (4, 7), (5, 6), (7, 6)], [(0, 1), (0, 2), (0, 3), (0, 4), (0, 5), (0, 6), (0, 7), (1, 2), (3, 1), (3, 2), (4, 1), (4, 2), (4, 3), (5, 1), (5, 2), (5, 3), (5, 4), (5, 6), (5, 7), (6, 1), (6, 2), (6, 3), (6, 4), (6, 7), (7, 1), (7, 2), (7, 3), (7, 4)]], [[(0, 3), (0, 5), (0, 6), (1, 4), (1, 5), (2, 3), (2, 4), (2, 6), (7, 1), (7, 5)], [(1, 4), (1, 5), (1, 7), (2, 3), (2, 6), (2, 7), (3, 0), (4, 2), (4, 5), (4, 7), (5, 0), (5, 7), (6, 0)], [(0, 1), (0, 6), (1, 2), (1, 6), (1, 7), (3, 0), (3, 2), (3, 4), (3, 6), (4, 0), (4, 1), (4, 2), (4, 6), (4, 7), (5, 0), (5, 1), (5, 4), (5, 6), (5, 7), (6, 2), (7, 2), (7, 6)], [(0, 3), (0, 5), (6, 0), (4, 1), (1, 5), (1, 7), (3, 2), (2, 4), (6, 2), (5, 7)], [(0, 1), (0, 2), (0, 4), (0, 6), (0, 7), (2, 1), (2, 7), (3, 0), (3, 1), (3, 2), (3, 4), (3, 5), (3, 6), (3, 7), (4, 1), (4, 2), (4, 7), (5, 0), (5, 1), (5, 2), (5, 4), (5, 6), (5, 7), (6, 1), (6, 2), (6, 4), (6, 7), (7, 1)]], [[(0, 3), (0, 4), (1, 0), (1, 5), (2, 3), (2, 5), (6, 0), (6, 2), (7, 4)], [(0, 1), (0, 3), (0, 4), (0, 6), (0, 7), (1, 5), (2, 3), (4, 7), (5, 2), (6, 2)], [(0, 1), (0, 2), (0, 3), (0, 4), (0, 5), (0, 6), (2, 4), (3, 1), (3, 2), (3, 5), (4, 1), (5, 1), (5, 2), (5, 4), (6, 2), (7, 0), (7, 1), (7, 2), (7, 4), (7, 5)], [(1, 0), (0, 3), (0, 4), (6, 0), (1, 5), (2, 3), (5, 2), (6, 2), (4, 7)], [(0, 1), (0, 2), (0, 3), (0, 4), (0, 5), (0, 7), (1, 4), (2, 1), (2, 4), (2, 7), (3, 1), (3, 2), (3, 4), (3, 7), (5, 1), (5, 2), (5, 3), (5, 4), (5, 7), (6, 0), (6, 1), (6, 2), (6, 3), (6, 4), (6, 5), (6, 7), (7, 1), (7, 4)]], [[(0, 3), (1, 3), (1, 7), (2, 4), (2, 7), (3, 7), (4, 3), (4, 6), (5, 0), (6, 7)], [(0, 3), (0, 4), (0, 5), (1, 2), (3, 1), (3, 4), (3, 5), (4, 2), (6, 4), (6, 7), (7, 1), (7, 2)], [(0, 1), (0, 2), (0, 4), (0, 5), (0, 6), (1, 6), (2, 1), (2, 3), (3, 6), (4, 1), (4, 2), (4, 3), (4, 5), (4, 6), (5, 1), (5, 3), (5, 6), (7, 0), (7, 1), (7, 2), (7, 3), (7, 5), (7, 6)], [(3, 0), (5, 0), (3, 1), (7, 1), (4, 2), (7, 2), (3, 4), (3, 7), (6, 4), (6, 7)], [(0, 7), (1, 0), (1, 4), (1, 5), (1, 6), (1, 7), (2, 0), (2, 1), (2, 3), (2, 4), (2, 5), (2, 6), (2, 7), (3, 0), (3, 1), (3, 4), (3, 5), (3, 6), (3, 7), (4, 0), (4, 5), (4, 7), (5, 0), (5, 7), (6, 0), (6, 4), (6, 5), (6, 7)]], [[(0, 1), (0, 3), (0, 6), (1, 3), (1, 5), (2, 4), (2, 7), (4, 6), (5, 7), (6, 1), (7, 3)], [(0, 1), (0, 6), (1, 3), (1, 6), (2, 4), (2, 5), (2, 7), (4, 5), (5, 7), (6, 4), (7, 3)], [(0, 3), (0, 4), (0, 6), (1, 0), (1, 3), (1, 4), (1, 5), (1, 6), (1, 7), (2, 3), (2, 4), (2, 5), (2, 6), (2, 7), (4, 7), (5, 3), (5, 4), (5, 7), (6, 3), (6, 4)], [(1, 0), (3, 0), (6, 0), (3, 1), (5, 1), (1, 6), (2, 4), (2, 7), (7, 3), (6, 4), (5, 7)], [(0, 1), (0, 2), (2, 1), (3, 0), (3, 1), (3, 2), (3, 4), (3, 5), (3, 6), (3, 7), (4, 0), (4, 1), (4, 2), (4, 6), (5, 0), (5, 1), (5, 2), (5, 4), (5, 6), (5, 7), (6, 0), (6, 1), (6, 2), (7, 0), (7, 1), (7, 2), (7, 4), (7, 6)]], [[(0, 1), (1, 7), (2, 7), (3, 5), (3, 7), (4, 3), (4, 7), (5, 7), (6, 4), (6, 5)], [(0, 2), (0, 4), (1, 0), (2, 4), (2, 6), (3, 5), (3, 7), (5, 0), (5, 6), (5, 7), (6, 4), (7, 1), (7, 2)], [(0, 2), (0, 4), (0, 6), (1, 0), (1, 3), (1, 4), (1, 6), (2, 6), (4, 2), (4, 3), (4, 6), (5, 0), (5, 1), (5, 3), (5, 6), (6, 3), (7, 1), (7, 2), (7, 3), (7, 4), (7, 5)], [(0, 1), (7, 1), (7, 2), (3, 4), (5, 3), (3, 7), (6, 4), (4, 7), (6, 5), (5, 7)], [(0, 1), (0, 2), (0, 3), (0, 4), (0, 5), (0, 6), (0, 7), (2, 1), (2, 3), (2, 4), (2, 5), (2, 6), (2, 7), (3, 1), (3, 4), (3, 5), (3, 6), (3, 7), (4, 1), (4, 5), (4, 6), (4, 7), (5, 1), (6, 1), (6, 5), (6, 7), (7, 1), (7, 5)]], [[(0, 3), (0, 5), (3, 1), (4, 2), (5, 4), (6, 0), (6, 2), (6, 3), (7, 1), (7, 2)], [(0, 3), (0, 5), (0, 6), (2, 4), (2, 7), (3, 1), (3, 6), (4, 7), (5, 4), (6, 2), (7, 1)], [(0, 1), (0, 3), (0, 5), (0, 6), (2, 3), (2, 6), (4, 1), (4, 2), (4, 3), (4, 5), (5, 1), (5, 6), (6, 1), (6, 3), (7, 1), (7, 2), (7, 3), (7, 4), (7, 6)], [(0, 3), (5, 0), (0, 6), (3, 1), (7, 1), (2, 4), (2, 6), (7, 2), (6, 3), (4, 5)], [(1, 0), (1, 2), (1, 3), (1, 4), (1, 5), (1, 6), (1, 7), (2, 0), (2, 3), (2, 5), (2, 6), (3, 0), (4, 0), (4, 2), (4, 3), (4, 5), (4, 6), (4, 7), (5, 0), (5, 3), (6, 0), (6, 3), (6, 5), (7, 0), (7, 2), (7, 3), (7, 5), (7, 6)]], [[(0, 5), (0, 6), (1, 4), (1, 6), (2, 0), (2, 3), (2, 5), (3, 5), (4, 5), (7, 1), (7, 6)], [(0, 4), (0, 5), (0, 6), (1, 2), (1, 4), (1, 6), (1, 7), (2, 0), (2, 5), (2, 6), (3, 2), (3, 5), (4, 5)], [(1, 0), (1, 4), (1, 5), (1, 7), (2, 0), (2, 1), (2, 3), (2, 4), (2, 5), (2, 7), (3, 7), (4, 0), (4, 3), (4, 5), (4, 7), (5, 0), (5, 3), (5, 7), (6, 0), (6, 1), (6, 2), (6, 3), (6, 5)], [(0, 2), (5, 0), (0, 6), (4, 1), (1, 6), (1, 7), (3, 2), (5, 2), (3, 5), (4, 5), (6, 7)], [(0, 1), (0, 2), (0, 4), (0, 5), (0, 6), (0, 7), (1, 5), (2, 1), (2, 4), (2, 5), (2, 6), (2, 7), (3, 0), (3, 1), (3, 2), (3, 4), (3, 5), (3, 6), (3, 7), (4, 1), (4, 5), (4, 7), (6, 1), (6, 4), (6, 5), (6, 7), (7, 1), (7, 5)]], [[(0, 1), (0, 7), (1, 3), (2, 7), (3, 2), (3, 4), (4, 2), (4, 7), (5, 1), (5, 3), (5, 7), (6, 1)], [(0, 3), (0, 7), (1, 6), (2, 1), (2, 3), (2, 5), (2, 7), (3, 4), (4, 7), (5, 1), (5, 3), (5, 7)], [(0, 1), (0, 3), (0, 4), (0, 6), (1, 4), (1, 6), (2, 1), (3, 1), (3, 2), (3, 4), (3, 6), (4, 6), (5, 0), (5, 1), (5, 2), (5, 3), (5, 4), (5, 6), (7, 0), (7, 1), (7, 4), (7, 5)], [(1, 0), (7, 0), (1, 3), (1, 5), (1, 6), (2, 3), (4, 2), (2, 7), (4, 3), (3, 5), (4, 7), (5, 7)], [(1, 0), (1, 4), (1, 5), (2, 0), (2, 1), (2, 3), (2, 4), (2, 5), (2, 6), (3, 0), (3, 1), (3, 4), (3, 5), (3, 6), (4, 0), (5, 0), (5, 4), (6, 0), (6, 1), (6, 4), (6, 5), (7, 0), (7, 1), (7, 2), (7, 3), (7, 4), (7, 5), (7, 6)]], [[(0, 2), (0, 4), (0, 7), (1, 2), (1, 4), (2, 7), (3, 0), (3, 7), (4, 7), (5, 0), (5, 6)], [(0, 4), (0, 5), (1, 2), (1, 4), (1, 5), (2, 0), (2, 6), (2, 7), (3, 0), (5, 6), (7, 0), (7, 3), (7, 4)], [(0, 1), (0, 2), (0, 3), (0, 4), (0, 6), (0, 7), (1, 2), (1, 3), (1, 4), (1, 6), (2, 4), (2, 6), (2, 7), (3, 4), (3, 6), (3, 7), (4, 6), (4, 7), (5, 0), (5, 2), (5, 3), (5, 4), (5, 7)], [(2, 0), (0, 3), (0, 4), (5, 0), (0, 7), (2, 1), (4, 1), (2, 7), (3, 7), (7, 4), (5, 6)], [(1, 0), (1, 2), (1, 5), (1, 7), (2, 0), (2, 5), (2, 7), (3, 0), (3, 1), (3, 2), (3, 5), (3, 7), (4, 0), (4, 1), (4, 2), (4, 3), (4, 5), (4, 6), (4, 7), (5, 0), (5, 7), (6, 0), (6, 1), (6, 2), (6, 3), (6, 5), (6, 7), (7, 0)]], [[(0, 2), (0, 3), (1, 5), (1, 7), (2, 5), (2, 7), (3, 1), (3, 6), (4, 2), (5, 6), (5, 7), (6, 7)], [(0, 2), (2, 4), (2, 5), (3, 1), (4, 5), (5, 1), (5, 6), (6, 3), (7, 1), (7, 2), (7, 5), (7, 6)], [(0, 1), (0, 5), (1, 3), (2, 0), (2, 1), (2, 3), (2, 4), (2, 5), (4, 1), (4, 3), (4, 5), (5, 1), (6, 1), (6, 2), (6, 3), (6, 4), (6, 5), (7, 0), (7, 1), (7, 2), (7, 5), (7, 6)], [(0, 2), (3, 0), (1, 3), (5, 1), (1, 7), (4, 2), (5, 2), (7, 2), (3, 6), (5, 6), (5, 7), (6, 7)], [(0, 2), (0, 3), (0, 4), (1, 0), (1, 2), (1, 3), (1, 4), (3, 2), (3, 4), (4, 2), (5, 0), (5, 1), (5, 2), (5, 3), (5, 4), (5, 6), (6, 0), (6, 1), (6, 2), (6, 3), (6, 4), (7, 0), (7, 1), (7, 2), (7, 3), (7, 4), (7, 5), (7, 6)]], [[(1, 0), (2, 1), (2, 4), (2, 5), (2, 7), (3, 0), (3, 5), (3, 6), (4, 5), (6, 0), (6, 7), (7, 1)], [(0, 1), (0, 3), (0, 6), (1, 7), (2, 4), (2, 5), (3, 6), (4, 5), (5, 3), (7, 2), (7, 6)], [(2, 0), (2, 3), (2, 4), (2, 5), (3, 0), (3, 1), (3, 4), (3, 5), (4, 0), (5, 0), (6, 3), (6, 4), (7, 0), (7, 1), (7, 2), (7, 6)], [(0, 1), (0, 3), (0, 6), (2, 1), (7, 1), (2, 4), (5, 2), (2, 7), (5, 3), (3, 6), (5, 4), (6, 7)], [(0, 2), (0, 7), (1, 0), (1, 2), (1, 4), (1, 6), (1, 7), (2, 7), (3, 0), (3, 1), (3, 2), (3, 4), (3, 5), (3, 6), (3, 7), (4, 0), (4, 2), (4, 6), (4, 7), (5, 0), (5, 1), (5, 2), (5, 4), (5, 6), (5, 7), (6, 0), (6, 2), (6, 7)]], [[(0, 4), (1, 6), (2, 0), (2, 4), (2, 6), (3, 1), (3, 5), (4, 6), (4, 7), (5, 1), (5, 7)], [(0, 2), (0, 4), (1, 3), (1, 5), (1, 6), (2, 4), (3, 0), (3, 5), (3, 7), (4, 6), (4, 7), (5, 0), (5, 7)], [(0, 2), (2, 1), (2, 4), (3, 0), (3, 1), (3, 4), (3, 5), (5, 0), (5, 1), (5, 2), (5, 4), (6, 0), (6, 1), (6, 2), (6, 3), (6, 4), (7, 0), (7, 1), (7, 3), (7, 4), (7, 5), (7, 6)], [(2, 0), (4, 0), (1, 3), (1, 5), (1, 6), (2, 4), (2, 6), (5, 3), (6, 4), (4, 7), (5, 7)], [(0, 1), (0, 2), (0, 3), (0, 4), (0, 5), (0, 6), (0, 7), (1, 3), (2, 1), (2, 3), (2, 4), (2, 5), (4, 1), (4, 3), (5, 1), (5, 3), (5, 4), (6, 1), (6, 2), (6, 3), (6, 4), (6, 5), (6, 7), (7, 1), (7, 2), (7, 3), (7, 4), (7, 5)]], [[(0, 5), (0, 6), (1, 4), (1, 5), (1, 7), (2, 4), (2, 5), (2, 6), (2, 7), (3, 7), (5, 7), (6, 3)], [(0, 1), (0, 5), (0, 6), (1, 4), (1, 5), (1, 7), (2, 4), (2, 5), (2, 6), (2, 7), (3, 7), (6, 3), (7, 5)], [(0, 6), (1, 3), (1, 4), (1, 6), (2, 1), (2, 3), (2, 4), (2, 6), (4, 3), (5, 0), (5, 1), (5, 2), (5, 3), (5, 6), (7, 1), (7, 2), (7, 3), (7, 4), (7, 5), (7, 6)], [(5, 0), (0, 6), (1, 4), (1, 5), (1, 7), (2, 4), (2, 5), (2, 6), (2, 7), (6, 3), (3, 7), (5, 7)], [(0, 1), (0, 2), (0, 3), (0, 4), (0, 5), (0, 6), (0, 7), (1, 2), (1, 3), (1, 7), (2, 7), (3, 2), (3, 7), (4, 1), (4, 2), (4, 3), (4, 5), (4, 7), (5, 1), (5, 2), (5, 3), (5, 7), (6, 1), (6, 2), (6, 3), (6, 4), (6, 5), (6, 7)]], [[(0, 1), (0, 4), (2, 1), (5, 3), (5, 4), (6, 2), (6, 3), (7, 3), (7, 4)], [(0, 4), (1, 2), (2, 0), (2, 6), (3, 5), (3, 6), (3, 7), (4, 7), (5, 4)], [(0, 6), (1, 0), (1, 2), (1, 4), (1, 6), (1, 7), (2, 6), (3, 0), (3, 2), (3, 6), (4, 0), (4, 6), (5, 0), (5, 2), (5, 3), (5, 4), (5, 7), (7, 0), (7, 2), (7, 3), (7, 4)], [(0, 1), (0, 4), (1, 2), (2, 6), (5, 3), (3, 6), (3, 7), (5, 4), (4, 7)], [(0, 2), (0, 3), (0, 6), (1, 0), (1, 2), (1, 3), (1, 6), (2, 3), (2, 6), (4, 0), (4, 1), (4, 2), (4, 3), (4, 6), (5, 0), (5, 1), (5, 2), (5, 3), (5, 4), (5, 6), (5, 7), (6, 3), (7, 0), (7, 1), (7, 2), (7, 3), (7, 4), (7, 6)]], [[(0, 2), (0, 5), (1, 6), (2, 6), (3, 6), (4, 3), (5, 2), (5, 6), (7, 4)], [(0, 2), (0, 5), (1, 6), (2, 5), (2, 6), (2, 7), (3, 4), (4, 7), (5, 6), (6, 3)], [(0, 1), (0, 2), (0, 5), (0, 6), (2, 4), (2, 5), (2, 6), (2, 7), (3, 2), (3, 4), (3, 6), (3, 7), (4, 1), (4, 5), (4, 6), (5, 1), (6, 1), (6, 5), (7, 1), (7, 4), (7, 5)], [(2, 0), (5, 0), (1, 6), (5, 2), (2, 6), (3, 4), (6, 3), (4, 7), (5, 6)], [(0, 2), (0, 4), (0, 5), (0, 6), (0, 7), (1, 0), (1, 2), (1, 3), (1, 4), (1, 5), (1, 6), (1, 7), (2, 4), (2, 5), (3, 0), (3, 2), (3, 4), (3, 5), (3, 6), (3, 7), (5, 4), (6, 2), (6, 4), (6, 5), (6, 7), (7, 2), (7, 4), (7, 5)]], [[(0, 3), (0, 6), (1, 4), (2, 5), (2, 7), (3, 1), (4, 7), (5, 1), (5, 6), (6, 3)], [(0, 1), (0, 3), (0, 6), (1, 3), (2, 5), (3, 2), (4, 1), (4, 7), (6, 3), (6, 5)], [(0, 1), (0, 3), (0, 6), (0, 7), (1, 2), (1, 3), (3, 2), (4, 1), (4, 2), (4, 3), (4, 6), (4, 7), (5, 1), (5, 2), (5, 7), (6, 1), (6, 3), (6, 5), (6, 7), (7, 1), (7, 2)], [(3, 0), (6, 0), (3, 1), (4, 1), (5, 1), (2, 5), (2, 7), (6, 3), (4, 7), (5, 6)], [(0, 3), (0, 4), (0, 5), (0, 6), (0, 7), (1, 0), (1, 3), (1, 4), (1, 5), (1, 6), (1, 7), (2, 0), (2, 1), (2, 3), (2, 4), (2, 5), (2, 6), (2, 7), (3, 4), (3, 6), (3, 7), (5, 3), (5, 4), (5, 6), (5, 7), (6, 4), (6, 7), (7, 4)]], [[(0, 2), (1, 4), (1, 5), (1, 6), (2, 3), (2, 4), (2, 6), (3, 5), (6, 3), (7, 5)], [(1, 4), (1, 5), (1, 6), (2, 6), (3, 4), (3, 6), (4, 2), (5, 3), (5, 4), (5, 7), (7, 6)], [(0, 1), (1, 6), (2, 0), (2, 5), (2, 6), (3, 0), (3, 1), (3, 2), (3, 5), (3, 6), (4, 0), (4, 1), (4, 2), (4, 3), (4, 5), (5, 1), (5, 6), (7, 0), (7, 1), (7, 3), (7, 4), (7, 5), (7, 6)], [(2, 0), (1, 4), (5, 1), (1, 6), (2, 3), (2, 4), (2, 6), (5, 3), (3, 6), (7, 5)], [(0, 1), (0, 5), (1, 5), (2, 0), (2, 1), (2, 3), (2, 4), (2, 5), (2, 6), (3, 0), (3, 1), (3, 4), (3, 5), (3, 6), (4, 0), (4, 1), (4, 5), (6, 0), (6, 1), (6, 4), (6, 5), (7, 0), (7, 1), (7, 2), (7, 3), (7, 4), (7, 5), (7, 6)]], [[(0, 3), (0, 4), (0, 5), (1, 4), (1, 7), (2, 3), (2, 7), (3, 5), (4, 7), (6, 5), (7, 6)], [(0, 3), (0, 4), (0, 5), (2, 3), (2, 6), (2, 7), (4, 7), (5, 6), (7, 1), (7, 6)], [(0, 1), (0, 2), (0, 3), (0, 5), (1, 2), (3, 1), (3, 2), (4, 0), (4, 1), (4, 3), (5, 3), (6, 1), (6, 2), (6, 3), (6, 5), (7, 1), (7, 2), (7, 3), (7, 4), (7, 5), (7, 6)], [(0, 3), (0, 4), (0, 5), (1, 4), (1, 7), (2, 3), (2, 7), (5, 3), (4, 7), (5, 6), (7, 6)], [(0, 1), (0, 4), (0, 7), (1, 7), (2, 0), (2, 1), (2, 3), (2, 4), (2, 7), (3, 0), (3, 1), (3, 4), (3, 7), (4, 1), (4, 7), (5, 0), (5, 1), (5, 2), (5, 3), (5, 4), (5, 6), (5, 7), (6, 0), (6, 1), (6, 2), (6, 3), (6, 4), (6, 7)]], [[(0, 1), (0, 3), (3, 4), (5, 2), (5, 3), (5, 4), (6, 4), (7, 1), (7, 5)], [(0, 1), (2, 1), (3, 0), (4, 3), (4, 5), (4, 6), (5, 2), (5, 7), (7, 3)], [(0, 2), (0, 3), (0, 7), (1, 0), (1, 2), (2, 7), (4, 0), (4, 3), (5, 1), (5, 2), (5, 3), (5, 4), (5, 7), (6, 1), (6, 3), (6, 4), (6, 5), (6, 7)], [(0, 1), (0, 3), (7, 1), (5, 2), (4, 3), (3, 5), (4, 5), (4, 6), (5, 7)], [(0, 1), (0, 3), (0, 4), (0, 5), (0, 6), (0, 7), (1, 4), (1, 5), (1, 6), (1, 7), (2, 0), (2, 1), (2, 3), (2, 4), (2, 5), (2, 6), (2, 7), (3, 1), (3, 4), (3, 5), (3, 6), (3, 7), (4, 5), (4, 6), (4, 7), (6, 5), (6, 7), (7, 5)]], [[(0, 3), (0, 6), (1, 3), (2, 1), (2, 5), (4, 5), (6, 1), (6, 4), (7, 0), (7, 4)], [(0, 3), (1, 2), (2, 5), (3, 1), (4, 3), (4, 5), (4, 6), (4, 7), (6, 0), (6, 1), (7, 0), (7, 2)], [(0, 3), (0, 4), (0, 5), (0, 6), (1, 5), (2, 1), (2, 3), (2, 4), (2, 5), (2, 6), (3, 1), (3, 5), (3, 6), (4, 5), (6, 1), (6, 4), (7, 0), (7, 2), (7, 4), (7, 6)], [(0, 3), (6, 0), (7, 0), (1, 2), (3, 1), (6, 1), (2, 5), (4, 5), (4, 6), (7, 4)], [(0, 3), (0, 6), (1, 0), (1, 2), (1, 3), (1, 4), (1, 5), (1, 6), (1, 7), (2, 0), (2, 3), (2, 6), (4, 0), (4, 2), (4, 3), (4, 5), (4, 6), (5, 0), (5, 2), (5, 3), (5, 6), (6, 3), (7, 0), (7, 2), (7, 3), (7, 4), (7, 5), (7, 6)]], [[(1, 3), (1, 5), (2, 1), (2, 4), (3, 4), (4, 5), (6, 1), (6, 3), (7, 4)], [(0, 6), (0, 7), (2, 1), (2, 6), (3, 1), (3, 4), (3, 6), (4, 7), (5, 1), (5, 4), (5, 7), (6, 1), (7, 6)], [(2, 0), (2, 1), (2, 4), (2, 5), (2, 6), (2, 7), (3, 0), (3, 1), (3, 4), (3, 5), (3, 6), (3, 7), (4, 1), (4, 5), (5, 0), (5, 1), (6, 0), (6, 4), (7, 0), (7, 1), (7, 4), (7, 6)], [(2, 1), (3, 1), (5, 1), (1, 6), (2, 4), (3, 4), (3, 6), (5, 4), (7, 4)], [(0, 1), (0, 2), (0, 3), (0, 4), (0, 5), (0, 6), (1, 2), (1, 4), (1, 5), (1, 6), (3, 1), (3, 2), (3, 4), (3, 5), (3, 6), (4, 2), (4, 5), (4, 6), (5, 2), (5, 6), (6, 2), (7, 0), (7, 1), (7, 2), (7, 3), (7, 4), (7, 5), (7, 6)]], [[(0, 2), (0, 3), (0, 4), (1, 7), (2, 6), (3, 5), (4, 6), (4, 7), (5, 1), (5, 7), (6, 7)], [(0, 2), (0, 3), (0, 4), (0, 6), (1, 5), (2, 6), (4, 6), (4, 7), (5, 3), (6, 7), (7, 1)], [(0, 3), (0, 7), (1, 0), (1, 2), (1, 3), (1, 5), (1, 7), (2, 0), (4, 0), (4, 3), (4, 7), (5, 0), (5, 2), (5, 3), (5, 4), (6, 0), (6, 1), (6, 2), (6, 3), (6, 4), (6, 7)], [(0, 2), (3, 0), (0, 4), (5, 1), (7, 1), (6, 2), (3, 5), (6, 4), (7, 4), (7, 5), (7, 6)], [(0, 1), (0, 2), (0, 3), (0, 4), (0, 5), (0, 6), (0, 7), (1, 6), (2, 1), (2, 5), (2, 6), (3, 1), (3, 2), (3, 5), (3, 6), (3, 7), (4, 1), (4, 2), (4, 3), (4, 5), (4, 6), (4, 7), (5, 1), (5, 6), (7, 1), (7, 2), (7, 5), (7, 6)]], [[(0, 1), (0, 7), (1, 2), (1, 5), (1, 7), (2, 6), (3, 5), (4, 5), (4, 6), (4, 7), (6, 5), (7, 3)], [(0, 1), (0, 7), (1, 2), (1, 7), (4, 3), (4, 5), (4, 6), (4, 7), (5, 1), (5, 3), (5, 6), (7, 3)], [(0, 1), (0, 5), (0, 6), (1, 2), (1, 5), (1, 6), (3, 5), (4, 0), (4, 2), (4, 5), (4, 6), (6, 2), (6, 3), (6, 5), (7, 0), (7, 1), (7, 2), (7, 3), (7, 4), (7, 6)], [(1, 0), (7, 0), (2, 1), (5, 1), (7, 1), (2, 6), (5, 3), (7, 3), (4, 5), (4, 6), (7, 4), (6, 5)], [(0, 1), (0, 3), (0, 4), (0, 5), (0, 6), (0, 7), (1, 3), (1, 4), (1, 5), (1, 6), (1, 7), (2, 0), (2, 1), (2, 3), (2, 4), (2, 5), (2, 6), (2, 7), (3, 4), (3, 5), (3, 6), (3, 7), (5, 4), (6, 4), (6, 5), (7, 4), (7, 5), (7, 6)]], [[(0, 4), (1, 7), (2, 0), (2, 6), (3, 1), (3, 4), (4, 7), (5, 1), (5, 6), (6, 7)], [(0, 1), (0, 2), (0, 4), (1, 5), (2, 6), (3, 1), (3, 2), (4, 2), (4, 3), (5, 6), (7, 1), (7, 4), (7, 6)], [(0, 4), (0, 7), (1, 2), (1, 7), (2, 0), (2, 7), (3, 1), (3, 2), (3, 4), (3, 7), (5, 0), (5, 1), (5, 4), (5, 7), (6, 1), (6, 2), (6, 3), (6, 5), (6, 7), (7, 4)], [(0, 2), (0, 4), (3, 1), (1, 5), (7, 1), (2, 6), (4, 3), (7, 4), (5, 6), (7, 6)], [(0, 1), (0, 3), (0, 5), (0, 7), (1, 5), (1, 7), (2, 0), (2, 1), (2, 3), (2, 4), (2, 5), (2, 7), (3, 1), (3, 5), (3, 7), (4, 0), (4, 1), (4, 3), (4, 5), (4, 7), (6, 0), (6, 1), (6, 2), (6, 3), (6, 4), (6, 5), (6, 7), (7, 5)]], [[(0, 2), (0, 3), (1, 4), (2, 4), (5, 0), (5, 3), (6, 3), (6, 5), (7, 1)], [(0, 1), (0, 2), (0, 3), (0, 5), (0, 7), (2, 1), (3, 6), (4, 1), (4, 2), (6, 5), (6, 7), (7, 1)], [(0, 1), (0, 3), (2, 0), (2, 1), (2, 3), (2, 4), (2, 5), (3, 4), (3, 6), (4, 1), (5, 0), (5, 1), (6, 1), (6, 4), (7, 0), (7, 1), (7, 2), (7, 3), (7, 6)], [(0, 2), (0, 3), (5, 0), (4, 1), (7, 1), (4, 2), (5, 3), (6, 3), (6, 5)], [(0, 6), (0, 7), (1, 0), (1, 6), (1, 7), (2, 0), (2, 1), (2, 3), (2, 4), (2, 6), (2, 7), (3, 0), (3, 1), (3, 6), (3, 7), (4, 0), (4, 1), (4, 3), (4, 6), (4, 7), (5, 0), (5, 1), (5, 2), (5, 3), (5, 4), (5, 6), (5, 7), (6, 7)]], [[(0, 2), (1, 2), (3, 0), (4, 3), (5, 0), (5, 3)], [(0, 2), (0, 3), (0, 5), (0, 7), (1, 2), (1, 3), (3, 4), (3, 5), (6, 5), (7, 2)], [(0, 1), (0, 2), (0, 3), (0, 4), (0, 6), (0, 7), (1, 3), (1, 7), (2, 1), (2, 4), (2, 6), (2, 7), (3, 6), (5, 0), (5, 3), (5, 6), (5, 7), (6, 4), (7, 3), (7, 4), (7, 6)], [(0, 2), (0, 3), (5, 0), (1, 2), (4, 3), (5, 3)], [(1, 0), (1, 2), (2, 0), (3, 0), (3, 1), (3, 2), (3, 6), (3, 7), (4, 0), (4, 1), (4, 2), (4, 3), (4, 6), (4, 7), (5, 0), (5, 1), (5, 2), (5, 3), (5, 4), (5, 6), (5, 7), (6, 0), (6, 1), (6, 2), (6, 7), (7, 0), (7, 1), (7, 2)]], [[(0, 3), (2, 0), (3, 1), (3, 6), (4, 1), (4, 7), (5, 2), (5, 6), (7, 0), (7, 5)], [(0, 2), (0, 3), (0, 6), (0, 7), (1, 2), (1, 3), (1, 4), (2, 3), (3, 6), (4, 6), (4, 7), (6, 5)], [(0, 1), (0, 2), (0, 4), (0, 6), (0, 7), (1, 2), (1, 4), (1, 6), (3, 0), (3, 1), (3, 2), (3, 6), (3, 7), (4, 6), (4, 7), (5, 0), (5, 2), (5, 4)], [(2, 0), (0, 3), (7, 0), (3, 1), (4, 1), (5, 2), (6, 3), (7, 4), (6, 5), (7, 5)], [(1, 0), (1, 2), (1, 3), (1, 4), (1, 5), (1, 7), (2, 0), (3, 0), (3, 2), (3, 4), (3, 5), (3, 7), (4, 0), (4, 2), (4, 5), (4, 7), (5, 0), (5, 2), (6, 0), (6, 1), (6, 2), (6, 3), (6, 4), (6, 5), (6, 7), (7, 0), (7, 2), (7, 5)]], [[(0, 6), (0, 7), (1, 3), (1, 6), (2, 0), (3, 6), (3, 7), (4, 6), (4, 7), (5, 3), (5, 4)], [(0, 7), (1, 3), (1, 6), (1, 7), (2, 0), (2, 5), (3, 5), (3, 6), (3, 7), (4, 7), (5, 4), (6, 0), (6, 4)], [(0, 3), (0, 5), (0, 6), (0, 7), (2, 0), (2, 1), (2, 3), (2, 6), (2, 7), (3, 1), (3, 6), (3, 7), (4, 0), (4, 5), (4, 7), (5, 1), (5, 3), (6, 1), (6, 7), (7, 1)], [(2, 0), (6, 0), (7, 0), (3, 1), (6, 1), (3, 5), (6, 3), (3, 7), (5, 4), (6, 4), (4, 7)], [(0, 1), (0, 3), (0, 4), (0, 6), (1, 3), (1, 4), (1, 6), (2, 0), (2, 1), (2, 3), (2, 4), (2, 6), (3, 6), (4, 3), (4, 6), (5, 0), (5, 1), (5, 2), (5, 3), (5, 4), (5, 6), (5, 7), (7, 0), (7, 1), (7, 2), (7, 3), (7, 4), (7, 6)]], [[(0, 4), (1, 2), (1, 3), (2, 0), (4, 3), (5, 1), (5, 3), (6, 2), (7, 1), (7, 6)], [(0, 2), (0, 3), (0, 4), (1, 3), (2, 1), (2, 6), (4, 1), (4, 3), (4, 5), (5, 1), (5, 3), (6, 5), (6, 7), (7, 1)], [(0, 2), (0, 4), (0, 5), (0, 6), (1, 0), (1, 2), (1, 3), (1, 5), (1, 6), (3, 2), (3, 5), (4, 3), (4, 5), (4, 6), (5, 2), (6, 2), (6, 5), (7, 1), (7, 2), (7, 4), (7, 5), (7, 6)], [(2, 0), (0, 4), (2, 1), (1, 3), (5, 1), (7, 1), (6, 2), (4, 3), (5, 3), (7, 6)], [(1, 0), (2, 0), (2, 1), (2, 7), (3, 0), (3, 1), (3, 2), (3, 4), (3, 7), (4, 0), (4, 1), (4, 2), (4, 7), (5, 0), (5, 1), (5, 2), (5, 3), (5, 4), (5, 7), (6, 0), (6, 1), (6, 2), (6, 3), (6, 4), (6, 5), (6, 7), (7, 0), (7, 1)]], [[(0, 2), (0, 3), (0, 6), (1, 2), (1, 3), (1, 6), (3, 4), (5, 0), (5, 2), (5, 3), (7, 2)], [(0, 3), (0, 6), (1, 2), (1, 3), (1, 5), (1, 6), (1, 7), (2, 0), (2, 7), (3, 4), (5, 0), (5, 2), (5, 3)], [(0, 1), (0, 2), (0, 7), (1, 2), (1, 7), (3, 0), (3, 1), (3, 7), (4, 0), (4, 3), (4, 7), (5, 0), (5, 1), (5, 2), (5, 3), (5, 7), (6, 0), (6, 1), (6, 2), (6, 4), (6, 7), (7, 2)], [(2, 0), (0, 3), (0, 5), (0, 6), (2, 1), (3, 1), (1, 6), (2, 5), (7, 2), (3, 4), (3, 5)], [(0, 1), (0, 2), (0, 3), (0, 5), (0, 6), (0, 7), (1, 2), (1, 3), (1, 5), (2, 3), (2, 5), (3, 5), (4, 0), (4, 1), (4, 2), (4, 3), (4, 5), (4, 6), (4, 7), (6, 1), (6, 2), (6, 3), (6, 5), (6, 7), (7, 1), (7, 2), (7, 3), (7, 5)]], [[(0, 1), (1, 2), (2, 3), (2, 7), (3, 7), (4, 0), (4, 7), (5, 1), (5, 3), (6, 2), (6, 3), (6, 5)], [(0, 1), (0, 4), (0, 5), (0, 6), (0, 7), (1, 2), (1, 5), (2, 7), (3, 2), (5, 3), (5, 6), (6, 2), (6, 3)], [(0, 1), (2, 1), (2, 3), (2, 6), (2, 7), (3, 1), (4, 0), (4, 1), (4, 3), (4, 6), (4, 7), (5, 0), (5, 2), (5, 3), (5, 4), (5, 6), (5, 7), (6, 0), (7, 0), (7, 1), (7, 6)], [(0, 1), (4, 0), (2, 1), (1, 5), (2, 3), (2, 6), (2, 7), (3, 5), (3, 6), (7, 3), (4, 7), (5, 6)], [(0, 2), (0, 5), (0, 6), (1, 0), (1, 2), (1, 4), (1, 5), (1, 6), (1, 7), (3, 0), (3, 1), (3, 2), (3, 4), (3, 5), (3, 6), (3, 7), (4, 0), (4, 2), (4, 5), (4, 6), (4, 7), (5, 2), (5, 6), (6, 2), (7, 0), (7, 2), (7, 5), (7, 6)]], [[(0, 2), (0, 4), (0, 5), (0, 7), (1, 2), (1, 7), (2, 3), (3, 5), (4, 6), (5, 6), (6, 7)], [(0, 1), (0, 2), (0, 4), (0, 7), (1, 2), (1, 3), (1, 7), (3, 2), (3, 5), (5, 6), (6, 4), (6, 7)], [(0, 2), (1, 0), (1, 2), (1, 3), (1, 4), (1, 6), (1, 7), (3, 2), (4, 0), (4, 2), (4, 6), (4, 7), (5, 1), (5, 2), (5, 6), (5, 7), (6, 0), (6, 3), (7, 0), (7, 2), (7, 3), (7, 6)], [(0, 2), (0, 4), (0, 5), (7, 0), (1, 2), (1, 7), (2, 3), (3, 5), (6, 4), (6, 5), (6, 7)], [(0, 3), (0, 5), (1, 0), (1, 2), (1, 3), (1, 5), (2, 0), (2, 3), (2, 5), (3, 5), (4, 0), (4, 1), (4, 2), (4, 3), (4, 5), (4, 6), (6, 0), (6, 1), (6, 2), (6, 3), (6, 5), (7, 0), (7, 1), (7, 2), (7, 3), (7, 4), (7, 5), (7, 6)]], [[(0, 1), (1, 2), (1, 7), (2, 3), (2, 4), (4, 7), (5, 0), (5, 3), (6, 2)], [(0, 1), (0, 5), (1, 6), (1, 7), (2, 1), (2, 3), (2, 4), (2, 5), (2, 6), (4, 7), (5, 3), (7, 5)], [(0, 1), (0, 7), (2, 1), (2, 3), (4, 0), (4, 1), (4, 2), (4, 3), (4, 5), (4, 7), (5, 0), (5, 2), (5, 3), (5, 7), (6, 0), (6, 2), (6, 3), (6, 4), (7, 1), (7, 2)], [(1, 0), (5, 0), (2, 1), (1, 7), (2, 3), (4, 2), (2, 6), (5, 3), (4, 7)], [(0, 1), (0, 2), (0, 3), (0, 4), (0, 5), (0, 6), (0, 7), (1, 2), (1, 6), (3, 1), (3, 2), (3, 6), (4, 1), (4, 2), (4, 3), (4, 5), (4, 6), (4, 7), (5, 1), (5, 2), (5, 3), (5, 6), (6, 2), (7, 1), (7, 2), (7, 3), (7, 5), (7, 6)]], [[(0, 5), (1, 7), (2, 3), (2, 4), (3, 4), (3, 5), (3, 7), (5, 6), (6, 7)], [(2, 5), (3, 2), (3, 4), (3, 5), (3, 7), (4, 2), (5, 0), (6, 0), (6, 5), (6, 7), (7, 1)], [(0, 1), (0, 5), (0, 6), (2, 1), (3, 0), (3, 1), (3, 2), (3, 5), (3, 6), (4, 0), (4, 3), (4, 5), (5, 2), (6, 1), (6, 2), (7, 0), (7, 1), (7, 2), (7, 3), (7, 5), (7, 6)], [(0, 5), (7, 1), (2, 3), (2, 4), (3, 4), (5, 3), (3, 7), (6, 5), (6, 7)], [(0, 1), (0, 2), (0, 3), (0, 4), (0, 5), (0, 6), (0, 7), (1, 2), (1, 3), (1, 4), (1, 5), (1, 6), (1, 7), (2, 3), (2, 4), (2, 6), (2, 7), (4, 3), (4, 7), (5, 2), (5, 3), (5, 4), (5, 6), (5, 7), (6, 3), (6, 4), (6, 7), (7, 3)]], [[(2, 4), (2, 6), (3, 1), (3, 6), (3, 7), (4, 0), (4, 7), (6, 1), (7, 5)], [(0, 1), (0, 4), (0, 7), (1, 6), (3, 1), (3, 6), (3, 7), (4, 2), (5, 2), (6, 2), (7, 4), (7, 5)], [(1, 0), (1, 3), (1, 4), (1, 5), (1, 7), (2, 0), (2, 3), (2, 4), (2, 5), (2, 7), (3, 5), (4, 0), (4, 3), (4, 5), (4, 7), (5, 7), (6, 0), (6, 1), (6, 2), (6, 3), (6, 7)], [(4, 0), (3, 1), (6, 1), (2, 4), (6, 2), (3, 6), (7, 3), (7, 4), (7, 5)], [(0, 1), (0, 4), (0, 6), (1, 4), (1, 6), (2, 0), (2, 1), (2, 4), (2, 6), (3, 0), (3, 1), (3, 2), (3, 4), (3, 6), (3, 7), (4, 6), (5, 0), (5, 1), (5, 2), (5, 3), (5, 4), (5, 6), (5, 7), (7, 0), (7, 1), (7, 2), (7, 4), (7, 6)]], [[(1, 2), (1, 3), (2, 4), (3, 4), (3, 6), (5, 0), (5, 2), (6, 0), (6, 7), (7, 2), (7, 5)], [(0, 1), (0, 5), (0, 6), (2, 1), (2, 7), (4, 1), (4, 2), (5, 2), (5, 7), (7, 6)], [(0, 1), (0, 2), (0, 5), (0, 6), (0, 7), (2, 1), (2, 4), (2, 5), (2, 6), (2, 7), (3, 2), (3, 5), (4, 1), (5, 4), (6, 1), (7, 1), (7, 4), (7, 5), (7, 6)], [(5, 0), (6, 0), (2, 1), (1, 3), (2, 4), (2, 5), (2, 7), (3, 4), (6, 3), (7, 5), (6, 7)], [(0, 2), (0, 5), (0, 6), (0, 7), (1, 0), (1, 2), (1, 5), (1, 6), (1, 7), (2, 7), (3, 0), (3, 1), (3, 2), (3, 4), (3, 5), (3, 6), (3, 7), (4, 0), (4, 1), (4, 2), (4, 5), (4, 6), (4, 7), (5, 2), (5, 7), (6, 2), (6, 5), (6, 7)]], [[(0, 5), (0, 7), (1, 4), (2, 1), (2, 3), (2, 7), (3, 1), (3, 5), (4, 5), (4, 7), (6, 0), (6, 3)], [(1, 0), (1, 2), (1, 3), (2, 7), (3, 2), (3, 5), (3, 6), (4, 7), (5, 0), (5, 4)], [(0, 1), (2, 3), (2, 4), (2, 5), (2, 6), (3, 1), (4, 0), (4, 3), (4, 5), (5, 0), (5, 1), (5, 3), (6, 0), (6, 1), (6, 3), (6, 5), (7, 0), (7, 2), (7, 3), (7, 4), (7, 5)], [(0, 5), (6, 0), (7, 0), (2, 1), (1, 3), (4, 1), (2, 3), (2, 7), (3, 5), (3, 6), (4, 5), (4, 7)], [(0, 1), (0, 2), (0, 3), (0, 4), (0, 5), (0, 6), (0, 7), (1, 2), (1, 3), (1, 4), (1, 6), (1, 7), (2, 3), (2, 6), (3, 6), (4, 2), (4, 3), (4, 6), (4, 7), (5, 1), (5, 2), (5, 3), (5, 4), (5, 6), (5, 7), (7, 2), (7, 3), (7, 6)]], [[(0, 3), (0, 4), (0, 6), (1, 7), (2, 4), (2, 6), (2, 7), (5, 1), (5, 2), (5, 6), (6, 3)], [(0, 3), (1, 4), (1, 5), (1, 7), (4, 2), (5, 2), (5, 6), (5, 7), (6, 0), (6, 2), (6, 3), (6, 4), (7, 2)], [(0, 3), (0, 6), (2, 1), (3, 1), (3, 6), (4, 0), (4, 2), (4, 6), (5, 0), (5, 1), (5, 2), (5, 3), (5, 4), (5, 6), (6, 1), (7, 1), (7, 2), (7, 3), (7, 5), (7, 6)], [(0, 3), (4, 0), (0, 6), (5, 1), (7, 1), (4, 2), (2, 5), (2, 6), (7, 2), (6, 3), (5, 6)], [(0, 1), (0, 2), (0, 3), (0, 4), (0, 5), (0, 6), (0, 7), (1, 5), (1, 7), (2, 1), (2, 5), (2, 7), (3, 1), (3, 2), (3, 4), (3, 5), (3, 6), (3, 7), (4, 1), (4, 2), (4, 5), (4, 7), (6, 1), (6, 2), (6, 4), (6, 5), (6, 7), (7, 5)]], [[(0, 3), (1, 2), (2, 3), (2, 4), (3, 5), (4, 6), (6, 5), (7, 3), (7, 4)], [(0, 3), (0, 4), (1, 2), (1, 3), (2, 0), (2, 3), (2, 4), (3, 5), (3, 7), (4, 6), (6, 5), (7, 4), (7, 5)], [(0, 3), (0, 4), (0, 5), (0, 7), (1, 3), (1, 5), (1, 6), (1, 7), (2, 1), (2, 3), (2, 4), (2, 6), (2, 7), (3, 6), (4, 1), (4, 5), (4, 7), (5, 3), (5, 6), (7, 3), (7, 6)], [(3, 0), (2, 1), (2, 3), (4, 2), (3, 5), (7, 3), (4, 6), (7, 4), (6, 5)], [(0, 1), (0, 2), (0, 3), (0, 4), (0, 5), (0, 7), (2, 1), (3, 1), (3, 2), (4, 1), (4, 2), (4, 3), (4, 5), (5, 1), (5, 2), (5, 3), (6, 0), (6, 1), (6, 2), (6, 3), (6, 4), (6, 5), (6, 7), (7, 1), (7, 2), (7, 3), (7, 4), (7, 5)]], [[(0, 2), (1, 4), (2, 1), (2, 3), (2, 5), (3, 4), (5, 1), (6, 3), (6, 7), (7, 0), (7, 4)], [(0, 2), (0, 7), (1, 4), (1, 5), (2, 1), (2, 3), (2, 5), (3, 6), (6, 1), (7, 4), (7, 6)], [(0, 2), (0, 4), (0, 5), (0, 7), (1, 2), (1, 3), (1, 4), (1, 5), (1, 7), (2, 3), (2, 5), (2, 6), (4, 3), (4, 6), (7, 3), (7, 4), (7, 5), (7, 6)], [(2, 0), (7, 0), (1, 2), (4, 1), (1, 5), (2, 3), (2, 5), (4, 3), (3, 6), (4, 7), (6, 7)], [(0, 1), (0, 2), (0, 3), (0, 4), (0, 7), (1, 2), (1, 3), (1, 4), (1, 7), (3, 2), (3, 7), (4, 2), (4, 3), (4, 7), (5, 0), (5, 1), (5, 2), (5, 3), (5, 4), (5, 6), (5, 7), (6, 0), (6, 1), (6, 2), (6, 3), (6, 4), (6, 7), (7, 2)]], [[(0, 4), (1, 5), (2, 0), (3, 0), (3, 1), (4, 6), (5, 7), (6, 7)], [(0, 2), (1, 3), (3, 0), (4, 3), (4, 6), (5, 1), (5, 7), (6, 1), (6, 7)], [(0, 6), (2, 0), (2, 1), (2, 3), (2, 4), (2, 6), (3, 0), (3, 1), (3, 6), (4, 1), (4, 6), (4, 7), (5, 0), (5, 1), (5, 2), (5, 3), (5, 6), (5, 7), (6, 1), (6, 7)], [(0, 2), (3, 0), (0, 4), (1, 3), (5, 1), (6, 4), (5, 7), (6, 7)], [(0, 1), (0, 4), (0, 5), (0, 6), (1, 4), (2, 0), (2, 1), (2, 4), (2, 5), (2, 6), (3, 0), (3, 1), (3, 2), (3, 4), (3, 5), (3, 6), (5, 1), (5, 4), (5, 6), (6, 1), (6, 4), (7, 0), (7, 1), (7, 2), (7, 3), (7, 4), (7, 5), (7, 6)]], [[(0, 1), (0, 2), (0, 6), (1, 4), (1, 7), (2, 5), (3, 5), (4, 5), (4, 6), (6, 7), (7, 3)], [(0, 1), (0, 2), (0, 6), (1, 4), (2, 3), (3, 6), (4, 5), (5, 2), (5, 3), (7, 1), (7, 3), (7, 6)], [(0, 1), (0, 2), (0, 3), (0, 7), (2, 1), (2, 7), (3, 1), (3, 2), (3, 7), (4, 0), (4, 1), (4, 3), (4, 5), (4, 7), (5, 1), (5, 2), (5, 3), (5, 7), (6, 0), (6, 2), (6, 3), (6, 4), (6, 7), (7, 1)], [(1, 0), (0, 2), (6, 0), (1, 4), (7, 1), (5, 2), (5, 3), (7, 3), (4, 5), (4, 6), (7, 6)], [(0, 1), (0, 7), (2, 0), (2, 1), (2, 3), (2, 4), (2, 5), (2, 6), (2, 7), (3, 0), (3, 1), (3, 7), (4, 0), (4, 1), (4, 3), (4, 7), (5, 0), (5, 1), (5, 3), (5, 4), (5, 7), (6, 0), (6, 1), (6, 3), (6, 4), (6, 5), (6, 7), (7, 1)]], [[(0, 2), (0, 4), (1, 2), (1, 7), (2, 5), (3, 0), (3, 6), (6, 5), (6, 7), (7, 4)], [(0, 2), (0, 3), (0, 4), (0, 7), (1, 2), (1, 7), (2, 4), (2, 5), (3, 6), (6, 5), (6, 7), (7, 4)], [(0, 1), (0, 2), (0, 3), (0, 4), (0, 6), (1, 2), (1, 3), (2, 4), (2, 6), (3, 2), (3, 6), (5, 1), (5, 2), (5, 3), (5, 4), (5, 6), (7, 0), (7, 1), (7, 2), (7, 4), (7, 5), (7, 6)], [(0, 2), (3, 0), (0, 4), (1, 2), (1, 7), (2, 5), (6, 3), (7, 4), (6, 5), (6, 7)], [(1, 0), (1, 3), (1, 4), (1, 7), (2, 0), (2, 1), (2, 3), (2, 4), (2, 7), (3, 0), (4, 0), (4, 3), (5, 0), (5, 1), (5, 2), (5, 3), (5, 4), (5, 6), (5, 7), (6, 0), (6, 1), (6, 2), (6, 3), (6, 4), (6, 7), (7, 0), (7, 3), (7, 4)]], [[(0, 1), (0, 6), (1, 5), (1, 7), (2, 3), (2, 6), (4, 2), (6, 3), (6, 7)], [(1, 0), (1, 2), (1, 5), (1, 7), (2, 3), (2, 4), (5, 7), (6, 0), (6, 2), (6, 3), (7, 2), (7, 6)], [(0, 5), (0, 7), (1, 0), (1, 2), (1, 5), (1, 7), (2, 0), (2, 4), (2, 5), (2, 7), (3, 0), (3, 2), (3, 7), (4, 0), (6, 1), (6, 2), (6, 3), (6, 4), (6, 7)], [(0, 1), (6, 0), (1, 5), (1, 7), (2, 3), (4, 2), (6, 2), (6, 3), (6, 7)], [(0, 1), (0, 2), (0, 3), (0, 5), (0, 6), (2, 1), (3, 1), (3, 2), (3, 6), (4, 0), (4, 1), (4, 2), (4, 3), (4, 5), (4, 6), (4, 7), (5, 1), (5, 2), (5, 3), (5, 6), (6, 1), (6, 2), (7, 0), (7, 1), (7, 2), (7, 3), (7, 5), (7, 6)]], [[(0, 4), (0, 7), (1, 2), (2, 4), (3, 1), (3, 5), (3, 7), (5, 4), (6, 4), (6, 5), (7, 1)], [(1, 7), (2, 0), (2, 1), (2, 4), (3, 1), (3, 5), (4, 0), (4, 5), (6, 3), (6, 4), (6, 5), (7, 0), (7, 4)], [(0, 1), (0, 4), (0, 5), (0, 7), (1, 2), (1, 5), (1, 6), (1, 7), (2, 6), (2, 7), (3, 1), (3, 2), (3, 4), (3, 6), (3, 7), (4, 1), (4, 2), (4, 5), (4, 6), (4, 7), (5, 6), (5, 7)], [(4, 0), (0, 7), (2, 1), (3, 1), (7, 1), (2, 4), (3, 5), (3, 7), (4, 5), (6, 4), (6, 5)], [(0, 1), (0, 2), (0, 3), (0, 4), (0, 5), (0, 6), (0, 7), (1, 2), (1, 3), (1, 4), (1, 6), (1, 7), (2, 4), (3, 2), (3, 4), (3, 7), (5, 1), (5, 2), (5, 3), (5, 4), (5, 6), (5, 7), (6, 2), (6, 3), (6, 4), (6, 7), (7, 2), (7, 4)]], [[(0, 1), (0, 3), (0, 5), (1, 3), (1, 5), (2, 5), (4, 3), (4, 7), (6, 1), (6, 3), (6, 7)], [(0, 1), (0, 3), (1, 5), (1, 6), (2, 3), (2, 5), (2, 7), (3, 4), (4, 7), (6, 3), (6, 7)], [(0, 1), (2, 1), (2, 3), (2, 6), (2, 7), (3, 0), (3, 1), (4, 0), (4, 1), (4, 2), (4, 3), (4, 6), (4, 7), (5, 0), (5, 1), (5, 2), (5, 3), (5, 7), (6, 0), (6, 1), (6, 3), (6, 7), (7, 0)], [(0, 1), (3, 0), (0, 5), (3, 1), (5, 1), (6, 1), (2, 5), (3, 4), (6, 3), (4, 7), (6, 7)], [(0, 1), (0, 2), (0, 3), (0, 4), (0, 5), (0, 6), (0, 7), (1, 5), (1, 6), (2, 1), (2, 3), (2, 4), (2, 5), (2, 6), (3, 1), (3, 4), (3, 5), (3, 6), (4, 1), (4, 5), (4, 6), (6, 5), (7, 1), (7, 2), (7, 3), (7, 4), (7, 5), (7, 6)]], [[(0, 6), (2, 5), (2, 7), (3, 4), (3, 7), (4, 5), (4, 6), (5, 0), (5, 6), (7, 1)], [(1, 7), (2, 5), (4, 0), (4, 3), (4, 5), (4, 6), (5, 0), (5, 6), (7, 2), (7, 3)], [(0, 2), (1, 0), (1, 2), (1, 4), (2, 4), (3, 0), (3, 1), (3, 2), (5, 0), (5, 3), (5, 4), (6, 0), (6, 2), (6, 4), (6, 5), (7, 0), (7, 1), (7, 2), (7, 3), (7, 4), (7, 5), (7, 6)], [(5, 0), (0, 6), (7, 1), (2, 5), (7, 2), (4, 3), (7, 3), (4, 5), (4, 6), (5, 6)], [(0, 1), (0, 3), (0, 4), (0, 5), (0, 6), (2, 0), (2, 1), (2, 3), (2, 4), (2, 5), (2, 6), (2, 7), (3, 1), (3, 4), (3, 5), (3, 6), (4, 1), (5, 1), (5, 4), (5, 6), (6, 1), (6, 4), (7, 0), (7, 1), (7, 3), (7, 4), (7, 5), (7, 6)]], [[(0, 2), (1, 0), (1, 4), (2, 3), (2, 7), (4, 7), (5, 4), (6, 3), (6, 4)], [(0, 2), (1, 0), (1, 4), (2, 7), (3, 2), (3, 6), (4, 5), (4, 7), (5, 7), (6, 4)], [(0, 2), (0, 3), (0, 5), (0, 6), (0, 7), (1, 0), (1, 2), (1, 3), (1, 5), (1, 6), (2, 3), (2, 5), (2, 6), (2, 7), (4, 0), (4, 1), (4, 5), (4, 6), (4, 7), (5, 3), (5, 6), (5, 7), (6, 3), (7, 6)], [(1, 0), (0, 2), (1, 4), (3, 2), (7, 2), (3, 6), (5, 4), (4, 6), (4, 7)], [(1, 0), (1, 2), (1, 4), (1, 5), (1, 7), (2, 0), (2, 4), (2, 7), (3, 0), (3, 1), (3, 2), (3, 4), (3, 5), (3, 7), (4, 0), (4, 7), (5, 0), (5, 2), (5, 4), (5, 7), (6, 0), (6, 1), (6, 2), (6, 3), (6, 4), (6, 5), (6, 7), (7, 0)]], [[(0, 2), (0, 3), (1, 0), (1, 5), (2, 3), (2, 4), (3, 5), (4, 5), (4, 6), (7, 1), (7, 6)], [(0, 3), (1, 0), (2, 0), (2, 3), (2, 4), (5, 3), (5, 4), (6, 4), (6, 7), (7, 1), (7, 3)], [(1, 0), (1, 6), (2, 1), (2, 3), (2, 4), (2, 5), (2, 6), (3, 0), (3, 4), (3, 5), (4, 1), (4, 6), (5, 0), (5, 1), (5, 4), (5, 6), (7, 1), (7, 3), (7, 4)], [(1, 0), (2, 0), (0, 3), (5, 1), (7, 1), (2, 3), (2, 4), (5, 3), (5, 4), (6, 4), (7, 6)], [(0, 1), (0, 2), (0, 3), (0, 4), (0, 5), (0, 6), (0, 7), (1, 2), (1, 3), (1, 5), (1, 6), (1, 7), (2, 3), (2, 5), (2, 7), (3, 5), (3, 7), (4, 1), (4, 2), (4, 3), (4, 5), (4, 6), (4, 7), (6, 2), (6, 3), (6, 5), (6, 7), (7, 5)]], [[(1, 0), (1, 2), (1, 5), (3, 1), (4, 2), (4, 6), (6, 2), (7, 4), (7, 5)], [(0, 1), (1, 2), (1, 3), (1, 5), (2, 6), (4, 2), (4, 6), (5, 4), (5, 7)], [(1, 0), (1, 2), (1, 4), (1, 7), (3, 1), (3, 2), (3, 4), (3, 7), (4, 0), (4, 2), (4, 7), (5, 0), (5, 1), (5, 2), (5, 4), (6, 0), (6, 3), (6, 4), (6, 5), (7, 0), (7, 2)], [(1, 0), (1, 2), (1, 3), (5, 1), (4, 2), (2, 6), (4, 6), (7, 4), (7, 5)], [(0, 1), (0, 5), (1, 5), (2, 0), (2, 1), (2, 5), (3, 0), (3, 1), (3, 2), (3, 4), (3, 5), (4, 0), (4, 1), (4, 2), (4, 5), (6, 0), (6, 1), (6, 2), (6, 3), (6, 4), (6, 5), (7, 0), (7, 1), (7, 2), (7, 3), (7, 4), (7, 5), (7, 6)]], [[(0, 1), (0, 6), (1, 7), (2, 7), (3, 0), (3, 1), (4, 7), (5, 4), (5, 6), (6, 4)], [(0, 1), (0, 3), (0, 6), (1, 3), (1, 7), (4, 5), (4, 7), (6, 4), (6, 5), (7, 2)], [(1, 2), (1, 3), (1, 5), (1, 6), (2, 5), (2, 6), (3, 0), (4, 0), (4, 1), (4, 3), (4, 6), (6, 0), (6, 3), (7, 0), (7, 1), (7, 2), (7, 4)], [(0, 1), (0, 3), (6, 0), (1, 3), (1, 7), (7, 2), (4, 5), (6, 4), (4, 7), (6, 5)], [(0, 6), (1, 0), (1, 6), (2, 0), (2, 1), (2, 3), (2, 4), (2, 6), (2, 7), (3, 0), (3, 1), (3, 6), (4, 0), (4, 1), (4, 3), (4, 6), (5, 0), (5, 1), (5, 2), (5, 3), (5, 4), (5, 6), (5, 7), (7, 0), (7, 1), (7, 3), (7, 4), (7, 6)]], [[(0, 6), (2, 1), (3, 1), (4, 2), (5, 4), (6, 2), (6, 4), (7, 0), (7, 1)], [(0, 3), (1, 2), (1, 3), (1, 7), (2, 4), (2, 6), (4, 5), (4, 6), (6, 0), (7, 0)], [(0, 4), (0, 5), (1, 2), (1, 3), (1, 4), (1, 5), (3, 0), (3, 2), (3, 4), (5, 2), (5, 4), (6, 0), (6, 1), (6, 2), (6, 3), (6, 4), (6, 5), (7, 0), (7, 1), (7, 2)], [(6, 0), (7, 0), (1, 2), (1, 3), (7, 1), (2, 4), (2, 6), (4, 5), (6, 4)], [(0, 1), (0, 2), (0, 3), (0, 4), (0, 6), (2, 1), (3, 1), (3, 2), (3, 4), (3, 6), (4, 1), (4, 2), (4, 6), (5, 0), (5, 1), (5, 2), (5, 3), (5, 4), (5, 6), (6, 1), (6, 2), (7, 0), (7, 1), (7, 2), (7, 3), (7, 4), (7, 5), (7, 6)]], [[(0, 2), (0, 3), (0, 7), (1, 3), (1, 6), (1, 7), (2, 4), (2, 5), (3, 4), (3, 6), (5, 6), (5, 7)], [(0, 2), (0, 3), (0, 4), (0, 7), (1, 3), (1, 6), (1, 7), (2, 4), (2, 5), (3, 4), (3, 6), (5, 6), (5, 7)], [(2, 4), (2, 5), (3, 0), (3, 1), (3, 4), (4, 1), (5, 0), (5, 1), (5, 3), (5, 4), (5, 6), (6, 0), (6, 1), (6, 3), (6, 4), (7, 0), (7, 1), (7, 4), (7, 5), (7, 6)], [(2, 0), (0, 3), (0, 7), (1, 3), (1, 6), (1, 7), (2, 4), (5, 2), (3, 4), (3, 6), (5, 6), (5, 7)], [(0, 1), (0, 2), (0, 3), (0, 4), (0, 5), (0, 6), (0, 7), (1, 2), (1, 3), (1, 4), (1, 5), (1, 6), (1, 7), (2, 3), (2, 4), (2, 5), (2, 6), (2, 7), (4, 3), (4, 5), (4, 6), (4, 7), (5, 3), (6, 3), (6, 5), (7, 3), (7, 5), (7, 6)]], [[(0, 1), (0, 6), (1, 3), (1, 5), (2, 5), (2, 6), (2, 7), (3, 7), (4, 3), (4, 5), (4, 6)], [(0, 1), (1, 5), (2, 5), (2, 6), (3, 1), (3, 4), (3, 7), (4, 0), (4, 5), (4, 6), (6, 0), (7, 1)], [(0, 1), (0, 2), (0, 3), (0, 4), (0, 5), (0, 6), (1, 6), (2, 1), (2, 3), (2, 5), (2, 6), (3, 1), (3, 6), (4, 3), (4, 5), (4, 6), (5, 1), (5, 6), (7, 0), (7, 1), (7, 2), (7, 3), (7, 5)], [(0, 1), (6, 0), (3, 1), (1, 5), (2, 5), (2, 6), (7, 2), (4, 3), (7, 3), (4, 5), (4, 6)], [(0, 1), (0, 3), (0, 4), (0, 6), (1, 4), (2, 0), (2, 1), (2, 3), (2, 4), (2, 6), (3, 1), (3, 4), (5, 0), (5, 1), (5, 2), (5, 3), (5, 4), (5, 6), (6, 1), (6, 3), (6, 4), (7, 0), (7, 1), (7, 2), (7, 3), (7, 4), (7, 5), (7, 6)]], [[(0, 3), (0, 7), (1, 3), (1, 5), (3, 4), (3, 7), (4, 6), (4, 7), (5, 6), (6, 2), (6, 7)], [(1, 3), (1, 5), (3, 0), (3, 4), (3, 7), (4, 0), (4, 6), (4, 7), (5, 2), (6, 2), (7, 0), (7, 6)], [(0, 1), (0, 2), (0, 3), (0, 6), (0, 7), (1, 2), (1, 6), (1, 7), (3, 2), (3, 6), (3, 7), (4, 0), (4, 1), (4, 3), (4, 6), (4, 7), (5, 1), (5, 2), (5, 3), (5, 7), (6, 2), (6, 7)], [(0, 3), (0, 7), (3, 1), (1, 5), (6, 2), (4, 3), (7, 3), (6, 4), (7, 4), (6, 5), (6, 7)], [(0, 2), (0, 3), (0, 4), (0, 6), (0, 7), (1, 0), (1, 2), (1, 3), (1, 4), (1, 5), (1, 6), (1, 7), (2, 3), (2, 4), (2, 6), (2, 7), (3, 4), (3, 6), (3, 7), (4, 6), (4, 7), (5, 0), (5, 2), (5, 3), (5, 4), (5, 6), (5, 7), (7, 6)]], [[(1, 0), (1, 6), (1, 7), (2, 1), (2, 4), (3, 5), (3, 7), (5, 4), (5, 6), (7, 0)], [(0, 1), (1, 2), (1, 6), (2, 4), (3, 4), (3, 5), (3, 7), (5, 4), (6, 5), (7, 5)], [(0, 1), (0, 6), (2, 0), (2, 1), (2, 4), (3, 0), (3, 2), (3, 4), (3, 5), (3, 6), (4, 0), (4, 1), (4, 5), (4, 6), (5, 0), (5, 1), (5, 6), (6, 1), (7, 0), (7, 2), (7, 3), (7, 5)], [(1, 0), (7, 0), (2, 1), (6, 1), (1, 7), (2, 4), (3, 5), (7, 3), (5, 4), (6, 5)], [(0, 1), (0, 2), (0, 3), (0, 4), (0, 7), (1, 2), (1, 4), (3, 1), (3, 2), (3, 4), (3, 7), (4, 2), (5, 0), (5, 1), (5, 2), (5, 3), (5, 4), (5, 6), (5, 7), (6, 0), (6, 1), (6, 2), (6, 3), (6, 4), (6, 7), (7, 1), (7, 2), (7, 4)]], [[(0, 4), (0, 6), (1, 2), (1, 5), (1, 6), (1, 7), (2, 4), (4, 3), (4, 7), (5, 3)], [(0, 4), (0, 6), (0, 7), (1, 2), (1, 5), (1, 6), (1, 7), (2, 4), (3, 4), (4, 7), (5, 3)], [(0, 2), (0, 4), (0, 5), (0, 7), (1, 0), (1, 2), (1, 3), (1, 4), (1, 5), (1, 7), (3, 4), (3, 7), (4, 2), (4, 7), (5, 4), (5, 7), (6, 0), (6, 1), (6, 2), (6, 4)], [(0, 4), (0, 6), (1, 2), (5, 1), (1, 6), (1, 7), (2, 4), (3, 4), (5, 3), (4, 7)], [(0, 1), (0, 3), (0, 4), (0, 5), (0, 6), (2, 0), (2, 1), (2, 3), (2, 4), (2, 5), (2, 6), (2, 7), (3, 1), (3, 5), (4, 1), (4, 3), (4, 5), (5, 1), (6, 1), (6, 3), (6, 4), (6, 5), (7, 0), (7, 1), (7, 3), (7, 4), (7, 5), (7, 6)]], [[(0, 5), (0, 7), (2, 5), (2, 7), (4, 1), (4, 5), (4, 7), (6, 3), (6, 7)], [(0, 4), (0, 5), (0, 7), (1, 3), (2, 7), (3, 6), (4, 5), (7, 6)], [(0, 1), (0, 2), (0, 5), (2, 1), (2, 6), (3, 1), (3, 5), (4, 0), (4, 1), (4, 3), (4, 5), (4, 6), (6, 1), (6, 3), (6, 5), (7, 0), (7, 2), (7, 3), (7, 4), (7, 5), (7, 6)], [(0, 5), (0, 7), (4, 1), (5, 2), (2, 7), (6, 3), (4, 5), (4, 7), (7, 6)], [(1, 0), (1, 4), (1, 5), (1, 6), (1, 7), (2, 0), (2, 1), (2, 4), (2, 5), (2, 6), (2, 7), (3, 0), (3, 1), (3, 2), (3, 4), (3, 5), (3, 6), (3, 7), (4, 0), (4, 7), (5, 0), (5, 4), (5, 6), (5, 7), (6, 0), (6, 4), (6, 7), (7, 0)]], [[(1, 3), (1, 4), (1, 6), (2, 3), (2, 6), (3, 0), (4, 5), (5, 6), (7, 3), (7, 5), (7, 6)], [(0, 7), (2, 1), (2, 3), (2, 6), (3, 0), (3, 1), (3, 7), (4, 1), (4, 5), (6, 5), (7, 5), (7, 6)], [(0, 4), (1, 3), (1, 4), (1, 5), (1, 6), (3, 0), (3, 2), (3, 4), (5, 4), (6, 0), (6, 2), (6, 4), (6, 5), (7, 0), (7, 2), (7, 3), (7, 5), (7, 6)], [(3, 0), (3, 1), (1, 4), (1, 6), (3, 2), (2, 6), (7, 3), (5, 4), (6, 5), (7, 5), (7, 6)], [(0, 3), (1, 0), (1, 2), (1, 3), (1, 4), (1, 5), (1, 6), (1, 7), (2, 0), (2, 3), (2, 5), (2, 6), (2, 7), (4, 0), (4, 2), (4, 3), (4, 5), (4, 6), (4, 7), (5, 0), (5, 3), (5, 6), (5, 7), (6, 0), (6, 3), (7, 0), (7, 3), (7, 6)]], [[(0, 2), (0, 6), (1, 7), (2, 3), (2, 4), (3, 6), (3, 7), (5, 0), (5, 1), (6, 1)], [(0, 2), (0, 3), (0, 5), (0, 6), (1, 5), (1, 6), (1, 7), (2, 4), (3, 2), (3, 7), (4, 7), (6, 3)], [(0, 1), (0, 2), (0, 3), (0, 4), (0, 7), (1, 2), (1, 7), (2, 3), (2, 7), (4, 1), (4, 2), (4, 7), (5, 0), (5, 1), (5, 3), (5, 7), (6, 0), (6, 1), (6, 2), (6, 3), (6, 5), (6, 7), (7, 3)], [(0, 2), (0, 5), (0, 6), (1, 5), (6, 1), (1, 7), (3, 2), (2, 4), (3, 6), (3, 7)], [(0, 6), (1, 0), (1, 2), (1, 4), (1, 5), (1, 6), (2, 0), (2, 6), (3, 0), (3, 1), (3, 2), (3, 4), (3, 5), (3, 6), (4, 0), (4, 2), (4, 6), (5, 0), (5, 2), (5, 4), (5, 6), (7, 0), (7, 1), (7, 2), (7, 3), (7, 4), (7, 5), (7, 6)]], [[(1, 4), (1, 6), (2, 0), (3, 2), (3, 5), (3, 7), (4, 7), (5, 6), (6, 2)], [(0, 2), (0, 3), (0, 7), (1, 4), (2, 1), (2, 3), (2, 6), (3, 5), (3, 7), (4, 7), (6, 1), (6, 5)], [(0, 1), (0, 2), (0, 4), (0, 6), (3, 0), (3, 2), (3, 5), (3, 6), (4, 1), (5, 4), (5, 6), (6, 1), (6, 2), (6, 4), (7, 0), (7, 3), (7, 4), (7, 6)], [(2, 0), (1, 4), (6, 1), (3, 2), (6, 2), (5, 3), (3, 7), (4, 7), (6, 5)], [(0, 2), (0, 3), (0, 4), (0, 5), (0, 6), (0, 7), (1, 0), (1, 2), (1, 3), (1, 4), (1, 5), (1, 6), (1, 7), (2, 3), (2, 4), (2, 6), (2, 7), (3, 4), (3, 6), (4, 6), (5, 2), (5, 3), (5, 4), (5, 6), (5, 7), (7, 3), (7, 4), (7, 6)]], [[(0, 1), (1, 6), (1, 7), (3, 1), (3, 2), (3, 7), (4, 7), (5, 4), (5, 6)], [(0, 1), (2, 3), (3, 1), (3, 5), (3, 7), (4, 5), (4, 6), (6, 5), (7, 4)], [(0, 1), (0, 2), (0, 4), (1, 2), (1, 4), (1, 6), (2, 6), (3, 0), (3, 1), (3, 2), (3, 4), (3, 6), (4, 2), (4, 6), (5, 0), (5, 1), (5, 2), (5, 3), (5, 4), (5, 6), (7, 0), (7, 3), (7, 4)], [(0, 1), (3, 1), (6, 1), (1, 7), (3, 2), (3, 7), (5, 4), (7, 4), (6, 5)], [(0, 2), (0, 3), (0, 4), (0, 5), (1, 0), (1, 2), (1, 3), (1, 4), (1, 5), (2, 3), (2, 4), (2, 5), (4, 3), (4, 5), (5, 3), (6, 0), (6, 1), (6, 2), (6, 3), (6, 4), (6, 5), (6, 7), (7, 0), (7, 1), (7, 2), (7, 3), (7, 4), (7, 5)]], [[(0, 7), (1, 3), (2, 1), (2, 3), (2, 7), (3, 4), (3, 6), (4, 0), (4, 5), (5, 0), (5, 6), (5, 7), (6, 7)], [(0, 4), (0, 5), (0, 7), (1, 2), (1, 3), (2, 3), (2, 5), (2, 7), (4, 5), (5, 6), (5, 7), (6, 3), (6, 7)], [(0, 1), (0, 3), (0, 4), (0, 5), (0, 6), (0, 7), (1, 3), (1, 6), (2, 1), (2, 3), (2, 4), (2, 5), (2, 6), (2, 7), (4, 6), (5, 3), (5, 4), (5, 6), (6, 3), (7, 4), (7, 5), (7, 6)], [(4, 0), (5, 0), (0, 7), (2, 1), (3, 1), (2, 3), (2, 7), (3, 4), (6, 3), (5, 4), (6, 5), (5, 7), (6, 7)], [(0, 1), (0, 2), (0, 3), (0, 4), (0, 5), (0, 7), (1, 2), (1, 3), (1, 4), (1, 5), (3, 2), (4, 2), (4, 3), (5, 2), (5, 3), (5, 4), (6, 0), (6, 1), (6, 2), (6, 3), (6, 4), (6, 5), (6, 7), (7, 1), (7, 2), (7, 3), (7, 4), (7, 5)]], [[(0, 6), (1, 6), (2, 4), (2, 5), (3, 0), (3, 7), (5, 4), (6, 5), (7, 0), (7, 4)], [(0, 3), (0, 7), (1, 3), (2, 3), (2, 4), (2, 7), (4, 5), (4, 6), (4, 7), (5, 6), (6, 0), (6, 1), (7, 3)], [(0, 2), (0, 6), (0, 7), (1, 5), (1, 6), (1, 7), (2, 5), (3, 0), (3, 1), (3, 2), (3, 5), (3, 7), (4, 0), (4, 1), (4, 2), (4, 3), (4, 5), (4, 6), (4, 7), (6, 5), (7, 2)], [(0, 3), (0, 6), (7, 0), (6, 1), (2, 4), (2, 5), (7, 3), (5, 4), (7, 4), (6, 5)], [(0, 1), (2, 0), (2, 1), (2, 3), (2, 4), (2, 5), (2, 6), (2, 7), (3, 0), (3, 1), (3, 5), (3, 6), (4, 0), (4, 1), (4, 3), (4, 5), (4, 6), (5, 0), (5, 1), (5, 6), (6, 0), (6, 1), (7, 0), (7, 1), (7, 3), (7, 4), (7, 5), (7, 6)]], [[(0, 2), (0, 3), (3, 1), (3, 7), (5, 2), (6, 5), (6, 7)], [(0, 2), (0, 3), (0, 4), (1, 7), (3, 1), (3, 7), (5, 2), (5, 6), (6, 7)], [(1, 5), (1, 7), (2, 0), (2, 1), (2, 5), (2, 7), (3, 0), (3, 1), (3, 7), (4, 0), (4, 1), (4, 2), (4, 3), (6, 0), (6, 1), (6, 2), (6, 3), (6, 4), (6, 5), (6, 7)], [(0, 2), (3, 0), (3, 1), (5, 2), (3, 7), (6, 5), (6, 7)], [(0, 1), (0, 2), (0, 3), (0, 4), (0, 5), (0, 6), (0, 7), (1, 2), (1, 3), (1, 5), (1, 6), (1, 7), (2, 5), (2, 6), (3, 2), (3, 5), (3, 6), (3, 7), (4, 1), (4, 2), (4, 3), (4, 5), (4, 6), (4, 7), (5, 6), (7, 2), (7, 5), (7, 6)]], [[(0, 2), (0, 6), (1, 2), (1, 4), (1, 6), (2, 5), (4, 5), (7, 0)], [(0, 2), (0, 6), (0, 7), (1, 7), (2, 1), (2, 5), (3, 6), (5, 4), (6, 1), (7, 5)], [(0, 3), (0, 6), (0, 7), (1, 7), (2, 0), (2, 1), (2, 6), (4, 1), (4, 2), (4, 3), (4, 6), (5, 0), (5, 2), (5, 3), (5, 4), (5, 6), (6, 1), (6, 3), (6, 7)], [(0, 2), (0, 6), (7, 0), (1, 2), (1, 4), (1, 6), (2, 5), (5, 4)], [(1, 0), (1, 6), (1, 7), (2, 0), (2, 1), (2, 6), (2, 7), (3, 0), (3, 1), (3, 2), (3, 4), (3, 5), (3, 6), (3, 7), (4, 0), (4, 1), (4, 2), (4, 5), (4, 6), (4, 7), (5, 0), (5, 1), (5, 2), (5, 6), (5, 7), (6, 0), (7, 0), (7, 6)]], [[(0, 1), (1, 2), (3, 2), (4, 3), (5, 4), (6, 3), (6, 4), (7, 1), (7, 2)], [(0, 1), (1, 2), (1, 7), (2, 3), (2, 7), (3, 4), (3, 6), (4, 5), (4, 6)], [(0, 2), (0, 4), (1, 0), (1, 2), (1, 3), (1, 7), (3, 0), (3, 2), (3, 4), (5, 0), (5, 2), (5, 3), (5, 4), (5, 7), (6, 0), (6, 3), (6, 4), (7, 0), (7, 2), (7, 3), (7, 6)], [(0, 1), (1, 2), (7, 1), (2, 3), (7, 2), (3, 4), (3, 6), (4, 5), (6, 4)], [(0, 1), (0, 2), (0, 3), (0, 4), (0, 5), (0, 6), (0, 7), (1, 2), (1, 3), (1, 4), (1, 5), (1, 6), (1, 7), (2, 3), (2, 5), (3, 5), (4, 2), (4, 3), (4, 5), (6, 2), (6, 3), (6, 4), (6, 5), (7, 2), (7, 3), (7, 4), (7, 5), (7, 6)]], [[(1, 5), (2, 4), (3, 5), (4, 0), (4, 5), (5, 0), (7, 5), (7, 6)], [(0, 2), (0, 4), (0, 5), (3, 7), (4, 2), (4, 5), (4, 6), (5, 1), (5, 3), (5, 7), (6, 2), (7, 6)], [(1, 0), (2, 0), (2, 1), (2, 3), (2, 4), (2, 6), (2, 7), (3, 6), (4, 6), (5, 1), (5, 3), (5, 4), (5, 7), (6, 1), (7, 0), (7, 1), (7, 4), (7, 6)], [(4, 0), (5, 0), (5, 1), (2, 4), (5, 3), (5, 4), (7, 5), (7, 6)], [(0, 2), (0, 4), (0, 5), (0, 6), (0, 7), (1, 0), (1, 2), (1, 4), (1, 5), (1, 6), (1, 7), (2, 4), (2, 5), (2, 6), (2, 7), (3, 0), (3, 1), (3, 2), (3, 4), (3, 5), (3, 6), (3, 7), (4, 5), (4, 6), (4, 7), (5, 6), (5, 7), (6, 7)]], [[(0, 4), (1, 3), (1, 6), (2, 4), (2, 7), (3, 4), (3, 7), (5, 6), (5, 7), (6, 0)], [(0, 1), (0, 4), (0, 6), (1, 3), (1, 6), (2, 4), (2, 6), (2, 7), (3, 4), (3, 5), (3, 7), (5, 6), (7, 5)], [(0, 2), (0, 4), (0, 6), (1, 0), (1, 2), (1, 3), (1, 4), (1, 6), (3, 4), (3, 7), (4, 2), (4, 7), (5, 0), (5, 3), (5, 4), (5, 6), (5, 7), (6, 2), (7, 2)], [(4, 0), (6, 0), (3, 1), (1, 6), (2, 4), (7, 2), (3, 4), (3, 7), (5, 6), (5, 7)], [(1, 0), (1, 5), (1, 6), (2, 0), (2, 1), (2, 3), (2, 5), (2, 6), (3, 0), (3, 1), (3, 5), (3, 6), (4, 0), (4, 1), (4, 2), (4, 3), (4, 5), (4, 6), (5, 0), (6, 0), (6, 5), (7, 0), (7, 1), (7, 2), (7, 3), (7, 4), (7, 5), (7, 6)]], [[(0, 2), (1, 4), (1, 5), (2, 4), (2, 6), (3, 0), (3, 1), (5, 6), (7, 4), (7, 5)], [(0, 2), (1, 3), (1, 4), (1, 5), (2, 4), (2, 6), (3, 0), (3, 4), (5, 6), (7, 3), (7, 4), (7, 5), (7, 6)], [(1, 2), (3, 0), (3, 1), (3, 2), (3, 4), (3, 5), (3, 6), (4, 0), (4, 1), (5, 0), (5, 1), (5, 2), (5, 4), (6, 0), (6, 1), (6, 2), (6, 5), (7, 0), (7, 1), (7, 2), (7, 3), (7, 4), (7, 5)], [(2, 0), (0, 3), (3, 1), (4, 1), (5, 1), (2, 4), (2, 6), (7, 4), (5, 6), (7, 5)], [(0, 1), (0, 3), (0, 7), (1, 3), (1, 7), (2, 0), (2, 1), (2, 3), (2, 4), (2, 5), (2, 6), (2, 7), (3, 7), (4, 0), (4, 1), (4, 3), (4, 7), (5, 0), (5, 1), (5, 3), (5, 4), (5, 7), (6, 0), (6, 1), (6, 3), (6, 4), (6, 5), (6, 7)]], [[(0, 3), (1, 5), (1, 6), (2, 0), (3, 1), (3, 5), (4, 2), (4, 7), (6, 5), (7, 5), (7, 6)], [(1, 3), (1, 5), (1, 6), (2, 4), (3, 0), (3, 5), (3, 6), (4, 0), (5, 7), (6, 5), (6, 7)], [(0, 1), (0, 3), (0, 7), (1, 3), (1, 4), (2, 0), (2, 3), (2, 4), (2, 7), (3, 4), (5, 1), (5, 2), (5, 3), (5, 4), (5, 7), (6, 0), (6, 2), (6, 5), (6, 7), (7, 1), (7, 3), (7, 4)], [(2, 0), (0, 3), (3, 1), (5, 1), (6, 1), (4, 2), (5, 3), (4, 7), (6, 5), (5, 7), (6, 7)], [(0, 1), (0, 2), (0, 3), (0, 4), (0, 5), (0, 6), (0, 7), (1, 3), (1, 5), (1, 6), (1, 7), (2, 1), (2, 3), (2, 5), (2, 6), (2, 7), (3, 5), (3, 7), (4, 1), (4, 2), (4, 3), (4, 5), (4, 6), (4, 7), (6, 3), (6, 5), (6, 7), (7, 5)]], [[(0, 2), (0, 7), (1, 5), (1, 7), (2, 7), (3, 0), (3, 5), (3, 7), (4, 2), (4, 3), (6, 2), (6, 4)], [(0, 5), (0, 7), (1, 5), (1, 7), (2, 0), (2, 4), (2, 6), (2, 7), (3, 0), (3, 5), (3, 7), (4, 3), (4, 5), (4, 6)], [(0, 1), (0, 2), (0, 5), (3, 4), (3, 5), (3, 7), (4, 1), (4, 2), (4, 5), (5, 1), (5, 2), (6, 1), (6, 2), (6, 4), (6, 5), (6, 7), (7, 0), (7, 1), (7, 2), (7, 4), (7, 5)], [(0, 2), (3, 0), (0, 7), (1, 5), (1, 7), (4, 2), (6, 2), (7, 2), (3, 4), (3, 5), (3, 7), (4, 6)], [(0, 1), (0, 2), (0, 3), (0, 4), (0, 5), (0, 6), (0, 7), (1, 4), (2, 1), (2, 4), (2, 7), (3, 1), (3, 2), (3, 4), (3, 7), (5, 1), (5, 2), (5, 3), (5, 4), (5, 7), (6, 1), (6, 2), (6, 3), (6, 4), (6, 5), (6, 7), (7, 1), (7, 4)]], [[(0, 1), (0, 5), (0, 6), (1, 3), (1, 4), (2, 0), (2, 1), (3, 5), (3, 7), (4, 6), (5, 7), (6, 7)], [(0, 1), (0, 5), (0, 6), (1, 3), (3, 5), (3, 7), (4, 1), (4, 5), (5, 7), (6, 7)], [(0, 1), (0, 2), (0, 3), (0, 4), (0, 7), (1, 2), (1, 4), (1, 7), (2, 7), (3, 1), (3, 2), (3, 4), (3, 7), (4, 2), (5, 0), (5, 2), (5, 3), (5, 4), (5, 7), (6, 0), (6, 4), (6, 5), (6, 7)], [(0, 1), (0, 2), (0, 5), (0, 6), (1, 2), (1, 3), (4, 1), (3, 5), (3, 7), (4, 6), (7, 5), (6, 7)], [(0, 1), (0, 3), (0, 4), (0, 5), (2, 0), (2, 1), (2, 3), (2, 4), (2, 5), (2, 6), (2, 7), (3, 1), (3, 5), (4, 1), (4, 3), (4, 5), (5, 1), (6, 0), (6, 1), (6, 3), (6, 4), (6, 5), (7, 0), (7, 1), (7, 3), (7, 4), (7, 5), (7, 6)]], [[(0, 6), (0, 7), (1, 0), (1, 3), (3, 4), (4, 2), (5, 6)], [(0, 1), (0, 5), (0, 7), (1, 3), (2, 4), (3, 2), (3, 4), (5, 2), (5, 6), (7, 6)], [(0, 1), (0, 2), (0, 3), (0, 4), (0, 7), (2, 3), (2, 4), (3, 1), (3, 4), (3, 7), (4, 1), (5, 0), (5, 2), (5, 4), (5, 7), (6, 0), (6, 3), (6, 5), (6, 7), (7, 1)], [(0, 1), (0, 6), (7, 0), (1, 3), (4, 2), (3, 4), (5, 6)], [(0, 1), (0, 3), (0, 4), (0, 7), (1, 3), (1, 4), (2, 0), (2, 1), (2, 3), (2, 4), (2, 5), (2, 6), (2, 7), (4, 3), (5, 0), (5, 1), (5, 3), (5, 4), (5, 7), (6, 0), (6, 1), (6, 3), (6, 4), (6, 5), (6, 7), (7, 1), (7, 3), (7, 4)]], [[(1, 3), (2, 0), (2, 1), (2, 5), (3, 0), (3, 5), (3, 7), (4, 5), (4, 6), (6, 0), (7, 4)], [(0, 2), (0, 6), (2, 1), (2, 5), (3, 0), (3, 1), (3, 5), (4, 5), (4, 6), (4, 7), (7, 3)], [(0, 5), (1, 0), (1, 2), (1, 5), (1, 6), (1, 7), (2, 5), (2, 6), (2, 7), (3, 0), (3, 1), (3, 5), (3, 7), (4, 0), (4, 1), (4, 3), (4, 5), (4, 6), (4, 7), (6, 0), (7, 0)], [(2, 0), (3, 0), (0, 6), (1, 2), (3, 1), (2, 5), (3, 5), (3, 7), (4, 5), (6, 4), (4, 7)], [(0, 1), (0, 2), (0, 3), (0, 4), (0, 5), (0, 6), (0, 7), (1, 2), (1, 4), (1, 5), (1, 6), (1, 7), (2, 4), (2, 7), (3, 1), (3, 2), (3, 4), (3, 5), (3, 6), (3, 7), (5, 2), (5, 4), (5, 7), (6, 2), (6, 4), (6, 5), (6, 7), (7, 4)]], [[(0, 2), (1, 2), (3, 1), (3, 5), (4, 3), (5, 0), (6, 0), (6, 4), (7, 4)], [(0, 2), (0, 6), (1, 2), (1, 3), (1, 6), (3, 2), (3, 5), (4, 6), (4, 7), (5, 0)], [(0, 2), (0, 3), (0, 4), (2, 1), (2, 3), (3, 1), (3, 4), (3, 7), (4, 7), (5, 0), (5, 1), (5, 3), (5, 4), (5, 7), (6, 0), (6, 1), (6, 2), (6, 3), (6, 4), (6, 5), (6, 7)], [(0, 2), (5, 0), (0, 6), (2, 1), (3, 1), (4, 3), (3, 5), (4, 6), (7, 4)], [(0, 6), (0, 7), (1, 0), (1, 2), (1, 3), (1, 4), (1, 5), (1, 6), (1, 7), (2, 0), (2, 4), (2, 5), (2, 6), (2, 7), (3, 0), (3, 2), (3, 4), (3, 5), (3, 6), (3, 7), (4, 0), (4, 6), (4, 7), (5, 0), (5, 4), (5, 6), (5, 7), (7, 6)]], [[(0, 3), (0, 7), (1, 2), (1, 3), (1, 7), (3, 2), (4, 6), (5, 4), (7, 6)], [(2, 1), (2, 3), (3, 0), (3, 1), (4, 0), (4, 5), (4, 6), (5, 0), (5, 3), (6, 7), (7, 0), (7, 1)], [(0, 4), (1, 0), (1, 2), (1, 3), (1, 6), (1, 7), (2, 3), (2, 4), (2, 7), (3, 0), (3, 4), (3, 6), (3, 7), (5, 0), (5, 1), (5, 3), (5, 4), (5, 7), (6, 0), (6, 4), (6, 7), (7, 0)], [(0, 3), (0, 7), (1, 2), (1, 3), (1, 7), (3, 2), (5, 4), (6, 4), (7, 6)], [(0, 1), (0, 2), (0, 3), (0, 4), (0, 5), (0, 6), (0, 7), (1, 2), (1, 3), (2, 3), (4, 1), (4, 2), (4, 3), (5, 1), (5, 2), (5, 3), (5, 4), (5, 6), (5, 7), (6, 1), (6, 2), (6, 3), (6, 4), (6, 7), (7, 1), (7, 2), (7, 3), (7, 4)]], [[(0, 2), (1, 4), (1, 7), (2, 7), (3, 6), (4, 0), (4, 6), (6, 5)], [(0, 2), (0, 3), (1, 3), (1, 5), (1, 7), (3, 6), (5, 4), (6, 4), (6, 5)], [(0, 2), (0, 3), (0, 6), (1, 0), (1, 2), (1, 3), (1, 4), (1, 6), (1, 7), (4, 0), (4, 2), (4, 3), (4, 6), (5, 2), (5, 3), (5, 4), (5, 6), (5, 7), (6, 2), (6, 3), (7, 0), (7, 6)], [(0, 2), (4, 0), (1, 4), (1, 7), (2, 7), (6, 3), (6, 4), (6, 5)], [(0, 1), (0, 3), (2, 0), (2, 1), (2, 3), (2, 5), (2, 6), (2, 7), (3, 1), (4, 0), (4, 1), (4, 2), (4, 3), (4, 5), (4, 6), (4, 7), (5, 0), (5, 1), (5, 3), (5, 6), (5, 7), (6, 0), (6, 1), (6, 3), (7, 0), (7, 1), (7, 3), (7, 6)]], [[(0, 1), (0, 3), (0, 7), (1, 5), (3, 2), (3, 6), (4, 6), (5, 4), (5, 6), (6, 7)], [(0, 1), (0, 7), (1, 7), (2, 3), (3, 0), (3, 6), (4, 5), (5, 1), (6, 4), (6, 5), (6, 7)], [(0, 1), (2, 3), (2, 4), (2, 6), (3, 0), (3, 1), (3, 6), (3, 7), (4, 1), (4, 3), (4, 6), (4, 7), (5, 0), (5, 1), (5, 3), (5, 4), (5, 6), (5, 7), (6, 0), (7, 0), (7, 1), (7, 6)], [(0, 1), (0, 3), (7, 0), (5, 1), (3, 2), (6, 3), (5, 4), (6, 4), (5, 6), (7, 6)], [(0, 2), (0, 3), (0, 4), (0, 5), (0, 6), (1, 0), (1, 2), (1, 3), (1, 4), (1, 5), (1, 6), (2, 3), (4, 2), (4, 3), (4, 5), (4, 6), (5, 2), (5, 3), (5, 6), (6, 2), (6, 3), (7, 0), (7, 1), (7, 2), (7, 3), (7, 4), (7, 5), (7, 6)]], [[(0, 3), (0, 6), (1, 3), (1, 5), (2, 3), (2, 4), (2, 5), (3, 7), (4, 6), (6, 7)], [(0, 3), (0, 6), (1, 5), (2, 3), (2, 4), (2, 5), (3, 1), (6, 4), (6, 5), (7, 1), (7, 3), (7, 5), (7, 6)], [(0, 2), (0, 3), (0, 7), (1, 5), (2, 3), (2, 5), (3, 1), (3, 5), (4, 1), (4, 2), (4, 3), (4, 7), (6, 0), (6, 1), (6, 2), (6, 3), (6, 4), (6, 7), (7, 1), (7, 2), (7, 5)], [(3, 0), (0, 6), (1, 3), (1, 5), (2, 3), (2, 4), (2, 5), (7, 3), (6, 4), (7, 6)], [(0, 3), (1, 0), (1, 2), (1, 3), (1, 4), (1, 6), (1, 7), (2, 0), (2, 3), (2, 7), (4, 0), (4, 2), (4, 3), (4, 7), (5, 0), (5, 1), (5, 2), (5, 3), (5, 4), (5, 6), (5, 7), (6, 0), (6, 2), (6, 3), (6, 4), (6, 7), (7, 0), (7, 3)]], [[(0, 4), (0, 7), (1, 2), (1, 5), (3, 0), (3, 1), (5, 7), (6, 4), (6, 5)], [(0, 1), (0, 3), (0, 4), (0, 7), (1, 2), (1, 3), (1, 5), (5, 7), (6, 2), (6, 4), (6, 5)], [(0, 7), (1, 0), (1, 2), (1, 6), (2, 0), (2, 4), (2, 6), (2, 7), (3, 0), (3, 1), (3, 4), (3, 6), (3, 7), (4, 0), (4, 7), (5, 0), (5, 1), (5, 2), (5, 3), (5, 4), (5, 6), (5, 7), (7, 6)], [(0, 3), (0, 4), (7, 0), (1, 2), (3, 1), (5, 1), (6, 4), (6, 5), (7, 5)], [(0, 1), (0, 2), (0, 3), (0, 5), (0, 6), (1, 2), (1, 3), (1, 5), (1, 6), (2, 3), (4, 0), (4, 1), (4, 2), (4, 3), (4, 5), (4, 6), (4, 7), (5, 2), (5, 3), (5, 6), (6, 2), (6, 3), (7, 0), (7, 1), (7, 2), (7, 3), (7, 5), (7, 6)]], [[(0, 2), (1, 3), (2, 3), (4, 1), (4, 5), (4, 7), (6, 0), (6, 7)], [(0, 2), (0, 5), (0, 6), (2, 3), (3, 1), (4, 1), (4, 5), (5, 1), (6, 7), (7, 4)], [(1, 0), (1, 7), (2, 0), (2, 1), (2, 3), (2, 5), (3, 1), (3, 5), (4, 0), (4, 1), (4, 7), (5, 1), (5, 4), (6, 0), (6, 1), (6, 2), (6, 4), (6, 5), (6, 7)], [(0, 2), (6, 0), (1, 3), (4, 1), (2, 3), (4, 5), (7, 4), (7, 6)], [(0, 4), (0, 5), (0, 6), (0, 7), (1, 0), (1, 4), (1, 5), (1, 6), (1, 7), (2, 0), (2, 1), (2, 4), (2, 5), (2, 6), (2, 7), (3, 0), (3, 1), (3, 2), (3, 4), (3, 5), (3, 6), (3, 7), (4, 5), (4, 6), (4, 7), (5, 6), (5, 7), (7, 6)]], [[(0, 3), (1, 3), (1, 4), (2, 3), (4, 7), (5, 0), (5, 7), (6, 2), (7, 0), (7, 3)], [(0, 3), (0, 5), (0, 7), (3, 1), (3, 2), (3, 7), (4, 1), (4, 7), (5, 1), (5, 6), (6, 2), (7, 5)], [(0, 5), (0, 6), (0, 7), (1, 3), (1, 5), (1, 6), (2, 0), (2, 5), (2, 6), (3, 0), (3, 2), (3, 5), (3, 6), (4, 1), (4, 2), (4, 5), (4, 7)], [(0, 3), (5, 0), (7, 0), (3, 1), (4, 1), (3, 2), (6, 2), (7, 3), (4, 7), (5, 7)], [(1, 0), (1, 2), (1, 3), (1, 5), (1, 6), (2, 0), (2, 3), (2, 5), (2, 6), (3, 0), (3, 5), (4, 0), (4, 1), (4, 2), (4, 3), (4, 5), (4, 6), (5, 0), (6, 0), (6, 3), (6, 5), (7, 0), (7, 1), (7, 2), (7, 3), (7, 4), (7, 5), (7, 6)]], [[(0, 4), (2, 5), (4, 1), (4, 7), (6, 2), (6, 3), (6, 7), (7, 1)], [(0, 1), (0, 3), (0, 4), (1, 2), (1, 7), (2, 5), (5, 7), (6, 2), (6, 3), (6, 7), (7, 4)], [(0, 3), (0, 4), (0, 6), (1, 0), (1, 3), (1, 6), (2, 0), (2, 1), (2, 3), (2, 4), (2, 5), (2, 6), (3, 4), (3, 5), (6, 3), (6, 4), (6, 5), (7, 1), (7, 2), (7, 4), (7, 5), (7, 6)], [(4, 0), (4, 1), (7, 1), (2, 5), (2, 6), (3, 6), (4, 7), (6, 7)], [(0, 2), (0, 4), (0, 6), (0, 7), (1, 0), (1, 2), (1, 3), (1, 4), (1, 5), (1, 6), (1, 7), (2, 7), (3, 0), (3, 2), (3, 4), (3, 6), (3, 7), (4, 2), (4, 6), (4, 7), (5, 0), (5, 2), (5, 3), (5, 4), (5, 6), (5, 7), (6, 2), (6, 7)]], [[(0, 3), (0, 5), (1, 5), (1, 6), (1, 7), (3, 2), (3, 4), (3, 6), (5, 7), (7, 4)], [(0, 5), (0, 7), (1, 5), (1, 6), (1, 7), (2, 3), (3, 0), (3, 6), (4, 3), (4, 7), (7, 5)], [(0, 2), (0, 4), (0, 5), (0, 6), (0, 7), (1, 2), (1, 4), (1, 5), (1, 6), (1, 7), (3, 0), (3, 4), (3, 6), (3, 7), (4, 2), (5, 2), (5, 4), (5, 7), (6, 2), (6, 4), (6, 7)], [(0, 3), (0, 5), (1, 5), (1, 6), (1, 7), (3, 2), (4, 3), (6, 3), (7, 4), (5, 7)], [(1, 0), (2, 0), (2, 1), (2, 3), (2, 4), (2, 5), (2, 6), (2, 7), (3, 0), (3, 1), (3, 5), (4, 0), (4, 1), (4, 3), (4, 5), (5, 0), (5, 1), (6, 0), (6, 1), (6, 3), (6, 4), (6, 5), (7, 0), (7, 1), (7, 3), (7, 4), (7, 5), (7, 6)]], [[(0, 4), (0, 6), (1, 0), (1, 6), (2, 0), (2, 6), (2, 7), (3, 7), (4, 5), (4, 6), (5, 3), (5, 7)], [(0, 1), (0, 2), (0, 4), (0, 6), (2, 7), (3, 5), (3, 6), (3, 7), (4, 6), (4, 7), (5, 4), (5, 7), (6, 1), (6, 2)], [(0, 2), (0, 4), (0, 6), (1, 0), (1, 2), (1, 3), (1, 4), (1, 6), (1, 7), (2, 3), (2, 6), (2, 7), (4, 2), (4, 3), (4, 6), (4, 7), (5, 1), (5, 4), (5, 6), (5, 7), (6, 7), (7, 3)], [(0, 1), (2, 0), (4, 0), (6, 0), (6, 1), (2, 6), (2, 7), (3, 5), (3, 7), (4, 5), (4, 6), (7, 5)], [(0, 2), (0, 5), (0, 7), (1, 0), (1, 2), (1, 5), (1, 6), (1, 7), (3, 0), (3, 1), (3, 2), (3, 4), (3, 5), (3, 6), (3, 7), (4, 0), (4, 1), (4, 2), (4, 5), (4, 6), (4, 7), (5, 2), (5, 7), (6, 0), (6, 2), (6, 5), (6, 7), (7, 2)]], [[(1, 3), (2, 1), (2, 5), (3, 5), (4, 0), (4, 1), (4, 7), (6, 4), (6, 5), (7, 1)], [(0, 3), (0, 4), (1, 6), (2, 1), (2, 3), (2, 5), (3, 1), (3, 5), (4, 6), (4, 7), (6, 5), (7, 1)], [(0, 1), (0, 3), (0, 4), (0, 6), (0, 7), (1, 5), (1, 6), (2, 1), (2, 3), (2, 4), (2, 5), (2, 6), (2, 7), (4, 5), (4, 6), (5, 3), (6, 5), (7, 1), (7, 4), (7, 6)], [(4, 0), (2, 1), (3, 1), (1, 4), (1, 7), (2, 5), (3, 5), (6, 4), (4, 7), (6, 5)], [(1, 0), (2, 0), (2, 1), (2, 4), (2, 6), (2, 7), (3, 0), (3, 1), (3, 2), (3, 4), (3, 5), (3, 6), (3, 7), (4, 0), (4, 1), (5, 0), (5, 1), (5, 2), (5, 4), (5, 6), (5, 7), (6, 0), (6, 1), (6, 4), (6, 7), (7, 0), (7, 1), (7, 4)]], [[(0, 3), (1, 4), (1, 7), (2, 1), (2, 7), (4, 0), (5, 3), (6, 1), (6, 4), (7, 3)], [(0, 3), (1, 2), (1, 4), (1, 6), (3, 2), (3, 5), (4, 0), (4, 6), (4, 7), (6, 2), (7, 2), (7, 3), (7, 5)], [(0, 4), (0, 5), (1, 2), (1, 4), (1, 5), (1, 6), (2, 6), (3, 0), (3, 1), (3, 4), (3, 5), (4, 2), (4, 5), (4, 6), (7, 1), (7, 2), (7, 3), (7, 4), (7, 5)], [(0, 3), (4, 0), (1, 2), (1, 4), (1, 6), (7, 1), (7, 2), (3, 5), (7, 3), (6, 4)], [(0, 1), (0, 4), (0, 6), (2, 0), (2, 1), (2, 3), (2, 4), (2, 5), (2, 6), (3, 0), (3, 1), (3, 4), (3, 6), (4, 1), (5, 0), (5, 1), (5, 3), (5, 4), (5, 6), (6, 1), (6, 4), (7, 0), (7, 1), (7, 2), (7, 3), (7, 4), (7, 5), (7, 6)]], [[(0, 2), (0, 4), (0, 6), (1, 2), (1, 3), (1, 4), (1, 6), (2, 5), (3, 7), (4, 5), (4, 7), (5, 6)], [(0, 2), (0, 4), (0, 5), (0, 6), (1, 2), (1, 3), (1, 6), (2, 5), (2, 7), (3, 7), (4, 1), (4, 5), (4, 7), (5, 6)], [(0, 1), (0, 2), (0, 3), (2, 1), (3, 2), (4, 2), (4, 3), (4, 5), (5, 0), (5, 1), (5, 2), (5, 3), (6, 0), (6, 2), (6, 3), (6, 4), (6, 5), (7, 0), (7, 1), (7, 2), (7, 3), (7, 4), (7, 6)], [(0, 2), (4, 0), (0, 6), (1, 2), (1, 3), (1, 4), (1, 6), (5, 2), (7, 3), (5, 4), (4, 7), (5, 6)], [(0, 2), (0, 3), (0, 7), (1, 0), (1, 2), (1, 3), (1, 5), (1, 6), (1, 7), (2, 3), (2, 7), (3, 7), (4, 0), (4, 1), (4, 2), (4, 3), (4, 5), (4, 6), (4, 7), (5, 0), (5, 2), (5, 3), (5, 6), (5, 7), (6, 0), (6, 2), (6, 3), (6, 7)]], [[(0, 4), (2, 1), (2, 6), (3, 6), (4, 1), (5, 3), (6, 0), (7, 0), (7, 4)], [(0, 4), (0, 6), (0, 7), (1, 2), (1, 4), (3, 2), (4, 7), (5, 3), (6, 2), (6, 3), (6, 4)], [(1, 0), (2, 0), (2, 1), (2, 5), (2, 6), (3, 0), (3, 1), (3, 2), (3, 5), (3, 6), (3, 7), (4, 0), (4, 1), (4, 5), (4, 6), (4, 7), (5, 1), (5, 7), (6, 0), (6, 5), (6, 7)], [(4, 0), (6, 0), (7, 0), (1, 2), (4, 1), (6, 2), (5, 3), (6, 3), (7, 4)], [(0, 4), (0, 6), (0, 7), (1, 0), (1, 2), (1, 3), (1, 4), (1, 5), (1, 6), (1, 7), (2, 0), (2, 4), (2, 6), (2, 7), (3, 0), (3, 2), (3, 4), (3, 6), (3, 7), (4, 6), (5, 0), (5, 2), (5, 3), (5, 4), (5, 6), (5, 7), (7, 4), (7, 6)]], [[(0, 2), (0, 3), (0, 4), (1, 4), (1, 6), (5, 6), (7, 5)], [(0, 2), (0, 3), (0, 4), (0, 7), (1, 2), (1, 6), (3, 7), (4, 1), (4, 3), (5, 3), (5, 7), (6, 5), (6, 7)], [(0, 2), (0, 3), (0, 4), (0, 5), (1, 0), (1, 2), (1, 3), (1, 4), (1, 5), (1, 7), (2, 4), (3, 2), (3, 5), (3, 7), (6, 1), (6, 3), (6, 5), (7, 2), (7, 4), (7, 5)], [(0, 2), (0, 3), (4, 0), (1, 4), (6, 1), (6, 5), (7, 5)], [(1, 0), (2, 0), (2, 1), (2, 3), (2, 4), (2, 5), (2, 6), (2, 7), (3, 0), (3, 1), (3, 6), (3, 7), (4, 0), (4, 1), (4, 3), (4, 6), (4, 7), (5, 0), (5, 1), (5, 3), (5, 4), (5, 6), (5, 7), (6, 0), (6, 1), (6, 7), (7, 0), (7, 1)]], [[(0, 1), (1, 6), (2, 1), (3, 5), (3, 6), (4, 5), (5, 6), (7, 2)], [(0, 1), (1, 2), (2, 7), (3, 2), (3, 6), (4, 3), (4, 5), (5, 3), (5, 6), (6, 1)], [(1, 0), (2, 1), (2, 3), (2, 4), (2, 5), (2, 6), (3, 4), (3, 5), (3, 6), (4, 1), (5, 0), (5, 4), (6, 0), (6, 1), (6, 5), (7, 0), (7, 1), (7, 2), (7, 4), (7, 5), (7, 6)], [(0, 1), (2, 1), (1, 6), (7, 2), (5, 3), (6, 3), (5, 4), (6, 5)], [(0, 1), (0, 2), (0, 4), (0, 5), (0, 6), (1, 2), (1, 4), (1, 5), (1, 6), (2, 4), (2, 5), (2, 6), (3, 0), (3, 1), (3, 2), (3, 4), (3, 5), (3, 6), (4, 5), (4, 6), (6, 5), (7, 0), (7, 1), (7, 2), (7, 3), (7, 4), (7, 5), (7, 6)]], [[(0, 5), (0, 6), (0, 7), (1, 3), (1, 4), (1, 7), (2, 4), (2, 7), (3, 5), (4, 3), (6, 5)], [(0, 1), (0, 5), (0, 6), (0, 7), (1, 3), (1, 7), (2, 3), (2, 4), (4, 1), (5, 3), (6, 2), (6, 5)], [(0, 1), (0, 2), (0, 4), (0, 5), (0, 6), (0, 7), (2, 1), (2, 4), (2, 5), (3, 1), (3, 2), (3, 5), (3, 6), (3, 7), (5, 1), (5, 4), (6, 2), (6, 4), (6, 5), (7, 2), (7, 4)], [(0, 5), (0, 6), (0, 7), (1, 3), (1, 4), (7, 1), (2, 4), (2, 7), (4, 3), (5, 3), (6, 5)], [(1, 0), (1, 2), (1, 3), (1, 4), (1, 5), (1, 6), (1, 7), (2, 0), (2, 7), (3, 0), (3, 2), (3, 4), (3, 5), (3, 6), (3, 7), (4, 0), (4, 2), (4, 7), (5, 0), (5, 2), (5, 4), (5, 7), (6, 0), (6, 2), (6, 4), (6, 5), (6, 7), (7, 0)]], [[(0, 2), (0, 4), (0, 7), (1, 3), (1, 7), (2, 3), (5, 1), (5, 3), (6, 1), (6, 4), (6, 5)], [(0, 2), (0, 4), (0, 7), (1, 3), (1, 5), (1, 6), (1, 7), (2, 3), (2, 4), (5, 3), (6, 4), (6, 5)], [(0, 1), (0, 5), (0, 6), (2, 1), (2, 5), (2, 6), (3, 0), (3, 1), (3, 2), (3, 5), (3, 6), (4, 0), (4, 2), (4, 3), (4, 5), (4, 6), (5, 1), (6, 1), (7, 0), (7, 1), (7, 2), (7, 3), (7, 4), (7, 5), (7, 6)], [(0, 2), (4, 0), (7, 0), (1, 3), (1, 5), (1, 6), (7, 1), (2, 3), (5, 3), (6, 4), (6, 5)], [(0, 1), (0, 4), (0, 5), (0, 6), (1, 4), (1, 5), (1, 6), (2, 0), (2, 1), (2, 3), (2, 4), (2, 5), (2, 6), (2, 7), (3, 0), (3, 1), (3, 4), (3, 5), (3, 6), (3, 7), (4, 5), (4, 6), (6, 5), (7, 0), (7, 1), (7, 4), (7, 5), (7, 6)]], [[(0, 6), (1, 0), (1, 4), (2, 3), (2, 5), (3, 6), (4, 5), (5, 6), (7, 1), (7, 2)], [(0, 2), (0, 3), (0, 6), (1, 4), (1, 7), (3, 2), (3, 6), (4, 3), (4, 7), (5, 2), (6, 5), (7, 2)], [(1, 0), (1, 2), (1, 3), (1, 4), (1, 7), (2, 4), (2, 7), (3, 0), (3, 2), (3, 4), (3, 7), (4, 0), (4, 7), (5, 0), (5, 1), (5, 2), (5, 7), (6, 0), (6, 1), (6, 2), (6, 3), (6, 5), (6, 7), (7, 0)], [(1, 0), (6, 0), (4, 1), (7, 1), (2, 3), (2, 5), (7, 2), (6, 3), (4, 5), (6, 5)], [(0, 1), (0, 2), (0, 3), (0, 4), (0, 6), (0, 7), (1, 2), (1, 3), (1, 4), (2, 3), (2, 4), (3, 4), (5, 0), (5, 1), (5, 2), (5, 3), (5, 4), (5, 6), (5, 7), (6, 1), (6, 2), (6, 3), (6, 4), (6, 7), (7, 1), (7, 2), (7, 3), (7, 4)]], [[(0, 2), (0, 4), (0, 6), (1, 4), (1, 7), (2, 5), (2, 6), (3, 4), (3, 5), (3, 7), (4, 6), (7, 5)], [(0, 2), (0, 5), (0, 6), (1, 3), (1, 4), (3, 7), (4, 0), (4, 3), (4, 5), (4, 6), (5, 2), (6, 2), (7, 5)], [(0, 7), (1, 0), (1, 6), (2, 0), (2, 6), (3, 0), (3, 1), (3, 2), (3, 6), (3, 7), (4, 1), (4, 2), (4, 3), (4, 6), (4, 7), (5, 0), (5, 1), (5, 2), (5, 3), (5, 4), (5, 6), (5, 7), (6, 0), (6, 7)], [(0, 2), (0, 4), (0, 6), (4, 1), (7, 1), (2, 5), (2, 6), (3, 4), (3, 5), (7, 3), (4, 6), (7, 5)], [(0, 6), (1, 0), (1, 2), (1, 3), (1, 4), (1, 5), (1, 6), (2, 0), (2, 6), (3, 0), (3, 2), (3, 4), (3, 5), (3, 6), (4, 0), (4, 2), (4, 5), (4, 6), (5, 0), (5, 2), (5, 6), (7, 0), (7, 1), (7, 2), (7, 3), (7, 4), (7, 5), (7, 6)]]]

