Number of nodes=8
Number of samples=10000
Cut of limit used=0.01
total_score_gis=-81105.56482849091

score_vector_gis=[-4000.3730532990758, -4035.246008598261, -3996.509745411052, -4080.3712671783514, -4041.7591806626433, -4056.213884174884, -4071.883286439497, -4080.6268369778304, -3983.2341202942757, -4005.9291753119487, -4035.078545142829, -4115.796862667664, -3984.5789560650796, -4087.7666289591452, -4173.488477108236, -4128.795490279212, -4140.240412639801, -3971.3455744963285, -4002.9071251814958, -4113.420197603312]
step_vector_gis=[25, 28, 22, 39, 29, 33, 22, 33, 16, 27, 28, 33, 30, 29, 38, 23, 29, 39, 29, 34]

return_dags_vector=[['gis'], [[(1, 0), (3, 0), (6, 0), (1, 2), (1, 3), (1, 5), (1, 6), (4, 2), (2, 6), (6, 3), (6, 5), (7, 5)]], [[(5, 0), (1, 2), (5, 1), (3, 2), (7, 2), (6, 4), (7, 4), (7, 6)]], [[(4, 0), (5, 0), (2, 1), (3, 1), (2, 5), (2, 6), (4, 3), (5, 3), (4, 5), (4, 6)]], [[(0, 1), (0, 2), (0, 3), (0, 6), (0, 7), (1, 2), (1, 3), (1, 4), (5, 1), (1, 6), (3, 2), (6, 2), (7, 2), (3, 6), (3, 7), (6, 4), (7, 4), (5, 6), (5, 7), (7, 6)]], [[(0, 1), (0, 3), (7, 0), (5, 1), (1, 6), (4, 3), (5, 3), (7, 3), (5, 6)]], [[(1, 0), (1, 4), (6, 1), (2, 3), (2, 4), (4, 3), (6, 4), (7, 5), (7, 6)]], [[(1, 0), (4, 0), (0, 7), (1, 2), (3, 2), (6, 5), (7, 5), (7, 6)]], [[(2, 0), (4, 0), (5, 0), (7, 0), (2, 1), (1, 6), (2, 4), (2, 5), (7, 2), (3, 5), (7, 5)]], [[(1, 0), (3, 0), (4, 0), (6, 0), (4, 3), (7, 5)]], [[(7, 0), (2, 1), (2, 5), (6, 2), (3, 5), (4, 5), (7, 5)]], [[(4, 0), (0, 5), (6, 0), (1, 3), (2, 3), (4, 2), (6, 2), (2, 7), (6, 5), (6, 7)]], [[(4, 0), (1, 2), (3, 1), (5, 1), (6, 1), (5, 2), (6, 2), (4, 3), (6, 3), (6, 4), (7, 4), (5, 7), (6, 7)]], [[(0, 3), (0, 4), (0, 7), (4, 1), (6, 1), (7, 1), (2, 3), (4, 2), (5, 2), (2, 6), (7, 2), (5, 4), (4, 6), (7, 4), (5, 7)]], [[(0, 2), (0, 3), (0, 4), (0, 6), (7, 0), (1, 3), (2, 4), (2, 5), (3, 5), (7, 3), (7, 4)]], [[(0, 2), (0, 3), (0, 4), (5, 0), (0, 6), (2, 1), (1, 3), (1, 4), (5, 1), (6, 1), (7, 1), (2, 6), (2, 7), (5, 3), (6, 3), (7, 3), (6, 4), (7, 4), (5, 6), (5, 7), (7, 6)]], [[(0, 4), (1, 4), (5, 1), (7, 1), (3, 6), (4, 6), (7, 6)]], [[(0, 1), (7, 0), (2, 1), (3, 1), (5, 1), (1, 6), (2, 6), (7, 2), (5, 3), (3, 6), (7, 3), (4, 6), (5, 6)]], [[(0, 5), (0, 6), (7, 0), (1, 3), (4, 2), (5, 2), (6, 3), (7, 3), (7, 5)]], [[(0, 2), (0, 4), (0, 5), (1, 3), (5, 1), (6, 1), (1, 7), (2, 3), (2, 4), (5, 2), (2, 7), (3, 4), (5, 3), (6, 3), (5, 4), (6, 4), (7, 4), (6, 5), (5, 7)]], [[(1, 0), (4, 0), (0, 5), (6, 0), (7, 0), (1, 2), (3, 1), (1, 5), (4, 2), (5, 2), (3, 4), (6, 3), (6, 5), (7, 5)]]]

