Number of nodes=8
Number of samples=1000
Cut of limit used=0.0001
total_score_ges=-8238.642050188886
total_score_pc=-11028.171054993847
total_score_mmhc=-9169.278617582899
total_score_greedySP=-8632.295831316143
total_score_gis=-8240.834296610268
total_score_gies=-8238.642050188886
total_score_ske=-10393.614989241672
total_score_gis_rec_phased_b=-8238.642050188886
total_score_true=-8260.2303004122
shd dist ges to true=[26, 23]
shd dist pc to true=[26, 27]
shd dist mmhc to true=[24, 26]
shd dist greedySP to true=[28, 23]
shd dist gis to true=[24, 24]
shd dist gies to true=[26, 23]
shd dist ske to true=[22, 26]
shd dist gis_rec_phased_b to true=[26, 23]

score_vector_ges=[-4114.610809399367, -4124.031240789519]

score_vector_pc=[-5559.709124918203, -5468.461930075643]

score_vector_mmhc=[-4475.535469612146, -4693.743147970752]

score_vector_greedySP=[-4490.507988531251, -4141.787842784892]

score_vector_gis=[-4109.536107447309, -4131.298189162959]

score_vector_gies=[-4114.610809399367, -4124.031240789519]

score_vector_ske=[-5258.718641968003, -5134.896347273669]

score_vector_gis_rec_phased_b=[-4114.610809399366, -4124.031240789519]

score_vector_true=[-4122.2922593248195, -4137.93804108738]
step_vector_greedySP=[]

step_vector_gis=[37, 31]

step_vector_ske=[2, 7]

step_vector_gis_rec_phased_b=[24, 29]

skeleton_result_vector=[0, 0]

return_dags_vector=[['ges', 'pc', 'mmhc', 'greedySP', 'gis', 'gies', 'ske', 'gis_rec_phased_b', 'true'], [[(0, 1), (0, 2), (0, 3), (0, 4), (0, 5), (0, 6), (1, 6), (2, 6), (3, 1), (3, 2), (3, 6), (4, 1), (4, 2), (4, 3), (4, 6), (5, 1), (5, 2), (5, 4), (5, 6), (5, 7), (7, 1), (7, 2), (7, 3), (7, 4)], [(0, 5), (1, 0), (1, 7), (3, 4), (3, 7), (4, 5), (6, 2), (7, 4)], [(0, 1), (0, 6), (2, 5), (2, 6), (3, 4), (3, 7), (4, 5), (4, 7), (5, 0), (7, 1), (7, 2), (7, 5)], [(0, 1), (0, 3), (0, 5), (0, 6), (1, 3), (1, 6), (2, 5), (2, 6), (2, 7), (4, 0), (4, 3), (4, 5), (4, 6), (4, 7), (5, 1), (5, 6), (7, 0), (7, 1), (7, 3)], [(1, 0), (0, 2), (0, 3), (0, 5), (0, 6), (7, 0), (1, 3), (1, 5), (1, 6), (7, 1), (3, 2), (2, 5), (2, 6), (7, 2), (4, 3), (3, 5), (3, 6), (7, 3), (4, 5), (4, 6), (7, 4), (5, 6), (7, 5)], [(0, 1), (0, 2), (0, 3), (0, 4), (0, 5), (0, 6), (1, 6), (2, 6), (3, 1), (3, 2), (3, 6), (4, 1), (4, 2), (4, 3), (4, 6), (5, 1), (5, 2), (5, 4), (5, 6), (5, 7), (7, 1), (7, 2), (7, 3), (7, 4)], [(0, 1), (5, 0), (7, 1), (6, 2), (4, 3), (7, 3), (4, 5), (7, 4)], [(0, 1), (0, 2), (0, 3), (0, 4), (5, 0), (0, 6), (3, 1), (4, 1), (5, 1), (1, 6), (7, 1), (3, 2), (4, 2), (5, 2), (2, 6), (7, 2), (4, 3), (3, 6), (7, 3), (5, 4), (4, 6), (7, 4), (5, 6), (7, 5)], [(0, 1), (0, 4), (0, 5), (0, 7), (1, 4), (1, 5), (1, 7), (2, 0), (2, 1), (2, 4), (2, 5), (2, 7), (3, 0), (3, 1), (3, 2), (3, 4), (3, 5), (3, 6), (3, 7), (5, 4), (5, 7), (6, 0), (6, 1), (6, 2), (6, 4), (6, 5), (6, 7), (7, 4)]], [[(0, 1), (0, 2), (0, 4), (0, 5), (0, 6), (0, 7), (1, 2), (1, 3), (1, 5), (1, 6), (2, 3), (2, 4), (2, 5), (2, 6), (2, 7), (3, 4), (3, 6), (5, 4), (6, 4), (6, 5), (7, 3), (7, 5), (7, 6)], [(0, 1), (0, 2), (0, 7), (1, 4), (2, 3), (2, 7), (3, 6), (5, 2), (5, 4), (6, 4), (6, 7)], [(0, 1), (0, 2), (0, 4), (0, 7), (2, 3), (2, 7), (3, 1), (3, 6), (3, 7), (4, 1), (5, 4), (6, 4), (7, 6)], [(0, 1), (0, 2), (0, 4), (0, 5), (3, 1), (3, 2), (3, 4), (3, 5), (5, 1), (5, 2), (5, 4), (6, 1), (6, 3), (6, 4), (6, 5), (7, 0), (7, 1), (7, 2), (7, 3), (7, 5), (7, 6)], [(1, 0), (3, 0), (4, 0), (5, 0), (0, 6), (0, 7), (1, 2), (1, 3), (1, 4), (5, 1), (1, 6), (1, 7), (3, 2), (4, 2), (5, 2), (2, 6), (2, 7), (3, 4), (3, 6), (3, 7), (5, 4), (4, 6), (4, 7), (5, 7), (7, 6)], [(0, 1), (0, 2), (0, 4), (0, 5), (0, 6), (0, 7), (1, 2), (1, 3), (1, 5), (1, 6), (2, 3), (2, 4), (2, 5), (2, 6), (2, 7), (3, 4), (3, 6), (5, 4), (6, 4), (6, 5), (7, 3), (7, 5), (7, 6)], [(1, 0), (2, 0), (0, 7), (1, 4), (2, 3), (2, 5), (2, 7), (3, 6), (5, 4), (6, 4), (7, 6)], [(0, 1), (2, 0), (0, 4), (0, 5), (0, 6), (7, 0), (2, 1), (1, 3), (1, 5), (1, 6), (2, 3), (2, 4), (2, 5), (2, 6), (7, 2), (3, 4), (3, 6), (7, 3), (5, 4), (6, 4), (6, 5), (7, 5), (7, 6)], [(1, 0), (2, 0), (2, 1), (2, 3), (2, 4), (2, 5), (2, 6), (2, 7), (3, 0), (3, 1), (3, 4), (3, 5), (3, 6), (3, 7), (4, 0), (4, 1), (5, 0), (5, 1), (5, 4), (6, 0), (6, 1), (6, 4), (6, 5), (6, 7), (7, 0), (7, 1), (7, 4), (7, 5)]]]

