Number of nodes=8
Number of samples=1000
Cut of limit used=0.01
total_score_ges=-405886.8458022748
total_score_pc=-424956.63526976807
total_score_mmhc=-417575.3577685972
total_score_gis=-406439.9445393605
total_score_ske=-416215.99471476465
total_score_true=-405512.49508746195
shd dist ges to true=[0, 0, 5, 9, 0, 0, 0, 9, 0, 0, 8, 6, 0, 4, 13, 0, 6, 0, 11, 7, 3, 0, 0, 6, 0, 0, 6, 0, 19, 7, 13, 6, 8, 4, 9, 0, 0, 13, 4, 0, 3, 6, 0, 10, 11, 11, 0, 11, 13, 1, 8, 7, 3, 1, 1, 0, 11, 0, 9, 11, 0, 7, 7, 12, 0, 14, 0, 0, 0, 8, 4, 5, 10, 11, 0, 0, 0, 12, 0, 7, 0, 1, 1, 0, 19, 0, 6, 0, 15, 15, 1, 0, 0, 0, 8, 17, 12, 5, 0, 6]
shd dist pc to true=[0, 0, 0, 8, 3, 1, 2, 9, 0, 0, 5, 6, 7, 5, 9, 3, 5, 7, 10, 12, 7, 6, 7, 3, 4, 8, 2, 5, 8, 8, 14, 14, 7, 1, 2, 0, 5, 4, 10, 7, 6, 7, 4, 8, 10, 4, 0, 5, 11, 3, 7, 1, 3, 1, 1, 2, 9, 4, 8, 10, 6, 2, 8, 7, 0, 15, 3, 4, 2, 9, 7, 4, 7, 8, 0, 5, 8, 6, 7, 5, 0, 4, 8, 2, 10, 8, 5, 6, 12, 10, 0, 0, 0, 0, 0, 6, 9, 13, 6, 5]
shd dist mmhc to true=[0, 0, 6, 12, 0, 5, 5, 5, 4, 0, 5, 8, 6, 3, 5, 2, 5, 2, 7, 4, 6, 8, 0, 5, 6, 8, 7, 5, 1, 10, 9, 13, 9, 6, 0, 0, 2, 6, 7, 7, 0, 9, 4, 8, 15, 4, 0, 0, 11, 3, 1, 1, 8, 7, 4, 8, 7, 4, 6, 5, 6, 7, 5, 9, 4, 10, 6, 0, 0, 10, 2, 0, 6, 4, 4, 8, 8, 12, 0, 6, 0, 1, 0, 3, 10, 5, 5, 2, 13, 10, 2, 0, 0, 3, 0, 3, 13, 5, 0, 4]
shd dist gis to true=[14, 0, 4, 21, 0, 8, 0, 8, 0, 0, 8, 11, 13, 5, 24, 0, 6, 8, 16, 7, 12, 9, 0, 10, 14, 15, 16, 0, 14, 13, 9, 15, 4, 10, 9, 0, 5, 7, 12, 0, 13, 12, 13, 11, 18, 6, 0, 11, 18, 8, 7, 0, 3, 1, 1, 11, 16, 6, 11, 12, 14, 8, 6, 8, 15, 16, 24, 11, 10, 12, 8, 5, 13, 14, 0, 14, 17, 18, 0, 17, 0, 7, 3, 0, 12, 0, 0, 0, 16, 3, 1, 0, 0, 15, 4, 12, 22, 14, 0, 0]
shd dist ske to true=[0, 0, 0, 2, 0, 1, 0, 9, 0, 0, 5, 9, 6, 3, 5, 0, 5, 0, 11, 8, 6, 5, 7, 7, 5, 2, 4, 9, 13, 9, 11, 6, 6, 2, 2, 0, 0, 1, 3, 7, 7, 11, 4, 8, 16, 4, 0, 5, 11, 3, 4, 1, 5, 1, 1, 8, 9, 5, 8, 5, 3, 6, 5, 7, 0, 12, 3, 0, 0, 11, 0, 0, 6, 7, 0, 3, 11, 14, 4, 5, 0, 1, 0, 3, 8, 4, 5, 0, 13, 8, 0, 0, 0, 3, 0, 8, 10, 9, 0, 4]

score_vector_ges=[-3991.347800808399, -4035.246008598261, -3995.07116878564, -4064.3451881352607, -4041.7591806626433, -4056.213884174884, -4071.883286439497, -4087.524454015387, -3983.2341202942753, -4005.9291753119483, -4037.597202801252, -4115.6536285082575, -3974.619802952966, -4086.5963517064724, -4178.006932164355, -4128.795490279212, -4140.240412639802, -3971.345574496328, -3998.3222586151373, -4112.424484755683, -4091.409354901845, -4031.931436328037, -4101.293924298538, -3988.842121471349, -4081.7992829924697, -4026.045493155091, -3983.6595398699774, -4055.6166959035268, -4119.074030566752, -4135.42054246113, -4121.833968473256, -4139.908392451745, -4146.635430895321, -4095.0535557752137, -4054.1074571024164, -4009.2167204813045, -3936.336964357388, -4034.242815146724, -4017.579084242093, -4018.966195780406, -4075.8718662276606, -4160.964306165363, -4175.057717225496, -4092.633215924866, -4093.514670902574, -4065.3801534424065, -4091.815304595585, -4075.2535251142876, -4113.111149797406, -4035.887689514346, -4079.9671757670667, -4084.705826073306, -4144.361686890995, -4035.9440612514068, -3975.2316749392894, -4061.139809841452, -4052.0705391910046, -4112.288345862252, -3943.575410741733, -3955.9786758610517, -4041.6423385948597, -4091.2830632144687, -3988.742920594009, -4039.5039312593562, -4003.4996138080783, -4009.395028739268, -4084.073715312651, -4091.368187476607, -4014.264266558146, -4072.22139759695, -4018.6013066496384, -4087.0824742761533, -4149.468738163389, -4099.967989892051, -3966.2933387682606, -3977.588986541399, -4068.1063761222404, -4105.351415362557, -4090.843110677371, -4089.293720758586, -4063.860883693344, -4056.8205239587123, -4082.44958384492, -4005.855412958266, -4088.6064190424913, -4087.556785475168, -3959.240305295873, -4035.5016055256106, -3977.291845737688, -4026.0983302986556, -4132.336393043019, -4154.178679674879, -3994.845371862075, -4090.1502137282, -4016.5043863529886, -4045.7997391903405, -4152.145239996039, -4006.5750333694987, -4080.1695775161593, -4052.385333215226]

score_vector_pc=[-3991.347800808399, -4035.246008598261, -3993.810400895133, -4490.029726518629, -4162.42160736318, -4080.730813530443, -4087.8234841315634, -4239.028464732822, -3983.2341202942757, -4005.9291753119487, -4406.074109131923, -4449.416297681695, -4094.235748757235, -4206.718154044956, -4576.900557217725, -4199.4907666857425, -4310.337106926319, -4070.2119601505865, -4865.706041274413, -4482.481076149955, -4340.182289733894, -4200.579394788145, -4146.9283993533145, -4241.797790508522, -4496.839630391223, -4272.299886624928, -4032.0007296215645, -4265.604890983496, -4506.512290297869, -4470.975623143727, -4883.603334970876, -4568.850017172938, -4424.441139523452, -4129.305019269014, -4095.13239098177, -4009.216720481304, -3958.6009360935336, -4292.111018810658, -4069.8701012240463, -4037.0236980225195, -4190.471259432099, -4585.090937709708, -4239.451280438718, -4206.186705477087, -5046.138602009665, -4339.533143711424, -4091.815304595585, -4258.849544460633, -4317.9749664466635, -4095.991669652452, -4173.234783403388, -4088.8287243331497, -4253.366246126132, -4101.754117688467, -3994.5708611279915, -4106.64366270516, -4385.016530756044, -4305.348509087739, -4255.4844561594255, -4217.808754155772, -4444.926205192697, -4137.512743225153, -4418.294683983086, -4050.5488424314212, -4003.4996138080787, -4814.345242711094, -4149.203146559402, -4246.658997047457, -4045.626368174118, -4506.302302398313, -4089.9082962900256, -4087.5161610335545, -4624.794123593207, -4454.319657502414, -3966.2933387682606, -4290.160977361929, -4417.4646780225385, -4945.342073515154, -4177.227066980142, -4265.100470536444, -4063.860883693344, -4098.851381447478, -4196.732892583445, -4148.21966574612, -4239.808043420874, -4152.662397703153, -3966.9582304753703, -4130.592831903832, -4066.8849299280837, -4388.253749264033, -4132.345419539388, -4154.178679674879, -3994.845371862075, -4090.1502137281996, -4004.3083821003074, -4354.277755233702, -4543.08505143034, -4379.403883266634, -4180.923216221791, -4108.638519731213]

score_vector_mmhc=[-3991.347800808399, -4035.2460085982616, -4064.950578385282, -4471.89910013333, -4041.7591806626433, -4170.6992366931345, -4097.909960836679, -4200.770989948639, -4044.837612867499, -4005.9291753119483, -4156.415395915534, -4229.32496272523, -4028.4448991439313, -4123.896194077181, -4424.319269945497, -4140.566955270258, -4360.471533431402, -4028.029948328736, -4408.653770249422, -4307.117964567112, -4244.642467910761, -4169.51762819416, -4101.293924298538, -4225.697078896665, -4472.201587412224, -4128.63131967755, -4066.864370420701, -4137.726151620355, -4123.737110190898, -4340.778516194172, -4753.056221224427, -4264.492466486853, -4485.531528141745, -4177.916534681293, -4032.9986321605907, -4009.2167204813045, -3987.44813229607, -4016.3927849361003, -4056.480238191146, -4037.0236980225186, -4077.158716150054, -4366.526665771522, -4316.074342238187, -4232.995233976671, -4460.099598545466, -4280.88746446505, -4091.815304595585, -4067.571567241478, -4311.121510340872, -4095.991669652452, -4181.188303200367, -4088.8287243331492, -4369.996014988399, -4078.828217226316, -4029.095284458778, -4130.390227977736, -4123.543578506553, -4216.126146433966, -4159.342232145121, -4004.7343575747072, -4294.991130463035, -4104.907224900897, -4011.4119142153177, -4048.4226893035484, -4113.883530309123, -4346.849423285548, -4160.333129836568, -4091.368187476607, -4014.264266558146, -4333.085373945345, -4040.0914467809994, -4087.1103365733934, -4303.73993072027, -4173.278655595257, -3993.46510150311, -4255.025971039688, -4329.184879377032, -4907.877830620729, -4090.843110677371, -4264.247320077936, -4063.860883693344, -4056.8205239587123, -4082.5459509879383, -4135.590566406369, -4238.857660389198, -4092.1945003814394, -3966.9582304753703, -4086.7397658935793, -4015.5767649183745, -4274.244893233513, -4149.714436463302, -4154.178679674879, -3994.845371862075, -4246.855495929533, -4004.3083821003074, -4279.914242343582, -4558.207358758281, -4221.839331449829, -4080.1695775161593, -4061.0008897408875]

score_vector_gis=[-4010.5787128171273, -4035.246008598261, -3996.509745411052, -4081.715013227814, -4041.7591806626433, -4069.313125427024, -4071.883286439497, -4088.7057911684087, -3983.2341202942757, -4005.9291753119487, -4035.078545142829, -4115.796862667664, -3990.575647040412, -4091.9585777312896, -4179.254575076351, -4128.795490279212, -4140.240412639801, -3985.2694549853286, -4002.9071251814958, -4121.801704567171, -4100.3224931041, -4039.2293670535146, -4101.293924298538, -3999.4887070782634, -4114.99631448385, -4036.487663510413, -4007.253482632377, -4055.6166959035277, -4113.056180870317, -4157.441714539692, -4118.900803138656, -4154.176953764524, -4142.009948351955, -4103.500135589919, -4048.7827038871064, -4009.216720481304, -3944.4623512569456, -4014.806824641486, -4032.730519274809, -4018.966195780406, -4095.2884686143925, -4171.193848926395, -4193.90499014201, -4096.902627560373, -4093.947646288505, -4055.6710750765224, -4091.815304595585, -4075.2535251142876, -4111.721366602699, -4047.094908484303, -4079.546905168604, -4085.1532173079813, -4144.361686890995, -4035.9440612514063, -3975.2316749392885, -4069.2650770146024, -4050.339343150181, -4119.524194154475, -3961.5985626727256, -3959.3948551859376, -4064.6177758880563, -4094.0021168544035, -3989.1674564467517, -4040.044531610806, -4028.788756920289, -4013.718817037678, -4128.317837237725, -4104.323144040904, -4030.5775173938277, -4067.30581995653, -4018.0038030071046, -4087.0824742761533, -4158.377885060723, -4104.929966064443, -3966.2933387682606, -4002.8777159651377, -4089.7558065505723, -4124.032860222678, -4090.843110677371, -4097.343021414505, -4063.860883693344, -4063.0202691575305, -4082.60348573902, -4005.8554129582653, -4084.8567072010956, -4087.556785475168, -3959.234497592009, -4035.5016055256106, -3977.2767095020495, -4017.08777886286, -4132.336393043019, -4154.178679674879, -3994.845371862075, -4118.462927549432, -4006.405610913166, -4034.418762544241, -4163.960755809923, -4024.8407338928673, -4080.16957751616, -4050.6222420012937]

score_vector_gis_b=[]

score_vector_ges_gis=[]

score_vector_gis_phased_b=[]

score_vector_ske=[-3991.347800808399, -4035.246008598261, -3993.810400895133, -4148.489032414857, -4041.7591806626433, -4080.730813530443, -4071.883286439497, -4239.028464732822, -3983.2341202942757, -4005.9291753119487, -4156.415395915534, -4297.323762719286, -4028.4448991439313, -4123.896194077181, -4339.190826456692, -4128.795490279212, -4360.471533431402, -3971.3455744963285, -4545.303645037879, -4443.961655443684, -4244.642467910761, -4104.516611683018, -4146.9283993533145, -4153.379744962262, -4330.090828054703, -4098.88176993306, -4021.945394782687, -4092.800126574832, -4201.176981675308, -4325.583438742963, -4633.402873179915, -4371.049414120802, -4257.148256300128, -4118.172479192786, -4095.13239098177, -4009.216720481304, -3936.336964357388, -4101.093586741877, -4055.593928268527, -4037.0236980225195, -4120.087422106012, -4415.07276963887, -4316.074342238187, -4206.186705477087, -4642.983735001976, -4280.88746446505, -4091.815304595585, -4125.964276178793, -4311.121510340872, -4095.991669652452, -4168.363579891265, -4088.8287243331497, -4447.081497967431, -4101.754117688467, -3994.5708611279915, -4130.390227977736, -4084.8477174861555, -4297.412499239871, -4137.885719086197, -4004.7343575747077, -4245.182050855619, -4105.448140090213, -4011.4119142153177, -4050.5488424314212, -4003.4996138080787, -4117.773992407824, -4149.203146559402, -4091.368187476607, -4014.2642665581466, -4284.747465230274, -4017.4166802864097, -4087.1103365733934, -4303.739930720271, -4151.588378699534, -3966.2933387682606, -4205.599560504176, -4282.669973368842, -4745.638407077352, -4127.322046454179, -4265.100470536444, -4063.860883693344, -4056.8205239587123, -4082.545950987938, -4135.590566406368, -4182.923755285813, -4097.175600806067, -3966.958230475371, -4035.5016055256106, -4028.156681037496, -4250.406510148563, -4132.345419539388, -4154.178679674879, -3994.845371862075, -4247.07609948505, -4004.3083821003074, -4305.851333992323, -4529.688751122744, -4197.885320706646, -4080.16957751616, -4061.0008897408875]

score_vector_opt=[]

score_vector_true=[-3991.3478008083994, -4035.2460085982616, -3993.810400895133, -4056.0830221177316, -4041.7591806626433, -4056.213884174884, -4071.883286439497, -4080.6268369778304, -3983.2341202942753, -4005.929175311948, -4035.3013460992624, -4114.204880335766, -3974.619802952966, -4086.0395273442964, -4154.824766174235, -4128.795490279212, -4133.281071393167, -3971.345574496329, -3986.985067808096, -4110.428363681977, -4090.332241623281, -4031.931436328037, -4101.293924298538, -3991.8266469392365, -4081.7992829924697, -4026.045493155092, -3983.1765005218267, -4055.6166959035277, -4098.852196536033, -4135.3477001297415, -4119.442114356352, -4138.87590647924, -4141.789275786075, -4095.3818282169386, -4032.9986321605907, -4009.2167204813045, -3936.336964357388, -4014.4497246797737, -4016.6927743194738, -4018.966195780406, -4077.158716150054, -4156.05609682784, -4175.057717225496, -4090.1708242799527, -4075.90907750071, -4053.566878424324, -4091.815304595585, -4067.571567241478, -4097.551906019327, -4038.129242222149, -4075.0340266238936, -4085.1532173079813, -4144.645612978339, -4037.2846023468924, -3976.5085201914826, -4061.1398098414525, -4028.078484509595, -4112.288345862252, -3941.652267683823, -3935.39525813436, -4041.64233859486, -4091.6492018979607, -3989.939348253539, -4038.2265651071502, -4003.4996138080787, -3996.951048888598, -4084.073715312651, -4091.368187476607, -4014.2642665581466, -4061.7581732724057, -4017.41668028641, -4087.1103365733934, -4142.444733939168, -4079.4363066112396, -3966.2933387682606, -3977.588986541399, -4068.1063761222404, -4104.264895926881, -4090.8431106773705, -4087.766958111572, -4063.860883693344, -4057.3824593970094, -4082.5459509879383, -4005.855412958265, -4071.5390207646597, -4087.556785475168, -3959.234497592009, -4035.5016055256106, -3962.3431510104056, -4017.134226047198, -4132.345419539388, -4154.178679674879, -3994.845371862075, -4090.1502137282, -4004.3083821003074, -4027.7252056808925, -4141.756096912234, -4006.296384408808, -4080.1695775161593, -4050.6222420012937]

step_vector_gis=[21, 28, 22, 37, 29, 28, 22, 29, 16, 27, 28, 33, 26, 26, 36, 23, 29, 31, 29, 30, 35, 36, 20, 19, 37, 34, 29, 19, 38, 40, 35, 27, 39, 30, 29, 10, 19, 42, 35, 17, 36, 30, 26, 28, 38, 44, 17, 25, 29, 27, 35, 18, 32, 24, 28, 33, 29, 30, 21, 27, 36, 14, 35, 23, 37, 32, 35, 28, 25, 35, 29, 16, 30, 31, 21, 22, 36, 40, 23, 20, 18, 24, 32, 21, 33, 33, 27, 24, 37, 36, 26, 1, 17, 32, 15, 36, 30, 38, 31, 16]

step_vector_ske=[3, 2, 4, 7, 4, 1, 2, 4, 3, 3, 2, 3, 2, 3, 5, 2, 3, 5, 3, 2, 4, 4, 3, 2, 7, 4, 7, 1, 4, 5, 8, 4, 5, 5, 3, 2, 6, 3, 3, 1, 3, 4, 3, 3, 1, 4, 1, 4, 3, 2, 6, 0, 3, 2, 2, 7, 5, 2, 3, 4, 4, 1, 2, 5, 3, 3, 0, 3, 4, 5, 3, 1, 4, 5, 1, 2, 3, 2, 3, 1, 3, 3, 6, 1, 1, 1, 6, 4, 3, 4, 3, 0, 1, 2, 1, 3, 3, 10, 4, 3]

step_vector_ges_gis=[]

step_vector_gis_b=[]

step_vector_gis_phased_b=[]

return_dags_vector=[['ges', 'pc', 'mmhc', 'gis', 'ske', 'true'], [[(0, 1), (1, 5), (2, 6), (3, 1), (6, 1), (6, 3), (6, 5), (7, 5)], [(0, 1), (1, 5), (3, 1), (6, 1), (6, 2), (6, 3), (6, 5), (7, 5)], [(0, 1), (1, 5), (3, 1), (6, 1), (6, 2), (6, 3), (6, 5), (7, 5)], [(1, 0), (3, 0), (6, 0), (1, 2), (1, 3), (1, 5), (1, 6), (1, 7), (4, 2), (2, 5), (2, 6), (6, 3), (5, 6), (5, 7), (7, 6)], [(0, 1), (3, 1), (1, 5), (6, 1), (6, 2), (6, 3), (6, 5), (7, 5)], [(0, 1), (1, 5), (3, 1), (3, 6), (6, 1), (6, 2), (6, 5), (7, 5)]], [[(0, 5), (1, 2), (3, 2), (4, 6), (4, 7), (5, 1), (6, 7), (7, 2)], [(1, 2), (3, 2), (5, 0), (5, 1), (6, 4), (7, 2), (7, 4), (7, 6)], [(1, 2), (1, 5), (3, 2), (5, 0), (6, 4), (6, 7), (7, 2), (7, 4)], [(5, 0), (1, 2), (5, 1), (3, 2), (7, 2), (6, 4), (7, 4), (7, 6)], [(5, 0), (1, 2), (5, 1), (3, 2), (7, 2), (6, 4), (7, 4), (7, 6)], [(0, 5), (1, 2), (3, 2), (4, 7), (5, 1), (6, 4), (6, 7), (7, 2)]], [[(0, 4), (0, 5), (2, 1), (2, 4), (2, 6), (3, 1), (4, 3), (4, 6), (5, 2), (5, 3)], [(2, 1), (2, 6), (3, 1), (3, 4), (4, 0), (4, 6), (5, 0), (5, 2), (5, 3)], [(0, 4), (1, 2), (1, 3), (2, 5), (2, 6), (4, 3), (4, 6), (5, 0), (5, 3)], [(4, 0), (5, 0), (2, 1), (3, 1), (2, 5), (2, 6), (4, 3), (5, 3), (4, 5), (4, 6)], [(4, 0), (5, 0), (2, 1), (3, 1), (5, 2), (2, 6), (3, 4), (5, 3), (4, 6)], [(2, 1), (2, 6), (3, 1), (3, 4), (3, 5), (4, 0), (4, 6), (5, 0), (5, 2)]], [[(1, 0), (1, 6), (2, 0), (3, 0), (3, 7), (4, 1), (4, 2), (4, 6), (5, 1), (5, 4), (5, 6), (6, 2), (7, 0), (7, 1), (7, 5), (7, 6)], [(0, 2), (1, 0), (1, 4), (1, 5), (3, 0), (4, 6), (5, 6), (5, 7), (6, 2), (7, 0), (7, 3)], [(0, 1), (0, 2), (0, 3), (0, 7), (1, 4), (4, 6), (5, 1), (5, 6), (5, 7), (6, 2), (7, 3)], [(0, 1), (0, 2), (0, 3), (0, 6), (0, 7), (1, 2), (1, 3), (1, 4), (5, 1), (1, 6), (1, 7), (3, 2), (6, 2), (2, 7), (3, 6), (3, 7), (6, 4), (7, 4), (5, 6), (5, 7), (6, 7)], [(1, 0), (2, 0), (3, 0), (7, 0), (4, 1), (1, 5), (6, 2), (7, 3), (6, 4), (6, 5), (7, 5)], [(1, 0), (1, 5), (2, 0), (3, 0), (4, 1), (6, 2), (6, 4), (6, 5), (7, 0), (7, 1), (7, 3), (7, 5)]], [[(0, 1), (0, 3), (0, 7), (1, 6), (4, 3), (5, 1), (5, 3), (5, 6), (7, 3)], [(0, 1), (0, 3), (3, 5), (4, 3), (5, 1), (6, 1), (6, 5), (7, 0), (7, 3)], [(0, 1), (0, 3), (0, 7), (1, 6), (4, 3), (5, 1), (5, 3), (5, 6), (7, 3)], [(0, 1), (0, 3), (7, 0), (5, 1), (1, 6), (4, 3), (5, 3), (7, 3), (5, 6)], [(0, 1), (0, 3), (7, 0), (5, 1), (1, 6), (4, 3), (5, 3), (7, 3), (5, 6)], [(0, 1), (0, 3), (0, 7), (1, 6), (4, 3), (5, 1), (5, 3), (5, 6), (7, 3)]], [[(0, 1), (1, 4), (1, 6), (2, 3), (2, 4), (4, 3), (6, 4), (6, 7), (7, 5)], [(1, 0), (2, 3), (2, 4), (4, 3), (6, 1), (6, 4), (7, 5), (7, 6)], [(1, 0), (1, 6), (3, 2), (3, 4), (4, 1), (4, 2), (4, 6), (6, 7), (7, 5)], [(1, 0), (1, 2), (1, 3), (4, 1), (6, 1), (3, 2), (4, 2), (6, 2), (4, 3), (6, 4), (7, 5), (7, 6)], [(1, 0), (6, 1), (2, 3), (2, 4), (4, 3), (6, 4), (7, 5), (7, 6)], [(0, 1), (1, 4), (1, 6), (2, 3), (2, 4), (4, 3), (6, 4), (6, 7), (7, 5)]], [[(0, 7), (1, 0), (1, 2), (3, 2), (4, 0), (5, 6), (7, 5), (7, 6)], [(0, 7), (1, 0), (1, 2), (3, 2), (4, 0), (6, 5), (6, 7), (7, 5)], [(0, 1), (0, 4), (1, 2), (3, 2), (5, 6), (5, 7), (6, 7), (7, 0)], [(1, 0), (4, 0), (0, 7), (1, 2), (3, 2), (6, 5), (7, 5), (7, 6)], [(1, 0), (4, 0), (0, 7), (1, 2), (3, 2), (6, 5), (7, 5), (7, 6)], [(0, 7), (1, 0), (1, 2), (3, 2), (4, 0), (6, 5), (7, 5), (7, 6)]], [[(0, 2), (0, 5), (1, 6), (2, 1), (2, 5), (3, 0), (3, 5), (4, 2), (4, 7), (7, 0), (7, 2), (7, 5)], [(0, 2), (1, 6), (2, 1), (3, 0), (3, 5), (4, 2), (7, 0), (7, 5)], [(0, 7), (1, 2), (1, 6), (2, 0), (2, 4), (2, 5), (3, 5), (7, 5)], [(2, 0), (4, 0), (5, 0), (7, 0), (1, 2), (1, 6), (2, 3), (2, 4), (5, 2), (2, 7), (5, 3), (7, 3), (5, 7)], [(0, 2), (3, 0), (7, 0), (2, 1), (1, 6), (4, 2), (3, 5), (7, 5)], [(1, 6), (2, 0), (2, 1), (2, 4), (2, 5), (2, 7), (3, 5), (4, 0), (5, 0), (7, 0), (7, 5)]], [[(1, 0), (3, 0), (3, 4), (4, 0), (5, 7), (6, 0)], [(1, 0), (3, 0), (4, 0), (4, 3), (6, 0), (7, 5)], [(0, 1), (0, 3), (0, 4), (0, 6), (3, 4), (5, 7)], [(1, 0), (3, 0), (4, 0), (6, 0), (4, 3), (7, 5)], [(1, 0), (3, 0), (4, 0), (6, 0), (4, 3), (7, 5)], [(1, 0), (3, 0), (3, 4), (4, 0), (6, 0), (7, 5)]], [[(0, 7), (1, 2), (2, 5), (2, 6), (3, 5), (4, 5), (7, 5)], [(2, 1), (2, 5), (3, 5), (4, 5), (6, 2), (7, 0), (7, 5)], [(0, 7), (1, 2), (2, 5), (2, 6), (3, 5), (4, 5), (7, 5)], [(7, 0), (2, 1), (2, 5), (6, 2), (3, 5), (4, 5), (7, 5)], [(7, 0), (2, 1), (2, 5), (6, 2), (3, 5), (4, 5), (7, 5)], [(0, 7), (2, 1), (2, 5), (2, 6), (3, 5), (4, 5), (7, 5)]], [[(0, 5), (1, 3), (1, 7), (2, 3), (2, 4), (4, 0), (6, 0), (6, 2), (6, 4), (6, 5), (6, 7), (7, 2)], [(0, 4), (0, 6), (1, 3), (2, 3), (2, 4), (4, 5), (5, 6), (7, 6)], [(0, 4), (0, 6), (1, 3), (2, 3), (4, 2), (5, 4), (5, 6), (6, 7)], [(4, 0), (0, 5), (6, 0), (1, 3), (2, 3), (4, 2), (6, 2), (2, 7), (6, 5), (6, 7)], [(0, 4), (0, 6), (1, 3), (2, 3), (4, 2), (5, 4), (5, 6), (6, 7)], [(0, 4), (0, 6), (1, 3), (2, 0), (2, 3), (2, 4), (2, 7), (5, 6), (6, 4), (6, 7)]], [[(0, 4), (2, 1), (2, 5), (2, 6), (2, 7), (3, 1), (3, 6), (4, 3), (4, 6), (4, 7), (6, 1), (6, 5), (6, 7), (7, 5)], [(2, 1), (2, 5), (2, 6), (4, 0), (4, 3), (4, 7), (5, 7), (6, 1), (6, 7)], [(1, 2), (1, 3), (1, 6), (2, 5), (2, 6), (4, 0), (4, 3), (4, 6), (4, 7), (6, 7), (7, 5)], [(4, 0), (1, 2), (3, 1), (5, 1), (6, 1), (5, 2), (6, 2), (4, 3), (6, 3), (6, 4), (7, 4), (5, 7), (6, 7)], [(4, 0), (2, 1), (6, 1), (5, 2), (6, 2), (4, 3), (7, 4), (5, 7), (6, 7)], [(0, 4), (2, 1), (2, 5), (2, 6), (3, 1), (3, 6), (4, 3), (4, 5), (4, 7), (5, 7), (6, 1), (6, 7)]], [[(0, 3), (2, 3), (2, 5), (2, 6), (4, 0), (4, 1), (4, 5), (6, 1), (6, 4), (7, 0), (7, 1), (7, 5)], [(0, 3), (0, 4), (0, 7), (1, 4), (1, 7), (2, 3), (2, 5), (4, 5), (5, 7), (6, 1), (6, 2)], [(0, 3), (0, 4), (0, 7), (1, 4), (1, 6), (1, 7), (2, 3), (2, 5), (4, 5), (6, 2), (7, 5)], [(2, 0), (3, 0), (0, 4), (0, 7), (4, 1), (6, 1), (7, 1), (3, 2), (2, 4), (5, 2), (2, 6), (2, 7), (5, 4), (4, 6), (7, 4), (5, 7)], [(0, 3), (0, 4), (0, 7), (1, 4), (1, 6), (1, 7), (2, 3), (2, 5), (6, 2), (4, 5), (7, 5)], [(0, 3), (2, 3), (2, 5), (4, 0), (4, 1), (4, 5), (4, 6), (6, 1), (6, 2), (7, 0), (7, 1), (7, 5)]], [[(0, 2), (0, 3), (0, 6), (0, 7), (1, 3), (1, 7), (2, 5), (3, 5), (3, 7), (4, 2), (4, 7)], [(0, 3), (0, 6), (0, 7), (1, 3), (2, 4), (2, 5), (3, 5), (3, 7), (4, 7)], [(0, 3), (0, 6), (0, 7), (1, 3), (2, 4), (2, 5), (3, 5), (7, 3), (7, 4)], [(0, 2), (0, 3), (0, 4), (0, 6), (7, 0), (1, 3), (3, 2), (2, 4), (5, 2), (3, 5), (7, 3), (7, 4)], [(0, 3), (0, 6), (7, 0), (1, 3), (2, 4), (2, 5), (3, 5), (7, 3), (7, 4)], [(0, 2), (0, 3), (0, 6), (0, 7), (1, 3), (2, 5), (3, 5), (4, 2), (7, 3)]], [[(0, 4), (1, 0), (1, 2), (1, 5), (1, 6), (1, 7), (2, 0), (2, 4), (2, 6), (2, 7), (3, 0), (3, 4), (3, 5), (3, 6), (3, 7), (4, 7), (5, 2), (5, 4), (5, 6), (5, 7), (6, 0), (6, 4), (6, 7)], [(0, 3), (0, 4), (0, 6), (1, 2), (1, 5), (1, 6), (2, 6), (2, 7), (3, 5), (3, 6), (3, 7), (4, 7)], [(0, 3), (0, 4), (1, 2), (1, 5), (1, 6), (3, 5), (3, 6), (3, 7), (4, 7), (6, 2), (7, 2)], [(0, 2), (0, 3), (0, 4), (5, 0), (0, 6), (0, 7), (2, 1), (1, 3), (1, 4), (5, 1), (6, 1), (1, 7), (2, 6), (2, 7), (5, 3), (6, 3), (7, 3), (6, 4), (7, 4), (5, 6), (5, 7), (6, 7)], [(3, 0), (4, 0), (0, 6), (1, 2), (1, 5), (6, 1), (6, 2), (7, 2), (3, 5), (3, 6), (3, 7), (4, 7)], [(1, 0), (1, 2), (1, 5), (1, 6), (3, 0), (3, 5), (3, 6), (3, 7), (4, 0), (4, 6), (4, 7), (5, 2), (6, 2), (7, 2)]], [[(0, 4), (1, 4), (3, 6), (4, 6), (5, 1), (7, 1), (7, 6)], [(0, 4), (1, 4), (1, 7), (3, 6), (4, 6), (5, 1), (6, 7)], [(0, 4), (1, 4), (1, 5), (1, 7), (3, 6), (4, 6), (7, 6)], [(0, 4), (1, 4), (5, 1), (7, 1), (3, 6), (4, 6), (7, 6)], [(0, 4), (1, 4), (5, 1), (7, 1), (3, 6), (4, 6), (7, 6)], [(0, 4), (1, 4), (3, 6), (4, 6), (5, 1), (7, 1), (7, 6)]], [[(0, 1), (0, 7), (1, 6), (2, 1), (2, 6), (3, 1), (3, 6), (4, 6), (5, 1), (5, 3), (5, 6), (7, 2), (7, 3)], [(0, 1), (0, 7), (2, 1), (3, 7), (5, 1), (5, 3), (6, 1), (6, 3), (7, 2)], [(0, 1), (1, 5), (1, 6), (2, 1), (2, 7), (3, 5), (3, 6), (7, 0), (7, 3)], [(0, 1), (7, 0), (2, 1), (3, 1), (5, 1), (1, 6), (2, 6), (7, 2), (5, 3), (3, 6), (7, 3), (4, 6), (5, 6)], [(0, 1), (7, 0), (2, 1), (1, 5), (1, 6), (7, 2), (3, 5), (3, 6), (7, 3)], [(0, 1), (0, 6), (0, 7), (2, 1), (3, 6), (5, 1), (5, 3), (6, 1), (7, 2), (7, 3)]], [[(0, 5), (0, 6), (0, 7), (1, 3), (4, 2), (5, 2), (5, 7), (6, 3), (7, 3)], [(0, 5), (0, 6), (0, 7), (1, 3), (3, 6), (3, 7), (4, 2), (5, 2), (7, 5)], [(0, 6), (0, 7), (1, 3), (2, 4), (2, 5), (5, 0), (5, 7), (6, 3), (7, 3)], [(0, 5), (6, 0), (0, 7), (3, 1), (6, 1), (7, 1), (4, 2), (5, 2), (5, 3), (6, 3), (3, 7), (5, 7), (6, 7)], [(0, 5), (0, 6), (7, 0), (1, 3), (4, 2), (5, 2), (6, 3), (7, 3), (7, 5)], [(0, 5), (0, 6), (0, 7), (1, 3), (4, 2), (5, 2), (6, 3), (7, 3), (7, 5)]], [[(0, 4), (0, 5), (1, 3), (1, 4), (1, 7), (4, 2), (4, 3), (5, 1), (5, 2), (5, 3), (5, 4), (5, 7), (6, 1), (6, 3), (6, 5), (7, 3), (7, 4)], [(0, 1), (0, 5), (2, 0), (2, 5), (3, 1), (4, 3), (4, 5), (6, 5), (7, 1)], [(0, 1), (0, 5), (3, 1), (3, 4), (4, 2), (4, 5), (5, 1), (5, 2), (5, 6), (7, 1)], [(0, 2), (0, 4), (0, 5), (1, 3), (5, 1), (6, 1), (1, 7), (2, 3), (2, 4), (5, 2), (2, 7), (3, 4), (5, 3), (6, 3), (5, 4), (6, 4), (7, 4), (6, 5), (5, 7)], [(0, 1), (2, 0), (0, 5), (1, 3), (7, 1), (2, 5), (4, 3), (4, 5), (5, 6)], [(0, 5), (3, 1), (4, 2), (4, 3), (4, 5), (4, 6), (5, 1), (5, 2), (6, 1), (6, 5), (7, 1), (7, 3), (7, 6)]], [[(1, 0), (1, 2), (1, 3), (1, 4), (3, 6), (4, 0), (4, 2), (4, 3), (5, 0), (5, 2), (5, 4), (5, 7), (6, 0), (7, 4)], [(0, 4), (0, 5), (1, 0), (1, 2), (2, 4), (2, 5), (3, 6), (4, 3), (5, 7)], [(0, 5), (1, 0), (1, 2), (3, 1), (3, 4), (3, 6), (4, 0), (4, 2), (5, 2), (5, 7)], [(1, 0), (4, 0), (0, 5), (6, 0), (0, 7), (1, 2), (3, 1), (1, 5), (1, 7), (4, 2), (5, 2), (3, 4), (6, 3), (4, 7), (6, 5), (7, 5)], [(1, 0), (4, 0), (0, 5), (2, 1), (4, 2), (2, 5), (4, 3), (3, 6), (5, 7)], [(1, 0), (1, 2), (3, 1), (3, 4), (3, 6), (4, 0), (4, 2), (4, 5), (5, 0), (5, 2), (6, 0), (7, 5)]], [[(0, 1), (0, 2), (0, 6), (2, 6), (2, 7), (3, 1), (3, 5), (4, 5), (6, 5), (6, 7), (7, 1), (7, 4), (7, 5)], [(1, 0), (2, 0), (3, 1), (3, 5), (6, 0), (6, 5), (7, 2), (7, 4), (7, 6)], [(0, 1), (0, 2), (0, 6), (2, 7), (3, 1), (3, 5), (6, 5), (6, 7), (7, 4)], [(0, 1), (0, 2), (0, 5), (0, 6), (0, 7), (3, 1), (1, 7), (7, 2), (3, 5), (3, 6), (3, 7), (7, 4), (5, 6), (5, 7), (7, 6)], [(0, 1), (0, 2), (6, 0), (3, 1), (2, 7), (3, 5), (7, 4), (6, 5), (6, 7)], [(0, 1), (0, 2), (0, 6), (3, 1), (3, 5), (6, 5), (7, 0), (7, 1), (7, 2), (7, 4), (7, 5), (7, 6)]], [[(0, 2), (0, 4), (0, 7), (2, 5), (2, 7), (3, 1), (3, 6), (4, 7), (5, 1), (5, 7), (6, 1)], [(0, 7), (1, 3), (2, 0), (4, 7), (5, 1), (5, 2), (5, 7), (6, 3)], [(1, 3), (1, 5), (2, 0), (4, 7), (5, 2), (5, 7), (6, 3), (7, 0)], [(2, 0), (0, 7), (1, 3), (5, 1), (2, 4), (5, 2), (2, 7), (5, 3), (6, 3), (5, 4), (7, 4), (5, 7)], [(2, 0), (7, 0), (3, 1), (5, 1), (5, 2), (6, 3), (4, 7), (5, 7)], [(0, 2), (0, 4), (0, 7), (2, 5), (2, 7), (3, 1), (4, 7), (5, 1), (5, 7), (6, 1), (6, 3)]], [[(0, 1), (0, 2), (0, 6), (3, 1), (3, 4), (3, 5), (3, 7), (4, 1), (4, 5), (5, 1)], [(0, 1), (0, 2), (0, 6), (1, 3), (1, 5), (3, 5), (3, 7), (4, 3), (4, 5)], [(0, 1), (0, 2), (0, 6), (3, 1), (3, 7), (4, 1), (4, 3), (4, 5), (5, 1), (5, 3)], [(0, 1), (0, 2), (6, 0), (3, 1), (4, 1), (5, 1), (3, 4), (3, 5), (7, 3), (5, 4)], [(1, 0), (0, 2), (0, 6), (1, 3), (1, 5), (4, 3), (3, 5), (3, 7), (4, 5)], [(0, 1), (0, 2), (0, 6), (3, 1), (3, 7), (4, 1), (4, 3), (4, 5), (5, 1), (5, 3)]], [[(0, 2), (0, 7), (1, 6), (1, 7), (2, 7), (3, 6), (3, 7), (5, 7), (6, 0), (6, 7)], [(0, 2), (0, 6), (1, 7), (3, 7), (5, 7), (6, 3), (6, 7)], [(0, 2), (3, 6), (3, 7), (5, 1), (5, 7), (6, 0), (6, 7), (7, 1)], [(0, 2), (6, 0), (0, 7), (1, 5), (1, 6), (1, 7), (2, 5), (3, 5), (3, 6), (3, 7), (6, 5), (7, 5), (6, 7)], [(0, 2), (6, 0), (1, 7), (3, 6), (3, 7), (5, 7), (7, 6)], [(0, 2), (0, 7), (1, 7), (3, 1), (3, 7), (5, 7), (6, 0), (6, 1), (6, 3), (6, 7)]], [[(0, 1), (2, 0), (2, 1), (2, 5), (3, 1), (4, 0), (4, 1), (5, 1), (6, 1), (6, 3), (6, 5), (7, 0), (7, 3)], [(0, 1), (1, 3), (1, 5), (2, 1), (2, 5), (4, 0), (4, 1), (6, 3), (6, 5), (7, 0), (7, 3)], [(0, 1), (0, 4), (0, 7), (1, 2), (1, 5), (2, 5), (3, 1), (4, 1), (6, 3), (6, 5), (7, 3)], [(0, 1), (0, 2), (4, 0), (5, 0), (0, 6), (7, 0), (2, 1), (3, 1), (4, 1), (5, 1), (1, 6), (3, 2), (4, 2), (5, 2), (2, 6), (7, 2), (3, 5), (3, 6), (7, 3), (5, 6), (7, 6)], [(0, 1), (4, 0), (7, 0), (1, 2), (3, 1), (4, 1), (5, 1), (5, 2), (6, 3), (7, 3), (6, 5)], [(0, 1), (2, 0), (2, 1), (2, 5), (3, 1), (4, 0), (4, 1), (5, 1), (6, 1), (6, 3), (6, 5), (7, 0), (7, 3)]], [[(0, 1), (0, 3), (1, 4), (2, 4), (2, 7), (3, 1), (3, 2), (3, 4), (3, 5), (3, 6), (5, 1), (7, 4)], [(0, 1), (0, 3), (1, 4), (2, 7), (3, 1), (3, 2), (4, 7), (5, 1), (5, 3), (6, 3)], [(0, 1), (0, 3), (1, 3), (1, 4), (2, 7), (3, 2), (3, 6), (5, 1), (5, 3), (7, 4)], [(1, 0), (0, 3), (0, 5), (1, 3), (4, 1), (1, 5), (1, 7), (3, 2), (2, 7), (4, 3), (3, 5), (3, 6), (3, 7), (4, 7)], [(0, 1), (3, 0), (3, 1), (1, 4), (5, 1), (2, 3), (7, 2), (3, 5), (3, 6), (7, 4)], [(0, 1), (1, 4), (2, 4), (2, 7), (3, 0), (3, 1), (3, 2), (3, 4), (3, 5), (3, 6), (5, 1), (7, 4)]], [[(1, 4), (2, 0), (2, 5), (3, 6), (4, 0), (4, 5), (6, 1), (6, 5), (7, 1), (7, 5), (7, 6)], [(1, 7), (2, 0), (2, 5), (3, 6), (4, 0), (4, 1), (4, 5), (6, 5), (6, 7), (7, 5)], [(0, 2), (0, 4), (1, 7), (2, 5), (3, 1), (3, 6), (4, 1), (4, 5), (6, 5), (7, 5), (7, 6)], [(0, 1), (0, 2), (0, 4), (0, 5), (1, 4), (6, 1), (7, 1), (4, 2), (5, 2), (6, 2), (7, 2), (3, 6), (5, 4), (7, 4), (6, 5), (7, 5), (7, 6)], [(2, 0), (4, 0), (1, 4), (7, 1), (2, 5), (3, 6), (4, 5), (6, 5), (7, 5), (7, 6)], [(1, 4), (1, 7), (2, 0), (2, 5), (4, 0), (4, 5), (6, 3), (6, 5), (6, 7), (7, 3), (7, 5)]], [[(0, 5), (1, 2), (1, 3), (1, 4), (1, 7), (2, 3), (3, 0), (4, 6), (7, 3)], [(2, 1), (2, 3), (3, 0), (3, 1), (4, 1), (5, 0), (6, 4), (7, 1), (7, 3)], [(0, 3), (0, 5), (1, 2), (1, 4), (1, 7), (3, 1), (3, 2), (3, 7), (4, 6)], [(3, 0), (0, 5), (1, 2), (1, 3), (1, 4), (7, 1), (2, 3), (7, 3), (4, 6)], [(3, 0), (0, 5), (2, 1), (3, 1), (1, 4), (7, 1), (3, 2), (7, 3), (4, 6)], [(0, 5), (1, 2), (1, 3), (1, 4), (2, 3), (3, 0), (4, 6), (7, 1), (7, 3)]], [[(0, 6), (0, 7), (1, 0), (1, 5), (1, 6), (1, 7), (2, 0), (2, 4), (2, 5), (2, 6), (4, 0), (4, 6), (4, 7), (5, 0), (5, 6), (5, 7), (6, 3), (6, 7)], [(0, 2), (0, 4), (1, 0), (1, 6), (2, 6), (4, 6), (5, 2), (5, 6), (6, 3), (7, 4), (7, 6)], [(0, 1), (0, 2), (0, 4), (1, 4), (1, 6), (5, 2), (6, 2), (6, 3), (6, 4), (6, 5), (6, 7), (7, 4)], [(0, 1), (0, 2), (0, 4), (5, 0), (0, 7), (4, 1), (6, 1), (1, 7), (5, 2), (6, 2), (3, 4), (5, 3), (3, 6), (4, 6), (4, 7), (5, 6), (5, 7), (6, 7)], [(1, 0), (2, 0), (4, 0), (1, 6), (2, 5), (2, 6), (6, 3), (4, 6), (4, 7), (6, 5), (6, 7)], [(0, 2), (0, 4), (1, 0), (1, 4), (5, 2), (6, 1), (6, 2), (6, 3), (6, 4), (6, 5), (6, 7), (7, 4), (7, 5)]], [[(0, 1), (0, 3), (0, 6), (2, 4), (2, 6), (3, 2), (3, 4), (3, 5), (4, 1), (5, 7), (6, 1), (7, 1), (7, 2)], [(0, 1), (0, 3), (0, 6), (1, 3), (1, 7), (2, 4), (2, 6), (2, 7), (3, 4), (3, 5), (6, 1), (7, 5)], [(0, 1), (0, 3), (0, 6), (1, 6), (2, 4), (3, 2), (3, 4), (3, 5), (5, 7), (6, 2), (7, 1), (7, 2)], [(1, 0), (2, 0), (3, 0), (4, 0), (6, 0), (0, 7), (2, 1), (1, 3), (4, 1), (6, 1), (1, 7), (2, 3), (2, 6), (2, 7), (4, 3), (3, 5), (4, 6), (4, 7), (7, 5), (6, 7)], [(0, 1), (0, 3), (0, 6), (1, 3), (1, 6), (7, 1), (2, 4), (6, 2), (7, 2), (3, 4), (3, 5), (7, 5)], [(0, 1), (0, 6), (2, 3), (2, 6), (3, 0), (3, 5), (4, 1), (4, 3), (6, 1), (7, 1), (7, 2), (7, 5)]], [[(0, 1), (0, 4), (0, 6), (1, 2), (1, 4), (1, 5), (2, 7), (4, 3), (4, 5), (5, 2), (5, 7), (6, 2), (6, 4), (6, 5), (6, 7), (7, 3)], [(0, 1), (0, 6), (1, 7), (2, 1), (2, 7), (3, 4), (3, 7), (4, 5), (5, 2), (5, 6), (6, 7)], [(1, 2), (1, 7), (2, 5), (2, 7), (4, 3), (5, 4), (5, 6), (6, 0), (7, 3), (7, 6)], [(4, 0), (6, 0), (2, 1), (1, 5), (1, 6), (4, 2), (2, 5), (2, 6), (2, 7), (4, 3), (7, 3), (4, 5), (5, 6), (5, 7), (6, 7)], [(0, 1), (6, 0), (2, 1), (7, 1), (5, 2), (7, 2), (4, 3), (7, 3), (5, 4), (6, 5), (7, 6)], [(1, 2), (1, 6), (4, 0), (4, 3), (4, 5), (5, 1), (5, 2), (5, 6), (5, 7), (6, 0), (6, 2), (7, 2), (7, 3), (7, 6)]], [[(0, 5), (1, 0), (1, 5), (2, 0), (2, 1), (2, 3), (2, 5), (2, 6), (3, 6), (3, 7), (4, 0), (4, 1), (4, 5), (4, 7), (6, 0), (7, 0), (7, 1)], [(0, 5), (0, 6), (0, 7), (1, 5), (1, 7), (2, 1), (2, 3), (2, 6), (3, 7), (4, 5), (4, 7), (6, 3)], [(0, 5), (0, 7), (1, 2), (1, 5), (1, 7), (2, 3), (2, 5), (3, 6), (3, 7), (4, 5), (4, 7), (6, 0)], [(0, 1), (0, 2), (3, 0), (4, 0), (0, 5), (0, 6), (7, 0), (2, 1), (4, 1), (1, 5), (6, 1), (7, 1), (3, 2), (2, 5), (2, 6), (3, 6), (3, 7), (4, 5), (4, 6), (4, 7), (7, 6)], [(0, 5), (6, 0), (7, 0), (2, 1), (5, 1), (7, 1), (3, 2), (6, 2), (3, 6), (3, 7), (4, 5), (4, 7)], [(1, 0), (2, 0), (2, 1), (3, 2), (3, 7), (4, 0), (4, 5), (4, 7), (5, 0), (5, 1), (6, 0), (6, 1), (6, 2), (6, 3), (6, 5), (7, 0), (7, 1)]], [[(0, 5), (2, 0), (2, 5), (3, 1), (4, 0), (4, 1), (4, 6), (4, 7), (5, 3), (5, 7), (6, 0), (6, 5), (6, 7), (7, 1)], [(1, 7), (2, 0), (3, 1), (4, 0), (5, 0), (5, 3), (5, 7), (6, 0), (6, 4), (6, 7)], [(0, 4), (0, 6), (1, 3), (1, 7), (2, 0), (3, 5), (4, 6), (5, 0), (5, 7), (6, 7)], [(2, 0), (4, 0), (5, 0), (6, 0), (3, 1), (4, 1), (7, 1), (5, 3), (5, 4), (6, 4), (7, 4), (5, 7), (6, 7)], [(2, 0), (4, 0), (0, 5), (6, 0), (3, 1), (7, 1), (5, 3), (6, 4), (7, 5), (7, 6)], [(2, 0), (3, 1), (4, 0), (4, 1), (4, 5), (4, 6), (4, 7), (5, 0), (5, 3), (5, 7), (6, 0), (7, 1), (7, 6)]], [[(1, 4), (1, 6), (3, 0), (4, 2), (4, 3), (5, 2), (5, 6), (7, 2), (7, 3), (7, 4)], [(1, 4), (1, 6), (3, 0), (3, 4), (4, 2), (5, 2), (5, 6), (7, 2), (7, 4)], [(1, 3), (1, 6), (2, 4), (2, 5), (2, 7), (3, 0), (4, 1), (4, 3), (5, 6), (7, 4)], [(3, 0), (4, 1), (1, 6), (7, 1), (2, 4), (2, 5), (7, 2), (4, 3), (7, 3), (5, 4), (7, 4), (5, 6)], [(3, 0), (4, 1), (1, 6), (4, 2), (5, 2), (7, 2), (3, 4), (7, 4), (5, 6)], [(1, 4), (1, 6), (3, 0), (3, 1), (3, 4), (4, 2), (5, 2), (5, 6), (7, 2), (7, 4)]], [[(0, 2), (1, 0), (1, 4), (1, 5), (1, 6), (2, 3), (2, 5), (4, 0), (4, 2), (4, 5), (6, 0), (6, 2), (6, 5), (7, 2), (7, 5), (7, 6)], [(0, 2), (1, 6), (2, 3), (2, 6), (4, 0), (4, 1), (5, 6), (7, 2), (7, 5)], [(0, 2), (0, 4), (1, 6), (2, 3), (2, 6), (4, 1), (4, 5), (5, 6), (7, 2), (7, 5)], [(0, 1), (0, 2), (0, 4), (0, 5), (2, 1), (1, 4), (5, 1), (6, 1), (2, 3), (2, 6), (7, 2), (5, 4), (7, 4), (5, 6), (7, 5)], [(0, 2), (4, 0), (4, 1), (1, 6), (2, 3), (2, 6), (7, 2), (5, 6), (7, 5)], [(0, 2), (1, 6), (2, 3), (2, 6), (4, 0), (4, 1), (4, 5), (5, 6), (7, 2), (7, 5)]], [[(0, 5), (1, 3), (1, 7), (2, 4), (3, 7), (6, 7)], [(1, 7), (3, 1), (3, 7), (4, 2), (5, 0), (6, 7)], [(0, 5), (1, 3), (1, 7), (2, 4), (3, 7), (6, 7)], [(5, 0), (3, 1), (1, 7), (4, 2), (3, 7), (6, 7)], [(5, 0), (3, 1), (1, 7), (4, 2), (3, 7), (6, 7)], [(1, 3), (1, 7), (3, 7), (4, 2), (5, 0), (6, 7)]], [[(3, 0), (3, 1), (5, 0), (5, 2), (5, 6), (7, 1), (7, 2)], [(0, 5), (2, 5), (3, 0), (3, 1), (5, 6), (7, 1), (7, 2)], [(1, 3), (1, 7), (3, 0), (5, 0), (5, 2), (5, 6), (7, 2)], [(1, 0), (0, 3), (5, 0), (1, 3), (1, 7), (5, 2), (7, 2), (3, 7), (5, 6)], [(3, 0), (5, 0), (3, 1), (7, 1), (5, 2), (7, 2), (6, 5)], [(3, 0), (3, 1), (5, 0), (5, 2), (5, 6), (7, 1), (7, 2)]], [[(0, 1), (0, 2), (0, 5), (3, 0), (3, 4), (3, 5), (3, 6), (4, 1), (4, 2), (4, 5), (4, 7), (5, 1), (5, 2), (6, 0), (6, 2), (6, 5), (6, 7), (7, 0), (7, 2), (7, 5)], [(0, 2), (1, 0), (1, 5), (2, 5), (2, 6), (2, 7), (3, 0), (3, 5), (3, 6), (4, 7), (6, 7)], [(0, 1), (0, 2), (0, 3), (0, 4), (0, 5), (1, 5), (2, 7), (3, 6), (4, 7), (5, 2), (5, 3), (6, 2), (6, 7)], [(0, 1), (0, 2), (3, 0), (0, 4), (5, 0), (4, 1), (5, 1), (5, 2), (6, 2), (2, 7), (3, 5), (6, 3), (4, 7), (6, 7)], [(1, 0), (0, 2), (3, 0), (1, 5), (5, 2), (6, 2), (2, 7), (3, 5), (6, 3), (4, 7), (6, 7)], [(0, 2), (0, 4), (1, 0), (1, 5), (2, 7), (3, 0), (3, 5), (3, 6), (4, 7), (5, 2), (6, 2), (6, 7)]], [[(0, 1), (0, 2), (0, 7), (1, 4), (1, 5), (3, 5), (4, 2), (4, 5), (4, 6), (4, 7), (6, 3), (7, 3)], [(0, 1), (0, 2), (1, 4), (1, 5), (3, 5), (3, 6), (4, 2), (4, 6), (7, 0), (7, 3)], [(0, 1), (0, 2), (0, 7), (1, 4), (1, 5), (3, 5), (4, 2), (4, 6), (6, 3), (7, 3)], [(1, 0), (0, 2), (5, 0), (0, 7), (1, 3), (4, 1), (1, 5), (1, 7), (4, 2), (4, 3), (5, 3), (6, 3), (7, 3), (6, 4), (4, 7), (6, 5), (5, 7)], [(0, 1), (0, 2), (7, 0), (4, 1), (1, 5), (2, 4), (3, 5), (6, 3), (7, 3), (4, 6)], [(0, 1), (0, 7), (1, 5), (2, 0), (2, 4), (3, 5), (4, 1), (4, 5), (4, 6), (4, 7), (6, 3), (7, 3)]], [[(0, 5), (2, 0), (2, 1), (2, 3), (5, 4), (6, 0), (6, 1)], [(0, 2), (0, 5), (0, 6), (1, 2), (1, 6), (2, 3), (5, 4)], [(0, 2), (0, 6), (1, 2), (1, 6), (2, 3), (4, 5), (5, 0)], [(2, 0), (0, 5), (6, 0), (2, 1), (6, 1), (2, 3), (5, 4)], [(0, 2), (0, 5), (0, 6), (1, 2), (1, 6), (2, 3), (5, 4)], [(0, 5), (2, 0), (2, 1), (2, 3), (5, 4), (6, 0), (6, 1)]], [[(0, 6), (1, 2), (3, 4), (4, 1), (4, 2), (5, 1), (5, 2), (6, 3), (6, 4), (6, 5), (6, 7)], [(1, 2), (1, 5), (2, 5), (4, 2), (4, 3), (6, 0), (6, 3), (6, 5), (7, 6)], [(1, 2), (3, 4), (3, 6), (4, 2), (4, 6), (5, 1), (5, 2), (6, 0), (6, 5), (6, 7)], [(3, 0), (0, 6), (1, 2), (3, 1), (1, 5), (1, 6), (3, 2), (4, 2), (2, 5), (2, 6), (4, 3), (3, 6), (4, 5), (4, 6), (6, 5), (6, 7)], [(6, 0), (1, 2), (1, 5), (4, 2), (2, 5), (4, 3), (3, 6), (5, 6), (6, 7)], [(1, 2), (4, 2), (4, 3), (5, 1), (5, 2), (5, 6), (6, 0), (6, 3), (6, 4), (6, 7)]], [[(0, 1), (0, 2), (1, 2), (1, 5), (1, 7), (2, 7), (4, 1), (4, 2), (4, 3), (4, 5), (4, 6), (4, 7), (5, 2), (7, 3), (7, 6)], [(0, 1), (0, 2), (1, 5), (1, 7), (2, 7), (4, 3), (4, 7), (6, 1), (6, 7), (7, 3)], [(0, 1), (0, 2), (1, 5), (4, 3), (4, 7), (5, 2), (6, 7), (7, 1), (7, 2), (7, 3)], [(0, 1), (0, 2), (0, 5), (0, 7), (1, 2), (3, 1), (1, 4), (1, 5), (6, 1), (1, 7), (2, 5), (7, 2), (3, 4), (6, 3), (3, 7), (6, 4), (4, 7), (6, 7)], [(1, 0), (2, 0), (1, 5), (6, 1), (1, 7), (7, 2), (4, 3), (7, 3), (4, 7), (6, 7)], [(0, 1), (0, 5), (1, 5), (1, 7), (2, 0), (2, 1), (2, 5), (2, 7), (4, 1), (4, 3), (4, 6), (4, 7), (7, 3), (7, 6)]], [[(0, 1), (0, 2), (1, 2), (3, 1), (3, 2), (3, 4), (4, 2), (6, 2), (7, 1), (7, 2)], [(0, 2), (1, 2), (1, 3), (3, 2), (4, 2), (4, 3), (6, 2), (7, 1), (7, 2)], [(0, 2), (1, 7), (2, 1), (2, 7), (3, 1), (3, 2), (3, 4), (4, 2), (6, 2)], [(0, 2), (0, 4), (0, 7), (2, 1), (3, 1), (1, 4), (6, 1), (1, 7), (3, 2), (2, 4), (6, 2), (2, 7), (3, 4), (6, 4), (4, 7), (6, 7)], [(0, 2), (2, 1), (3, 1), (1, 7), (3, 2), (4, 2), (6, 2), (2, 7), (4, 3)], [(0, 1), (0, 2), (1, 2), (3, 1), (3, 2), (4, 2), (4, 3), (6, 2), (7, 1), (7, 2)]], [[(0, 5), (1, 0), (1, 4), (2, 0), (2, 7), (3, 1), (3, 2), (3, 4), (3, 5), (4, 2), (6, 1), (6, 2), (6, 4)], [(0, 5), (2, 7), (3, 1), (3, 2), (3, 4), (3, 5), (6, 1), (6, 2)], [(0, 5), (1, 3), (1, 6), (2, 7), (3, 2), (3, 4), (3, 5), (6, 2)], [(0, 1), (2, 0), (0, 5), (6, 0), (3, 1), (4, 1), (6, 1), (3, 2), (2, 4), (6, 2), (2, 7), (3, 4), (3, 5), (6, 4)], [(0, 5), (3, 1), (6, 1), (3, 2), (6, 2), (2, 7), (3, 4), (3, 5)], [(0, 2), (0, 5), (1, 2), (1, 3), (1, 6), (2, 3), (2, 6), (2, 7), (3, 4), (3, 5), (4, 6)]], [[(0, 1), (0, 2), (0, 4), (0, 7), (2, 1), (3, 5), (4, 2), (4, 3), (4, 5), (4, 7), (5, 1), (5, 2), (6, 1), (6, 2), (6, 3), (6, 5), (6, 7), (7, 1), (7, 2), (7, 3)], [(0, 4), (0, 7), (2, 4), (2, 7), (5, 1), (5, 3), (5, 7), (6, 1), (7, 3), (7, 4)], [(0, 4), (1, 0), (1, 6), (2, 4), (3, 5), (3, 7), (5, 1), (7, 0), (7, 2), (7, 4)], [(0, 1), (0, 2), (3, 0), (0, 4), (0, 6), (0, 7), (1, 2), (5, 1), (6, 1), (7, 1), (4, 2), (6, 2), (7, 2), (5, 3), (3, 7), (5, 4), (6, 4), (7, 4), (5, 6), (5, 7)], [(0, 4), (7, 0), (5, 1), (1, 6), (2, 4), (7, 2), (5, 3), (7, 3), (7, 4), (7, 5)], [(0, 1), (0, 7), (1, 7), (2, 4), (2, 7), (4, 0), (4, 1), (4, 5), (4, 7), (5, 1), (5, 3), (6, 1), (6, 5), (6, 7), (7, 3)]], [[(0, 3), (1, 0), (1, 4), (1, 5), (1, 7), (2, 7), (4, 0), (4, 7), (5, 4), (5, 7), (6, 0), (6, 5), (6, 7), (7, 3)], [(0, 1), (0, 3), (1, 7), (2, 7), (4, 0), (4, 5), (5, 7), (6, 5), (7, 3)], [(0, 1), (0, 3), (0, 4), (1, 7), (2, 7), (4, 5), (5, 6), (7, 3), (7, 5)], [(0, 1), (3, 0), (0, 4), (1, 2), (7, 1), (2, 5), (7, 2), (7, 3), (4, 5), (6, 4), (6, 5), (7, 5)], [(1, 0), (0, 3), (0, 4), (1, 7), (2, 7), (7, 3), (4, 5), (5, 6), (7, 5)], [(0, 3), (0, 4), (1, 0), (1, 7), (2, 5), (2, 7), (4, 5), (6, 4), (6, 5), (7, 3), (7, 5)]], [[(0, 5), (1, 4), (1, 6), (1, 7), (2, 3), (3, 5), (6, 2)], [(0, 5), (1, 4), (1, 6), (2, 3), (3, 5), (6, 2), (7, 1)], [(0, 5), (1, 4), (1, 7), (2, 3), (2, 6), (3, 5), (6, 1)], [(0, 5), (1, 4), (1, 6), (7, 1), (2, 3), (6, 2), (3, 5)], [(0, 5), (1, 4), (1, 6), (7, 1), (2, 3), (6, 2), (3, 5)], [(0, 5), (1, 4), (1, 7), (2, 3), (3, 5), (6, 1), (6, 2)]], [[(0, 4), (0, 5), (1, 0), (1, 5), (1, 7), (2, 0), (2, 5), (4, 6), (5, 7), (7, 3), (7, 4)], [(0, 1), (1, 5), (2, 0), (2, 5), (4, 6), (7, 1), (7, 3), (7, 4)], [(0, 1), (0, 2), (0, 7), (2, 5), (4, 6), (4, 7), (5, 1), (7, 1), (7, 3)], [(1, 0), (2, 0), (0, 4), (5, 0), (1, 5), (1, 7), (2, 5), (7, 3), (4, 6), (7, 4), (5, 7)], [(1, 0), (2, 0), (5, 1), (7, 1), (5, 2), (7, 3), (4, 6), (7, 4)], [(0, 1), (0, 2), (0, 7), (2, 5), (4, 6), (4, 7), (5, 1), (7, 1), (7, 3)]], [[(0, 1), (0, 2), (0, 4), (0, 6), (1, 2), (1, 3), (1, 4), (1, 5), (2, 3), (2, 4), (5, 2), (5, 3), (6, 2), (6, 3), (6, 5), (7, 1), (7, 2), (7, 4), (7, 5)], [(0, 2), (1, 2), (1, 5), (1, 7), (2, 3), (2, 4), (4, 7), (5, 7), (6, 0), (6, 5)], [(0, 2), (0, 6), (1, 2), (1, 5), (1, 7), (2, 3), (2, 4), (4, 7), (6, 5), (7, 5)], [(1, 0), (2, 0), (5, 0), (0, 6), (0, 7), (1, 2), (1, 3), (5, 1), (1, 6), (1, 7), (2, 3), (2, 4), (2, 6), (5, 3), (6, 3), (4, 7), (5, 6)], [(0, 2), (0, 6), (1, 2), (1, 5), (1, 7), (2, 3), (2, 4), (4, 7), (6, 5), (7, 5)], [(0, 1), (0, 5), (0, 6), (1, 5), (2, 0), (2, 1), (2, 4), (2, 5), (3, 2), (3, 5), (4, 1), (6, 5), (7, 1), (7, 4)]], [[(0, 6), (1, 2), (2, 3), (4, 1), (4, 3), (5, 1), (6, 5), (7, 2)], [(1, 2), (2, 3), (4, 3), (5, 1), (6, 0), (6, 5), (7, 2)], [(0, 6), (1, 2), (2, 3), (4, 3), (5, 1), (6, 5), (7, 2)], [(6, 0), (2, 1), (4, 1), (5, 1), (1, 7), (2, 3), (2, 4), (5, 2), (2, 7), (4, 3), (5, 6)], [(6, 0), (1, 2), (5, 1), (2, 3), (7, 2), (4, 3), (6, 5)], [(0, 6), (1, 2), (2, 3), (4, 1), (4, 3), (5, 0), (5, 1), (5, 6), (7, 2)]], [[(0, 2), (0, 4), (2, 4), (3, 1), (4, 3), (5, 0), (5, 1), (6, 4), (6, 7), (7, 0), (7, 2), (7, 4)], [(0, 2), (0, 5), (2, 4), (2, 7), (3, 1), (4, 3), (5, 1), (6, 4), (6, 7)], [(0, 2), (0, 5), (3, 1), (3, 4), (4, 2), (4, 6), (5, 1), (6, 7), (7, 2)], [(0, 2), (5, 0), (0, 6), (3, 1), (5, 1), (4, 2), (2, 6), (2, 7), (4, 3), (3, 7), (4, 6), (5, 7), (7, 6)], [(0, 2), (5, 0), (3, 1), (5, 1), (2, 4), (7, 2), (4, 3), (6, 4), (7, 6)], [(0, 2), (3, 1), (4, 2), (4, 3), (5, 0), (5, 1), (6, 2), (6, 4), (6, 7), (7, 2)]], [[(1, 0), (1, 5), (3, 1), (3, 5), (4, 6), (5, 2), (7, 0), (7, 1)], [(0, 1), (1, 3), (1, 5), (5, 2), (5, 3), (6, 4), (7, 0)], [(0, 1), (0, 7), (1, 3), (1, 5), (3, 5), (4, 6), (5, 2)], [(1, 0), (7, 0), (1, 3), (1, 5), (7, 1), (5, 2), (5, 3), (6, 4)], [(0, 1), (7, 0), (1, 3), (1, 5), (5, 2), (5, 3), (6, 4)], [(1, 0), (1, 3), (1, 5), (5, 2), (5, 3), (6, 4), (7, 0), (7, 1)]], [[(0, 5), (0, 6), (1, 0), (1, 4), (1, 6), (2, 0), (2, 3), (2, 5), (4, 7), (5, 6), (5, 7), (7, 6)], [(0, 6), (1, 0), (1, 5), (2, 0), (2, 3), (4, 1), (5, 0), (5, 6), (7, 4), (7, 6)], [(0, 1), (0, 2), (0, 5), (0, 6), (1, 4), (1, 5), (2, 3), (4, 7), (6, 5), (7, 6)], [(1, 0), (2, 0), (0, 5), (0, 6), (1, 4), (1, 6), (2, 3), (2, 5), (4, 7), (5, 6), (5, 7), (7, 6)], [(1, 0), (2, 0), (5, 0), (6, 0), (1, 4), (5, 1), (3, 2), (4, 7), (6, 5), (6, 7)], [(0, 6), (1, 0), (1, 4), (1, 6), (2, 0), (2, 3), (4, 7), (5, 0), (5, 1), (5, 6), (5, 7), (7, 6)]], [[(0, 2), (0, 7), (1, 2), (1, 5), (1, 6), (2, 5), (3, 5), (6, 4), (7, 3), (7, 5)], [(0, 2), (1, 2), (2, 5), (3, 5), (6, 1), (6, 4), (7, 0), (7, 5)], [(1, 2), (2, 0), (3, 5), (3, 7), (4, 6), (5, 2), (5, 7), (6, 1), (7, 0)], [(0, 2), (7, 0), (1, 2), (1, 5), (6, 1), (2, 5), (3, 5), (7, 3), (6, 4), (7, 5)], [(0, 2), (7, 0), (1, 2), (6, 1), (2, 5), (3, 5), (6, 4), (7, 5)], [(0, 2), (0, 7), (1, 2), (1, 5), (2, 5), (3, 5), (6, 1), (6, 4), (7, 5)]], [[(0, 1), (0, 3), (1, 3), (1, 4), (2, 3), (3, 4), (3, 7), (4, 5), (4, 7), (6, 4)], [(0, 1), (1, 3), (1, 4), (2, 3), (3, 4), (3, 7), (4, 7), (6, 4)], [(1, 0), (1, 3), (2, 3), (3, 7), (4, 1), (4, 3), (4, 6), (4, 7)], [(1, 0), (0, 3), (1, 3), (1, 4), (2, 3), (3, 4), (3, 7), (4, 5), (6, 4), (4, 7)], [(1, 0), (1, 3), (1, 4), (2, 3), (3, 4), (3, 7), (6, 4), (4, 7)], [(0, 1), (0, 3), (1, 3), (1, 4), (2, 3), (3, 4), (3, 7), (4, 7), (6, 4)]], [[(1, 4), (1, 7), (2, 6), (3, 0), (3, 6), (4, 0), (4, 6), (6, 5)], [(0, 3), (0, 4), (1, 7), (2, 6), (3, 6), (4, 1), (4, 6), (6, 5)], [(0, 3), (0, 4), (1, 7), (4, 1), (5, 6), (6, 2), (6, 3), (6, 4)], [(0, 3), (0, 4), (4, 1), (1, 7), (3, 2), (4, 2), (6, 2), (4, 3), (6, 3), (6, 4), (6, 5)], [(0, 3), (0, 4), (4, 1), (1, 7), (6, 2), (6, 3), (6, 4), (6, 5)], [(1, 7), (2, 6), (3, 0), (3, 6), (4, 0), (4, 1), (4, 6), (6, 5)]], [[(0, 4), (0, 7), (1, 0), (1, 3), (1, 4), (1, 5), (2, 1), (2, 3), (2, 4), (2, 5), (2, 7), (3, 0), (3, 5), (4, 5), (4, 7), (6, 0), (6, 1), (6, 3), (6, 4)], [(0, 3), (0, 7), (1, 3), (1, 4), (2, 3), (2, 4), (3, 6), (4, 6), (4, 7), (5, 1), (5, 2)], [(0, 7), (1, 2), (1, 3), (1, 4), (1, 5), (2, 3), (2, 4), (2, 5), (3, 0), (4, 7), (6, 3), (6, 4)], [(0, 1), (0, 2), (0, 3), (0, 6), (0, 7), (1, 2), (1, 3), (4, 1), (1, 5), (2, 3), (4, 2), (2, 5), (7, 2), (4, 3), (5, 3), (3, 6), (4, 5), (4, 6), (4, 7)], [(0, 3), (0, 7), (3, 1), (4, 1), (5, 1), (3, 2), (4, 2), (2, 5), (3, 6), (4, 6), (4, 7)], [(2, 3), (2, 4), (2, 7), (3, 0), (3, 1), (4, 1), (4, 7), (5, 1), (5, 2), (6, 0), (6, 3), (6, 4), (7, 0)]], [[(0, 3), (0, 6), (0, 7), (2, 7), (4, 1), (4, 3), (4, 6), (4, 7), (5, 1), (6, 1)], [(0, 3), (0, 6), (1, 6), (2, 7), (4, 3), (4, 6), (4, 7), (5, 1)], [(0, 6), (2, 7), (3, 0), (3, 4), (4, 6), (4, 7), (5, 1), (6, 1)], [(0, 3), (4, 0), (6, 0), (0, 7), (1, 4), (5, 1), (1, 6), (2, 7), (4, 3), (4, 6), (4, 7), (5, 6)], [(0, 3), (6, 0), (1, 5), (1, 6), (2, 7), (4, 3), (4, 6), (4, 7)], [(0, 3), (0, 6), (0, 7), (2, 7), (4, 1), (4, 3), (4, 6), (4, 7), (5, 1), (6, 1)]], [[(0, 1), (2, 0), (2, 3), (2, 7), (3, 0), (3, 7), (4, 0), (4, 3), (5, 1), (7, 0), (7, 1)], [(0, 1), (2, 3), (3, 0), (4, 0), (4, 3), (5, 1), (7, 1), (7, 2)], [(0, 1), (0, 3), (0, 4), (1, 7), (3, 2), (3, 4), (5, 1), (7, 2)], [(0, 1), (0, 2), (3, 0), (4, 0), (0, 5), (0, 7), (1, 2), (3, 1), (1, 5), (1, 7), (3, 2), (4, 2), (2, 5), (2, 7), (4, 3), (4, 7), (5, 7)], [(0, 1), (3, 0), (4, 0), (5, 1), (1, 7), (2, 3), (2, 7), (4, 3)], [(0, 1), (0, 3), (0, 7), (2, 7), (3, 2), (4, 0), (4, 2), (4, 3), (4, 7), (5, 1), (7, 1)]], [[(0, 3), (0, 4), (1, 3), (1, 5), (1, 6), (1, 7), (3, 6), (4, 2), (4, 3), (5, 0), (5, 3), (5, 4), (6, 2), (7, 0), (7, 3)], [(0, 5), (0, 7), (1, 3), (2, 4), (3, 4), (3, 5), (3, 7), (4, 0), (6, 1), (6, 3)], [(0, 4), (0, 5), (0, 7), (1, 3), (1, 6), (3, 5), (3, 6), (4, 2), (4, 3), (7, 3)], [(0, 1), (0, 2), (0, 3), (0, 4), (0, 5), (0, 7), (1, 3), (1, 4), (6, 1), (1, 7), (2, 3), (2, 4), (6, 2), (3, 4), (3, 5), (6, 3), (3, 7), (4, 7), (6, 7)], [(0, 4), (0, 5), (7, 0), (1, 3), (1, 6), (4, 2), (4, 3), (3, 5), (3, 6), (7, 3)], [(0, 1), (0, 4), (0, 5), (1, 3), (3, 5), (4, 2), (4, 3), (6, 1), (6, 2), (6, 3), (7, 0), (7, 3)]], [[(0, 2), (0, 7), (2, 1), (3, 1), (4, 7), (5, 1), (5, 6), (5, 7), (7, 1), (7, 6)], [(0, 2), (0, 7), (1, 2), (1, 7), (3, 1), (4, 6), (4, 7), (5, 1), (7, 6)], [(0, 2), (2, 1), (3, 1), (5, 1), (6, 4), (6, 7), (7, 0), (7, 1), (7, 4)], [(0, 2), (0, 6), (0, 7), (1, 2), (3, 1), (4, 1), (5, 1), (6, 1), (1, 7), (3, 2), (5, 2), (7, 2), (3, 7), (4, 6), (4, 7), (6, 7)], [(0, 2), (0, 7), (2, 1), (3, 1), (5, 1), (7, 1), (4, 6), (4, 7), (7, 6)], [(0, 7), (2, 0), (2, 1), (3, 1), (4, 7), (5, 1), (5, 6), (5, 7), (7, 1), (7, 6)]], [[(0, 1), (1, 4), (1, 5), (1, 7), (2, 1), (2, 7), (4, 5)], [(0, 1), (1, 2), (1, 4), (1, 5), (5, 4), (7, 2)], [(0, 1), (1, 4), (1, 5), (2, 1), (2, 7), (4, 5), (7, 0)], [(0, 1), (7, 0), (2, 1), (1, 4), (1, 5), (7, 1), (7, 2), (5, 4)], [(0, 1), (2, 1), (1, 4), (1, 5), (7, 2), (5, 4)], [(1, 0), (1, 2), (2, 0), (4, 1), (4, 5), (5, 1), (7, 2)]], [[(0, 1), (0, 4), (1, 2), (1, 5), (2, 5), (3, 4), (3, 5), (3, 7), (4, 5), (6, 5), (6, 7), (7, 2), (7, 4)], [(0, 1), (0, 4), (1, 2), (1, 5), (2, 7), (3, 4), (3, 5), (3, 7), (4, 5), (5, 6), (6, 7)], [(0, 1), (0, 4), (1, 2), (1, 5), (3, 4), (3, 5), (3, 7), (4, 5), (6, 5), (6, 7), (7, 2)], [(0, 1), (0, 4), (1, 2), (1, 5), (2, 5), (7, 2), (3, 4), (3, 5), (7, 3), (4, 5), (7, 4), (6, 5), (7, 6)], [(0, 1), (0, 4), (1, 2), (1, 5), (7, 2), (3, 4), (3, 5), (3, 7), (4, 5), (6, 5), (6, 7)], [(0, 1), (0, 3), (0, 4), (1, 2), (1, 5), (3, 5), (4, 3), (4, 5), (6, 5), (7, 2), (7, 3), (7, 6)]], [[(0, 3), (0, 5), (0, 7), (1, 2), (1, 6), (3, 1), (3, 5), (3, 6), (3, 7), (5, 1), (5, 4), (7, 1)], [(0, 5), (1, 2), (1, 6), (3, 5), (3, 6), (5, 1), (5, 4), (7, 0), (7, 3)], [(0, 3), (0, 5), (0, 7), (1, 2), (1, 6), (3, 5), (3, 6), (5, 1), (5, 4), (7, 3)], [(0, 1), (0, 5), (7, 0), (1, 2), (1, 3), (1, 5), (1, 6), (3, 5), (3, 6), (7, 3), (5, 4)], [(0, 5), (7, 0), (1, 2), (5, 1), (1, 6), (3, 5), (3, 6), (7, 3), (5, 4)], [(1, 2), (1, 5), (1, 6), (3, 5), (3, 7), (5, 0), (5, 4), (6, 3), (7, 0), (7, 5)]], [[(0, 3), (0, 4), (2, 1), (2, 4), (2, 6), (3, 4), (3, 7), (5, 6), (5, 7), (6, 4), (7, 1)], [(0, 4), (2, 1), (2, 4), (2, 6), (3, 0), (3, 4), (3, 7), (5, 6), (5, 7), (6, 4), (7, 1)], [(0, 4), (1, 2), (1, 7), (2, 4), (2, 6), (3, 0), (3, 4), (5, 6), (6, 4), (7, 3), (7, 5)], [(0, 2), (3, 0), (0, 4), (1, 2), (3, 1), (1, 4), (6, 1), (1, 7), (3, 2), (4, 2), (2, 5), (2, 7), (3, 4), (3, 5), (3, 7), (6, 4), (6, 5), (7, 5), (6, 7)], [(3, 0), (0, 4), (2, 1), (7, 1), (2, 4), (2, 6), (3, 4), (3, 7), (6, 4), (5, 6), (5, 7)], [(0, 4), (2, 1), (2, 4), (2, 6), (3, 0), (3, 4), (3, 7), (5, 6), (5, 7), (6, 4), (7, 1)]], [[(0, 5), (0, 7), (1, 0), (1, 3), (1, 5), (1, 6), (2, 0), (2, 3), (2, 4), (2, 5), (3, 0), (3, 6), (3, 7), (4, 0), (4, 5), (4, 6), (5, 6)], [(1, 0), (2, 0), (2, 5), (3, 0), (4, 5), (5, 0), (6, 1), (6, 3), (6, 4), (6, 5), (7, 0), (7, 3)], [(0, 3), (0, 7), (1, 0), (1, 5), (1, 6), (2, 0), (2, 5), (3, 6), (4, 6), (5, 0), (5, 6), (7, 3)], [(0, 1), (2, 0), (0, 3), (0, 5), (0, 7), (2, 1), (1, 3), (4, 1), (1, 5), (1, 6), (2, 3), (4, 2), (2, 5), (2, 6), (4, 3), (3, 5), (6, 3), (3, 7), (4, 6), (6, 5)], [(0, 1), (2, 0), (3, 0), (0, 5), (0, 7), (1, 6), (2, 5), (3, 6), (3, 7), (4, 5), (4, 6), (5, 6)], [(0, 1), (0, 2), (0, 3), (0, 5), (0, 6), (0, 7), (1, 2), (1, 5), (1, 6), (3, 2), (3, 6), (3, 7), (4, 6), (5, 2), (6, 5)]], [[(0, 3), (0, 6), (0, 7), (1, 4), (1, 6), (1, 7), (2, 4), (3, 4), (3, 5), (5, 7), (7, 6)], [(0, 7), (1, 4), (1, 7), (2, 4), (3, 0), (3, 4), (3, 5), (5, 7), (6, 1)], [(0, 3), (0, 7), (1, 4), (1, 6), (1, 7), (2, 4), (3, 4), (5, 3), (5, 6), (7, 5)], [(0, 1), (0, 2), (0, 3), (4, 0), (0, 5), (7, 0), (2, 1), (3, 1), (4, 1), (5, 1), (6, 1), (7, 1), (3, 2), (4, 2), (6, 2), (7, 2), (4, 3), (3, 5), (6, 3), (7, 3), (6, 4), (7, 5), (7, 6)], [(3, 0), (0, 7), (1, 4), (1, 6), (1, 7), (2, 4), (3, 4), (5, 3), (5, 7)], [(0, 6), (0, 7), (1, 4), (1, 6), (1, 7), (2, 4), (3, 0), (3, 4), (5, 3), (5, 7), (7, 6)]], [[(1, 0), (1, 3), (2, 3), (2, 4), (2, 5), (6, 0), (6, 3), (6, 4), (6, 7)], [(1, 0), (1, 3), (2, 3), (2, 4), (2, 5), (3, 6), (4, 6), (6, 0), (7, 6)], [(1, 0), (1, 3), (2, 3), (2, 4), (2, 5), (6, 0), (6, 3), (6, 4), (6, 7)], [(0, 1), (0, 3), (0, 4), (0, 6), (2, 1), (3, 1), (6, 1), (2, 3), (2, 4), (2, 5), (2, 6), (3, 6), (4, 6), (6, 7)], [(1, 0), (6, 0), (1, 3), (2, 3), (2, 4), (5, 2), (6, 3), (6, 4), (7, 6)], [(1, 0), (1, 3), (2, 3), (2, 4), (2, 5), (6, 0), (6, 3), (6, 4), (6, 7)]], [[(0, 4), (0, 5), (1, 3), (1, 4), (3, 2), (3, 4), (6, 4), (6, 7), (7, 5)], [(0, 4), (0, 5), (1, 4), (3, 1), (3, 2), (3, 4), (4, 6), (7, 5), (7, 6)], [(0, 4), (0, 5), (1, 3), (1, 4), (3, 2), (3, 4), (6, 4), (6, 7), (7, 5)], [(0, 1), (0, 3), (0, 4), (0, 5), (1, 2), (1, 3), (4, 1), (7, 1), (2, 3), (4, 2), (4, 3), (6, 3), (6, 4), (7, 5), (7, 6)], [(0, 4), (0, 5), (3, 1), (1, 4), (3, 2), (3, 4), (6, 4), (7, 5), (7, 6)], [(0, 4), (0, 5), (1, 4), (2, 3), (3, 1), (3, 4), (6, 4), (7, 5), (7, 6)]], [[(0, 1), (0, 2), (0, 5), (0, 6), (0, 7), (1, 3), (2, 1), (2, 7), (4, 2), (4, 5), (5, 7), (6, 1), (6, 5), (6, 7), (7, 1), (7, 3)], [(0, 2), (0, 5), (0, 6), (1, 2), (1, 3), (1, 6), (2, 4), (4, 5), (4, 7), (5, 7), (6, 7)], [(0, 5), (0, 6), (1, 2), (1, 3), (1, 6), (2, 0), (2, 4), (4, 5), (4, 7), (7, 5), (7, 6)], [(1, 0), (0, 2), (0, 4), (0, 5), (0, 6), (1, 2), (1, 3), (1, 6), (7, 1), (2, 4), (7, 2), (7, 3), (5, 4), (7, 5), (7, 6)], [(0, 2), (5, 0), (6, 0), (2, 1), (1, 3), (6, 1), (4, 2), (5, 4), (7, 4), (5, 7), (6, 7)], [(0, 2), (0, 5), (0, 6), (0, 7), (1, 6), (2, 1), (2, 3), (2, 7), (3, 1), (4, 2), (4, 5), (5, 7), (7, 1), (7, 6)]], [[(0, 6), (1, 3), (1, 5), (1, 7), (2, 0), (2, 4), (2, 6), (3, 2), (3, 4), (3, 5), (4, 6), (7, 0), (7, 5)], [(0, 2), (0, 6), (0, 7), (1, 3), (1, 5), (2, 3), (2, 4), (3, 5), (4, 3), (4, 6), (5, 7)], [(0, 2), (0, 6), (0, 7), (2, 3), (2, 4), (3, 1), (3, 4), (3, 5), (4, 6), (5, 1), (7, 5)], [(2, 0), (0, 4), (6, 0), (0, 7), (3, 1), (5, 1), (2, 3), (2, 4), (2, 7), (4, 3), (3, 5), (6, 4), (7, 5)], [(2, 0), (0, 6), (7, 0), (3, 1), (5, 1), (2, 3), (4, 2), (4, 3), (3, 5), (4, 6), (7, 5)], [(0, 6), (2, 0), (2, 4), (3, 1), (3, 2), (3, 4), (3, 5), (4, 6), (5, 1), (7, 0), (7, 5)]], [[(0, 6), (1, 0), (1, 2), (2, 7), (5, 0), (5, 6), (5, 7), (6, 3)], [(0, 5), (0, 6), (2, 1), (2, 7), (3, 6), (5, 7), (6, 5)], [(0, 5), (1, 2), (2, 7), (3, 6), (5, 7), (6, 0), (6, 5)], [(1, 0), (5, 0), (0, 6), (2, 1), (2, 7), (6, 3), (5, 6), (5, 7)], [(5, 0), (6, 0), (2, 1), (2, 7), (6, 3), (5, 6), (5, 7)], [(0, 5), (0, 6), (1, 2), (2, 7), (5, 6), (5, 7), (6, 3)]], [[(0, 3), (0, 4), (0, 7), (1, 2), (1, 3), (1, 6), (2, 5), (3, 2), (3, 6), (3, 7), (4, 6), (4, 7), (6, 2), (7, 2), (7, 5), (7, 6)], [(0, 3), (0, 4), (0, 7), (1, 3), (1, 6), (2, 5), (2, 6), (3, 6), (4, 6), (5, 7), (7, 4)], [(0, 3), (0, 4), (0, 7), (1, 3), (1, 6), (2, 5), (3, 6), (4, 6), (4, 7), (6, 2), (7, 5)], [(0, 1), (2, 0), (0, 3), (0, 4), (0, 6), (7, 0), (2, 1), (3, 1), (4, 1), (6, 1), (2, 5), (2, 6), (4, 3), (6, 3), (6, 4), (7, 4), (5, 6), (7, 5)], [(0, 3), (4, 0), (7, 0), (1, 3), (1, 6), (2, 5), (6, 2), (3, 6), (4, 6), (7, 4), (7, 5)], [(0, 3), (0, 4), (1, 3), (1, 6), (2, 0), (2, 3), (2, 4), (2, 5), (2, 6), (3, 6), (4, 6), (7, 0), (7, 4), (7, 5)]], [[(1, 0), (1, 4), (2, 0), (2, 4), (2, 5), (2, 6), (2, 7), (3, 0), (3, 4), (3, 5), (3, 6), (3, 7), (4, 0), (5, 4), (5, 7), (6, 4), (6, 7), (7, 0), (7, 1), (7, 4)], [(0, 4), (0, 7), (1, 0), (1, 4), (1, 7), (2, 7), (3, 0), (3, 4), (4, 2), (4, 6), (5, 2), (5, 4), (6, 2), (6, 7)], [(0, 4), (1, 0), (1, 4), (1, 7), (2, 4), (2, 7), (3, 0), (3, 4), (4, 5), (4, 6), (7, 0), (7, 6)], [(1, 0), (0, 2), (0, 3), (4, 0), (6, 0), (0, 7), (1, 2), (1, 3), (1, 4), (1, 7), (3, 2), (4, 2), (2, 7), (4, 3), (5, 3), (6, 3), (3, 7), (4, 5), (6, 4), (4, 7), (6, 7)], [(1, 0), (3, 0), (0, 4), (7, 0), (1, 4), (1, 7), (2, 4), (2, 5), (2, 6), (2, 7), (3, 4), (4, 5), (6, 4), (7, 6)], [(0, 4), (0, 7), (1, 0), (1, 4), (1, 7), (2, 4), (2, 7), (3, 0), (3, 4), (3, 5), (3, 6), (3, 7), (4, 5), (4, 6), (7, 6)]], [[(0, 7), (1, 4), (2, 3), (2, 5), (4, 2), (5, 3), (7, 5)], [(2, 3), (2, 4), (2, 5), (4, 1), (5, 3), (7, 0), (7, 5)], [(2, 3), (2, 4), (2, 5), (3, 5), (4, 1), (5, 7), (7, 0)], [(7, 0), (4, 1), (2, 3), (2, 4), (2, 5), (5, 3), (7, 5)], [(7, 0), (4, 1), (2, 3), (2, 4), (2, 5), (5, 3), (7, 5)], [(1, 4), (2, 3), (2, 5), (4, 2), (5, 3), (7, 0), (7, 5)]], [[(0, 1), (0, 2), (0, 4), (0, 6), (0, 7), (1, 2), (1, 6), (3, 7), (4, 2), (4, 6), (5, 4), (7, 2)], [(0, 2), (0, 7), (1, 0), (1, 6), (3, 7), (4, 2), (4, 6), (5, 4), (6, 0), (7, 2)], [(0, 1), (0, 2), (0, 6), (2, 1), (2, 4), (2, 7), (3, 7), (4, 6), (5, 4), (6, 1)], [(0, 1), (2, 0), (3, 0), (4, 0), (5, 0), (0, 6), (0, 7), (2, 1), (4, 1), (1, 6), (7, 1), (2, 3), (2, 4), (5, 2), (2, 7), (3, 4), (3, 7), (5, 4), (4, 6), (4, 7)], [(0, 1), (0, 2), (0, 6), (0, 7), (1, 6), (2, 4), (7, 2), (3, 7), (5, 4), (4, 6)], [(0, 2), (0, 4), (0, 6), (0, 7), (1, 0), (1, 2), (1, 6), (3, 7), (4, 2), (4, 6), (5, 4), (7, 2)]], [[(0, 1), (0, 2), (0, 7), (1, 6), (1, 7), (2, 3), (3, 7), (4, 1), (4, 2), (4, 5), (5, 1), (5, 3), (5, 7), (6, 3), (6, 7)], [(0, 1), (0, 2), (0, 7), (1, 4), (1, 6), (2, 3), (3, 6), (4, 2), (5, 4), (5, 7), (6, 7)], [(0, 1), (0, 2), (0, 7), (1, 4), (1, 6), (2, 3), (4, 2), (5, 4), (5, 7), (6, 3), (6, 7)], [(0, 1), (0, 2), (0, 3), (0, 4), (0, 6), (0, 7), (1, 2), (1, 4), (5, 1), (1, 6), (3, 2), (4, 2), (2, 6), (7, 2), (3, 4), (3, 6), (7, 3), (5, 4), (7, 4), (5, 6), (5, 7), (7, 6)], [(1, 0), (2, 0), (7, 0), (1, 4), (6, 1), (2, 3), (2, 4), (6, 3), (4, 5), (5, 7), (6, 7)], [(0, 1), (0, 2), (0, 7), (1, 6), (1, 7), (2, 3), (3, 7), (4, 1), (4, 2), (5, 1), (5, 3), (5, 4), (5, 7), (6, 3), (6, 7)]], [[(0, 3), (1, 0), (1, 2), (1, 4), (1, 5), (1, 6), (2, 0), (2, 5), (2, 7), (4, 3), (5, 0), (5, 3), (6, 0), (7, 3), (7, 5), (7, 6)], [(0, 1), (0, 2), (0, 3), (0, 6), (1, 2), (1, 5), (2, 7), (4, 3), (5, 7), (6, 7)], [(0, 2), (0, 3), (0, 6), (1, 2), (1, 5), (2, 7), (3, 4), (4, 1), (5, 7), (7, 6)], [(0, 1), (0, 2), (0, 3), (0, 5), (0, 6), (2, 1), (1, 3), (1, 4), (1, 5), (1, 6), (2, 5), (2, 6), (7, 2), (4, 3), (3, 5), (7, 3), (4, 5), (6, 5), (7, 5), (7, 6)], [(0, 1), (0, 2), (0, 3), (0, 6), (1, 2), (5, 1), (2, 7), (3, 4), (5, 7), (7, 6)], [(0, 2), (0, 3), (0, 5), (0, 6), (1, 0), (1, 2), (1, 4), (1, 5), (1, 7), (2, 7), (4, 3), (5, 3), (5, 6), (5, 7), (6, 7), (7, 3)]], [[(0, 2), (3, 2), (3, 5), (4, 1), (5, 1), (5, 2), (5, 7)], [(0, 2), (1, 5), (2, 3), (4, 1), (5, 3), (7, 5)], [(0, 2), (3, 2), (3, 5), (4, 1), (5, 1), (5, 2), (5, 7)], [(0, 2), (4, 1), (5, 1), (3, 2), (5, 2), (5, 3), (7, 5)], [(2, 0), (4, 1), (5, 1), (2, 3), (5, 3), (7, 5)], [(0, 2), (3, 2), (4, 1), (5, 1), (5, 2), (5, 3), (5, 7)]], [[(0, 1), (0, 2), (0, 6), (2, 3), (4, 3), (4, 5), (4, 6), (5, 2), (5, 6), (6, 2), (7, 2), (7, 5), (7, 6)], [(0, 1), (0, 2), (0, 6), (2, 5), (3, 4), (4, 5), (4, 6), (5, 7), (6, 2), (6, 7)], [(0, 1), (0, 2), (0, 6), (2, 5), (2, 6), (3, 2), (3, 4), (4, 5), (4, 6), (5, 7), (7, 6)], [(0, 1), (2, 0), (0, 4), (5, 0), (6, 0), (0, 7), (2, 3), (2, 5), (6, 2), (2, 7), (4, 3), (5, 4), (6, 4), (4, 7), (5, 7), (6, 7)], [(0, 1), (0, 2), (0, 6), (2, 5), (6, 2), (4, 3), (4, 5), (4, 6), (5, 7), (6, 7)], [(0, 1), (0, 2), (0, 5), (0, 6), (2, 5), (3, 4), (4, 6), (6, 2), (6, 5), (7, 5), (7, 6)]], [[(0, 5), (1, 2), (2, 7), (3, 5), (3, 7), (6, 7)], [(0, 5), (2, 1), (2, 7), (3, 5), (3, 7), (6, 7)], [(0, 5), (1, 2), (2, 7), (3, 5), (3, 7), (6, 7)], [(0, 5), (2, 1), (2, 7), (3, 5), (3, 7), (6, 7)], [(0, 5), (2, 1), (2, 7), (3, 5), (3, 7), (6, 7)], [(0, 5), (2, 1), (2, 7), (3, 5), (3, 7), (6, 7)]], [[(0, 3), (0, 7), (2, 5), (2, 6), (3, 1), (3, 5), (4, 6), (7, 2), (7, 6)], [(0, 3), (0, 7), (1, 3), (2, 5), (2, 6), (2, 7), (3, 5), (4, 6), (7, 6)], [(0, 7), (1, 3), (2, 5), (2, 6), (3, 0), (3, 5), (4, 6), (7, 2), (7, 6)], [(0, 2), (0, 7), (3, 1), (2, 3), (5, 2), (2, 6), (2, 7), (5, 3), (4, 6), (7, 6)], [(0, 3), (7, 0), (3, 1), (2, 5), (2, 6), (7, 2), (3, 5), (4, 6), (7, 6)], [(0, 7), (1, 3), (2, 5), (2, 6), (3, 5), (4, 6), (7, 2), (7, 6)]], [[(0, 2), (0, 3), (1, 4), (4, 2), (4, 5), (5, 3), (6, 2), (6, 7), (7, 3), (7, 4)], [(0, 2), (0, 3), (1, 4), (2, 6), (3, 5), (3, 7), (4, 5), (4, 7), (7, 6)], [(0, 2), (0, 3), (1, 4), (4, 5), (5, 3), (6, 2), (6, 7), (7, 3), (7, 4)], [(0, 2), (0, 3), (1, 3), (1, 4), (4, 2), (6, 2), (4, 3), (5, 3), (7, 3), (4, 5), (7, 4), (7, 6)], [(0, 2), (0, 3), (1, 4), (6, 2), (5, 3), (7, 3), (4, 5), (7, 4), (7, 6)], [(0, 2), (0, 3), (1, 4), (4, 5), (5, 3), (6, 2), (6, 7), (7, 3), (7, 4)]], [[(0, 3), (0, 6), (1, 6), (2, 4), (3, 1), (3, 5), (3, 7), (5, 6), (6, 7)], [(0, 6), (1, 6), (3, 0), (4, 2), (5, 3), (5, 6), (6, 7)], [(0, 3), (0, 6), (2, 4), (3, 5), (5, 6), (6, 1), (6, 7)], [(3, 0), (0, 6), (3, 1), (1, 6), (4, 2), (5, 3), (3, 7), (5, 6), (6, 7)], [(3, 0), (0, 6), (6, 1), (4, 2), (5, 3), (5, 6), (6, 7)], [(0, 6), (1, 3), (1, 6), (3, 0), (3, 5), (3, 7), (4, 2), (5, 6), (6, 7)]], [[(0, 1), (0, 2), (0, 3), (0, 4), (0, 5), (0, 6), (0, 7), (1, 3), (2, 5), (3, 5), (3, 6), (4, 2), (4, 5), (4, 6), (6, 2), (6, 5), (6, 7), (7, 5)], [(0, 3), (0, 4), (0, 5), (1, 3), (2, 6), (3, 6), (4, 5), (4, 6), (5, 6), (7, 5)], [(0, 1), (0, 3), (0, 4), (0, 5), (1, 3), (2, 6), (3, 6), (4, 5), (4, 6), (5, 6), (7, 5)], [(0, 1), (0, 3), (4, 0), (5, 0), (3, 1), (4, 2), (5, 2), (6, 2), (7, 2), (3, 6), (7, 3), (5, 4), (4, 6), (7, 4), (5, 6), (7, 5), (7, 6)], [(0, 3), (4, 0), (5, 0), (1, 3), (2, 6), (3, 6), (4, 5), (4, 6), (5, 6), (7, 5)], [(0, 1), (2, 6), (2, 7), (3, 0), (3, 1), (4, 0), (4, 5), (4, 6), (4, 7), (5, 0), (5, 6), (5, 7), (6, 3)]], [[(0, 5), (2, 1), (4, 3), (5, 6), (6, 1), (6, 3), (6, 7), (7, 3), (7, 4)], [(1, 6), (2, 1), (3, 6), (4, 3), (5, 0), (6, 5), (7, 3), (7, 4)], [(0, 5), (2, 1), (3, 4), (3, 7), (4, 7), (5, 6), (6, 1), (6, 3), (6, 7)], [(5, 0), (2, 1), (6, 1), (4, 3), (6, 3), (7, 3), (7, 4), (6, 5), (7, 6)], [(5, 0), (2, 1), (6, 1), (3, 4), (3, 6), (7, 3), (7, 4), (6, 5)], [(2, 1), (4, 3), (5, 0), (6, 1), (6, 3), (6, 5), (7, 3), (7, 4), (7, 6)]], [[(0, 4), (1, 5), (2, 0), (2, 5), (3, 4), (5, 0), (5, 4), (5, 6), (6, 4)], [(0, 2), (0, 4), (1, 5), (2, 5), (3, 4), (5, 4), (5, 6), (6, 4)], [(0, 2), (0, 4), (1, 5), (2, 5), (3, 4), (5, 4), (5, 6), (6, 4)], [(0, 2), (0, 4), (2, 1), (5, 1), (5, 2), (3, 4), (5, 4), (6, 4), (6, 5)], [(2, 0), (0, 4), (1, 5), (2, 5), (3, 4), (5, 4), (6, 4), (5, 6)], [(0, 2), (0, 4), (2, 1), (3, 4), (5, 1), (5, 2), (5, 4), (6, 4), (6, 5)]], [[(0, 2), (1, 2), (1, 5), (4, 2), (4, 3), (5, 2), (5, 3), (5, 6)], [(0, 2), (1, 2), (1, 5), (2, 4), (2, 5), (3, 4), (3, 5), (5, 6)], [(0, 2), (1, 2), (3, 4), (3, 5), (4, 2), (5, 1), (5, 2), (5, 6)], [(0, 2), (1, 2), (5, 1), (4, 2), (5, 2), (4, 3), (5, 3), (6, 5)], [(0, 2), (1, 2), (5, 1), (4, 2), (5, 2), (4, 3), (5, 3), (6, 5)], [(0, 2), (1, 2), (1, 5), (4, 2), (4, 3), (5, 2), (5, 3), (5, 6)]], [[(1, 0), (1, 2), (1, 4), (1, 5), (1, 7), (2, 5), (2, 7), (3, 4), (3, 5), (3, 6), (4, 5), (4, 7), (5, 0), (5, 7), (6, 2), (6, 4), (6, 5), (7, 0)], [(0, 1), (0, 2), (0, 5), (1, 7), (2, 7), (3, 4), (3, 5), (4, 6), (5, 4), (5, 6), (6, 2)], [(0, 2), (1, 0), (1, 7), (2, 7), (3, 4), (3, 5), (4, 5), (4, 6), (4, 7), (5, 0), (5, 6), (6, 2)], [(1, 0), (0, 2), (4, 0), (0, 5), (0, 7), (1, 4), (1, 5), (1, 7), (4, 2), (2, 5), (2, 6), (2, 7), (3, 4), (3, 5), (4, 5), (4, 6), (4, 7), (5, 6), (7, 5)], [(1, 0), (0, 2), (5, 0), (1, 7), (6, 2), (2, 7), (4, 3), (5, 3), (5, 4), (6, 4), (6, 5)], [(1, 0), (2, 1), (2, 5), (2, 6), (4, 3), (4, 6), (5, 0), (5, 3), (5, 4), (5, 6), (7, 0), (7, 1), (7, 2), (7, 4)]], [[(0, 1), (1, 4), (1, 6), (1, 7), (2, 3), (2, 5), (2, 7), (3, 4), (3, 7), (5, 3), (5, 4), (5, 6), (6, 3), (6, 4), (6, 7), (7, 4)], [(1, 0), (1, 6), (1, 7), (2, 3), (3, 4), (3, 7), (4, 7), (5, 2), (5, 6), (7, 6)], [(0, 1), (1, 6), (1, 7), (2, 3), (2, 5), (3, 4), (5, 6), (7, 3), (7, 4), (7, 6)], [(1, 0), (1, 5), (1, 6), (1, 7), (3, 2), (2, 6), (7, 2), (4, 3), (7, 3), (4, 5), (4, 6), (4, 7), (6, 5), (7, 6)], [(1, 0), (1, 6), (1, 7), (3, 2), (2, 5), (4, 3), (7, 3), (4, 7), (5, 6), (7, 6)], [(1, 0), (1, 5), (1, 6), (1, 7), (2, 3), (2, 4), (2, 6), (4, 3), (4, 5), (4, 6), (4, 7), (6, 5), (7, 3), (7, 6)]], [[(1, 6), (3, 0), (4, 0), (4, 2), (4, 7), (6, 2), (6, 3), (7, 2)], [(3, 0), (4, 0), (4, 2), (6, 1), (6, 2), (7, 2), (7, 4)], [(0, 3), (0, 4), (1, 6), (4, 2), (4, 7), (6, 2), (7, 2)], [(3, 0), (4, 0), (6, 1), (4, 2), (6, 2), (7, 2), (6, 3), (7, 4)], [(3, 0), (4, 0), (6, 1), (4, 2), (6, 2), (7, 2), (7, 4)], [(3, 0), (4, 0), (4, 2), (4, 7), (6, 1), (6, 2), (7, 2)]], [[(1, 7)], [(7, 1)], [(1, 7)], [(7, 1)], [(7, 1)], [(1, 7)]], [[(0, 3), (0, 5), (0, 6), (1, 2), (6, 1), (6, 4), (7, 2)], [(0, 3), (0, 5), (1, 2), (6, 0), (6, 1), (6, 4), (7, 2)], [(0, 3), (0, 5), (1, 2), (1, 6), (6, 0), (6, 4), (7, 2)], [(0, 3), (0, 5), (6, 0), (1, 2), (6, 1), (7, 2), (6, 4)], [(0, 3), (0, 5), (6, 0), (1, 2), (6, 1), (7, 2), (6, 4)], [(0, 3), (0, 5), (1, 2), (4, 6), (6, 0), (6, 1), (7, 2)]], [[(0, 4), (3, 1), (3, 5), (3, 7), (4, 6), (4, 7), (5, 2), (6, 1), (7, 2)], [(3, 1), (3, 5), (3, 7), (4, 0), (4, 7), (5, 2), (6, 1), (6, 4), (7, 2)], [(0, 4), (2, 3), (2, 5), (2, 7), (3, 1), (3, 5), (3, 7), (4, 6), (4, 7), (6, 1)], [(0, 4), (6, 0), (0, 7), (1, 3), (1, 4), (5, 1), (6, 1), (1, 7), (5, 2), (7, 2), (4, 3), (5, 3), (6, 3), (7, 3), (5, 4), (6, 4), (7, 4), (5, 7)], [(4, 0), (3, 1), (6, 1), (2, 5), (2, 7), (3, 5), (3, 7), (4, 6), (4, 7)], [(3, 1), (3, 5), (3, 7), (4, 0), (4, 6), (4, 7), (5, 2), (6, 1), (7, 2)]], [[(0, 7), (1, 2), (1, 3), (1, 6), (2, 3), (4, 7), (5, 2), (5, 3), (6, 2), (6, 3)], [(0, 7), (1, 6), (2, 6), (3, 6), (4, 7), (5, 2), (5, 3)], [(0, 7), (1, 6), (2, 6), (3, 5), (3, 6), (4, 7), (5, 2)], [(2, 0), (0, 4), (7, 0), (1, 6), (5, 2), (2, 6), (5, 3), (3, 6), (7, 4)], [(0, 7), (1, 6), (5, 2), (2, 6), (5, 3), (3, 6), (4, 7)], [(0, 7), (1, 6), (2, 6), (3, 5), (3, 6), (4, 7), (5, 2)]], [[(0, 1), (0, 2), (0, 4), (0, 5), (0, 6), (0, 7), (1, 3), (1, 4), (1, 5), (1, 6), (2, 4), (2, 7), (4, 3), (4, 6), (4, 7), (5, 3), (6, 3), (6, 5), (7, 3), (7, 6)], [(0, 1), (0, 2), (0, 4), (3, 4), (3, 6), (4, 6), (5, 3), (5, 4), (5, 6), (6, 1), (7, 0), (7, 2), (7, 4)], [(0, 1), (0, 2), (0, 4), (0, 7), (3, 4), (3, 5), (3, 6), (5, 4), (5, 6), (6, 1), (6, 4), (7, 2), (7, 4)], [(0, 1), (0, 2), (0, 4), (7, 0), (1, 3), (1, 6), (7, 2), (4, 3), (5, 3), (6, 3), (7, 3), (5, 4), (4, 6), (7, 4), (5, 6), (7, 6)], [(0, 1), (0, 2), (0, 4), (7, 0), (1, 6), (7, 2), (3, 4), (5, 3), (3, 6), (5, 4), (4, 6), (7, 4), (5, 6)], [(0, 1), (0, 4), (0, 7), (1, 4), (2, 0), (2, 7), (3, 4), (3, 6), (5, 1), (5, 3), (5, 6), (6, 1), (6, 4), (7, 4)]], [[(0, 1), (0, 2), (0, 5), (1, 2), (1, 3), (1, 4), (1, 5), (2, 4), (3, 2), (3, 4), (5, 2), (5, 3), (6, 2), (6, 3), (6, 4), (6, 5), (7, 2), (7, 4), (7, 5)], [(0, 1), (0, 5), (2, 3), (2, 4), (2, 5), (4, 3), (5, 3), (6, 3), (6, 5), (7, 2)], [(0, 1), (2, 1), (2, 3), (2, 4), (2, 7), (3, 5), (4, 3), (5, 0), (6, 3), (6, 5)], [(0, 1), (3, 0), (5, 0), (6, 0), (7, 0), (2, 1), (3, 1), (1, 4), (5, 1), (6, 1), (7, 1), (3, 2), (2, 4), (6, 2), (7, 2), (3, 4), (5, 3), (6, 3), (6, 4), (7, 4), (5, 6), (7, 5)], [(0, 1), (0, 5), (2, 3), (2, 4), (5, 2), (2, 7), (4, 3), (5, 3), (6, 3), (6, 5)], [(0, 1), (0, 3), (0, 4), (0, 5), (1, 2), (1, 3), (1, 4), (2, 3), (2, 5), (4, 2), (4, 3), (5, 3), (6, 3), (6, 5), (7, 2), (7, 3), (7, 4)]], [[(2, 0), (2, 3), (2, 7), (3, 1), (4, 1), (5, 0), (5, 6), (6, 1), (6, 3), (7, 0), (7, 4), (7, 5), (7, 6)], [(1, 2), (1, 3), (2, 0), (2, 3), (2, 7), (3, 6), (4, 1), (4, 7), (5, 0), (5, 7), (6, 5), (6, 7)], [(0, 2), (1, 3), (1, 4), (3, 2), (4, 7), (5, 0), (6, 3), (6, 5), (7, 2), (7, 5), (7, 6)], [(0, 2), (4, 0), (0, 5), (0, 6), (0, 7), (3, 1), (4, 1), (6, 1), (3, 2), (4, 2), (2, 5), (2, 6), (2, 7), (3, 6), (4, 7), (6, 5), (7, 5), (6, 7)], [(0, 2), (5, 0), (2, 1), (3, 1), (4, 1), (3, 2), (7, 2), (3, 6), (7, 4), (6, 5), (7, 5), (7, 6)], [(0, 2), (2, 3), (3, 1), (4, 1), (5, 0), (5, 2), (5, 6), (6, 1), (6, 3), (7, 2), (7, 4), (7, 5), (7, 6)]], [[(0, 3), (1, 4), (1, 5), (2, 0), (2, 5), (2, 7), (4, 3), (4, 5), (4, 6), (6, 0), (6, 3)], [(0, 3), (0, 6), (1, 5), (2, 0), (2, 5), (3, 4), (3, 6), (4, 1), (4, 5), (4, 6), (7, 2)], [(0, 3), (1, 4), (1, 5), (2, 0), (2, 5), (2, 7), (4, 3), (4, 5), (4, 6), (6, 0), (6, 3)], [(2, 0), (0, 3), (6, 0), (4, 1), (1, 5), (2, 5), (7, 2), (4, 3), (6, 3), (4, 5), (6, 4)], [(2, 0), (0, 3), (6, 0), (4, 1), (1, 5), (2, 5), (7, 2), (4, 3), (6, 3), (4, 5), (6, 4)], [(0, 3), (1, 5), (2, 0), (2, 5), (2, 7), (4, 1), (4, 3), (4, 5), (4, 6), (6, 0), (6, 3)]], [[(0, 1), (0, 2), (3, 1), (3, 5), (3, 7), (5, 4), (6, 7), (7, 5)], [(0, 1), (0, 2), (1, 3), (3, 7), (5, 3), (5, 4), (6, 7)], [(0, 1), (0, 2), (3, 1), (3, 7), (4, 5), (5, 3), (6, 7)], [(0, 1), (2, 0), (3, 1), (5, 3), (3, 6), (7, 3), (5, 4), (7, 6)], [(0, 1), (2, 0), (3, 1), (3, 5), (3, 7), (5, 4), (6, 7)], [(0, 1), (2, 0), (3, 1), (3, 6), (5, 3), (5, 4), (7, 3), (7, 6)]]]

